% time	cellId	IMSI	frame	sframe	RNTI	mcs	size
1.05	1	3	106	1	1	28	3062
1.05	1	1	106	1	2	28	3062
1.05	1	2	106	1	3	28	3062
1.147	1	3	115	8	1	28	3062
1.147	1	1	115	8	2	28	3062
1.147	1	2	115	8	3	28	3062
1.244	1	3	125	5	1	28	3062
1.244	1	1	125	5	2	28	3062
1.244	1	2	125	5	3	28	3062
1.341	1	3	135	2	1	28	3062
1.341	1	1	135	2	2	28	3062
1.341	1	2	135	2	3	28	3062
1.438	1	3	144	9	1	28	3062
1.438	1	1	144	9	2	28	3062
1.438	1	2	144	9	3	28	3062
1.439	1	3	144	10	1	28	3062
1.439	1	1	144	10	2	28	3062
1.439	1	2	144	10	3	28	3062
1.535	1	3	154	6	1	28	3062
1.535	1	1	154	6	2	28	3062
1.535	1	2	154	6	3	28	3062
1.536	1	3	154	7	1	28	3062
1.536	1	1	154	7	2	28	3062
1.536	1	2	154	7	3	28	3062
1.537	1	3	154	8	1	28	3062
1.537	1	1	154	8	2	28	3062
1.537	1	2	154	8	3	28	3062
1.632	1	3	164	3	1	28	3062
1.632	1	1	164	3	2	28	3062
1.632	1	2	164	3	3	28	3062
1.633	1	3	164	4	1	28	3062
1.633	1	1	164	4	2	28	3062
1.633	1	2	164	4	3	28	3062
1.634	1	3	164	5	1	28	3062
1.634	1	1	164	5	2	28	3062
1.634	1	2	164	5	3	28	3062
1.635	1	3	164	6	1	28	3062
1.635	1	1	164	6	2	28	3062
1.635	1	2	164	6	3	28	3062
1.729	1	3	173	10	1	28	3062
1.729	1	1	173	10	2	28	3062
1.729	1	2	173	10	3	28	3062
1.73	1	3	174	1	1	28	3062
1.73	1	1	174	1	2	28	3062
1.73	1	2	174	1	3	28	3062
1.731	1	3	174	2	1	28	3062
1.731	1	1	174	2	2	28	3062
1.731	1	2	174	2	3	28	3062
1.732	1	3	174	3	1	28	3062
1.732	1	1	174	3	2	28	3062
1.732	1	2	174	3	3	28	3062
1.733	1	3	174	4	1	28	3062
1.733	1	1	174	4	2	28	3062
1.733	1	2	174	4	3	28	3062
1.734	1	3	174	5	1	28	3062
1.734	1	1	174	5	2	28	3062
1.734	1	2	174	5	3	28	3062
1.826	1	3	183	7	1	28	3062
1.826	1	1	183	7	2	28	3062
1.826	1	2	183	7	3	28	3062
1.827	1	3	183	8	1	28	3062
1.827	1	1	183	8	2	28	3062
1.827	1	2	183	8	3	28	3062
1.828	1	3	183	9	1	28	3062
1.828	1	1	183	9	2	28	3062
1.828	1	2	183	9	3	28	3062
1.829	1	3	183	10	1	28	3062
1.829	1	1	183	10	2	28	3062
1.829	1	2	183	10	3	28	3062
1.83	1	3	184	1	1	28	3062
1.83	1	1	184	1	2	28	3062
1.83	1	2	184	1	3	28	3062
1.831	1	3	184	2	1	28	3062
1.831	1	1	184	2	2	28	3062
1.831	1	2	184	2	3	28	3062
1.832	1	3	184	3	1	28	3062
1.832	1	1	184	3	2	28	3062
1.832	1	2	184	3	3	28	3062
1.833	1	3	184	4	1	28	3062
1.833	1	1	184	4	2	28	3062
1.833	1	2	184	4	3	28	3062
1.834	1	3	184	5	1	28	3062
1.834	1	1	184	5	2	28	3062
1.834	1	2	184	5	3	28	3062
1.923	1	3	193	4	1	28	3062
1.923	1	1	193	4	2	28	3062
1.923	1	2	193	4	3	28	3062
1.924	1	3	193	5	1	28	3062
1.924	1	1	193	5	2	28	3062
1.924	1	2	193	5	3	28	3062
1.925	1	3	193	6	1	28	3062
1.925	1	1	193	6	2	28	3062
1.925	1	2	193	6	3	28	3062
1.926	1	3	193	7	1	28	3062
1.926	1	1	193	7	2	28	3062
1.926	1	2	193	7	3	28	3062
1.927	1	3	193	8	1	28	3062
1.927	1	1	193	8	2	28	3062
1.927	1	2	193	8	3	28	3062
1.928	1	3	193	9	1	28	3062
1.928	1	1	193	9	2	28	3062
1.928	1	2	193	9	3	28	3062
1.929	1	3	193	10	1	28	3062
1.929	1	1	193	10	2	28	3062
1.929	1	2	193	10	3	28	3062
1.93	1	3	194	1	1	28	3062
1.93	1	1	194	1	2	28	3062
1.93	1	2	194	1	3	28	3062
1.931	1	3	194	2	1	28	3062
1.931	1	1	194	2	2	28	3062
1.931	1	2	194	2	3	28	3062
1.932	1	3	194	3	1	28	3062
1.932	1	1	194	3	2	28	3062
1.932	1	2	194	3	3	28	3062
1.933	1	3	194	4	1	28	3062
1.933	1	1	194	4	2	28	3062
1.933	1	2	194	4	3	28	3062
1.934	1	3	194	5	1	28	3062
1.934	1	1	194	5	2	28	3062
1.934	1	2	194	5	3	28	3062
1.935	1	3	194	6	1	28	3062
1.935	1	1	194	6	2	28	3062
1.935	1	2	194	6	3	28	3062
1.936	1	3	194	7	1	28	3062
1.936	1	1	194	7	2	28	3062
1.936	1	2	194	7	3	28	3062
2.02	1	3	203	1	1	28	3062
2.02	1	1	203	1	2	28	3062
2.02	1	2	203	1	3	28	3062
2.021	1	3	203	2	1	28	3062
2.021	1	1	203	2	2	28	3062
2.021	1	2	203	2	3	28	3062
2.022	1	3	203	3	1	28	3062
2.022	1	1	203	3	2	28	3062
2.022	1	2	203	3	3	28	3062
2.023	1	3	203	4	1	28	3062
2.023	1	1	203	4	2	28	3062
2.023	1	2	203	4	3	28	3062
2.024	1	3	203	5	1	28	3062
2.024	1	1	203	5	2	28	3062
2.024	1	2	203	5	3	28	3062
2.025	1	3	203	6	1	28	3062
2.025	1	1	203	6	2	28	3062
2.025	1	2	203	6	3	28	3062
2.026	1	3	203	7	1	28	3062
2.026	1	1	203	7	2	28	3062
2.026	1	2	203	7	3	28	3062
2.027	1	3	203	8	1	28	3062
2.027	1	1	203	8	2	28	3062
2.027	1	2	203	8	3	28	3062
2.028	1	3	203	9	1	28	3062
2.028	1	1	203	9	2	28	3062
2.028	1	2	203	9	3	28	3062
2.029	1	3	203	10	1	28	3062
2.029	1	1	203	10	2	28	3062
2.029	1	2	203	10	3	28	3062
2.03	1	3	204	1	1	28	3062
2.03	1	1	204	1	2	28	3062
2.03	1	2	204	1	3	28	3062
2.031	1	3	204	2	1	28	3062
2.031	1	1	204	2	2	28	3062
2.031	1	2	204	2	3	28	3062
2.032	1	3	204	3	1	28	3062
2.032	1	1	204	3	2	28	3062
2.032	1	2	204	3	3	28	3062
2.033	1	3	204	4	1	28	3062
2.033	1	1	204	4	2	28	3062
2.033	1	2	204	4	3	28	3062
2.034	1	3	204	5	1	28	3062
2.034	1	1	204	5	2	28	3062
2.034	1	2	204	5	3	28	3062
2.035	1	3	204	6	1	28	3062
2.035	1	1	204	6	2	28	3062
2.035	1	2	204	6	3	28	3062
2.036	1	3	204	7	1	28	3062
2.036	1	1	204	7	2	28	3062
2.036	1	2	204	7	3	28	3062
2.037	1	3	204	8	1	28	3062
2.037	1	1	204	8	2	28	3062
2.037	1	2	204	8	3	28	3062
2.038	1	3	204	9	1	28	3062
2.038	1	1	204	9	2	28	3062
2.038	1	2	204	9	3	28	3062
2.039	1	3	204	10	1	28	3062
2.039	1	1	204	10	2	28	3062
2.039	1	2	204	10	3	28	3062
2.04	1	3	205	1	1	28	3062
2.04	1	1	205	1	2	28	3062
2.04	1	2	205	1	3	28	3062
2.117	1	3	212	8	1	28	3062
2.117	1	1	212	8	2	28	3062
2.117	1	2	212	8	3	28	3062
2.118	1	3	212	9	1	28	3062
2.118	1	1	212	9	2	28	3062
2.118	1	2	212	9	3	28	3062
2.119	1	3	212	10	1	28	3062
2.119	1	1	212	10	2	28	3062
2.119	1	2	212	10	3	28	3062
2.12	1	3	213	1	1	28	3062
2.12	1	1	213	1	2	28	3062
2.12	1	2	213	1	3	28	3062
2.121	1	3	213	2	1	28	3062
2.121	1	1	213	2	2	28	3062
2.121	1	2	213	2	3	28	3062
2.122	1	3	213	3	1	28	3062
2.122	1	1	213	3	2	28	3062
2.122	1	2	213	3	3	28	3062
2.123	1	3	213	4	1	28	3062
2.123	1	1	213	4	2	28	3062
2.123	1	2	213	4	3	28	3062
2.124	1	3	213	5	1	28	3062
2.124	1	1	213	5	2	28	3062
2.124	1	2	213	5	3	28	3062
2.125	1	3	213	6	1	28	3062
2.125	1	1	213	6	2	28	3062
2.125	1	2	213	6	3	28	3062
2.126	1	3	213	7	1	28	3062
2.126	1	1	213	7	2	28	3062
2.126	1	2	213	7	3	28	3062
2.127	1	3	213	8	1	28	3062
2.127	1	1	213	8	2	28	3062
2.127	1	2	213	8	3	28	3062
2.128	1	3	213	9	1	28	3062
2.128	1	1	213	9	2	28	3062
2.128	1	2	213	9	3	28	3062
2.129	1	3	213	10	1	28	3062
2.129	1	1	213	10	2	28	3062
2.129	1	2	213	10	3	28	3062
2.13	1	3	214	1	1	28	3062
2.13	1	1	214	1	2	28	3062
2.13	1	2	214	1	3	28	3062
2.131	1	3	214	2	1	28	3062
2.131	1	1	214	2	2	28	3062
2.131	1	2	214	2	3	28	3062
2.132	1	3	214	3	1	28	3062
2.132	1	1	214	3	2	28	3062
2.132	1	2	214	3	3	28	3062
2.133	1	3	214	4	1	28	3062
2.133	1	1	214	4	2	28	3062
2.133	1	2	214	4	3	28	3062
2.134	1	3	214	5	1	28	3062
2.134	1	1	214	5	2	28	3062
2.134	1	2	214	5	3	28	3062
2.135	1	3	214	6	1	28	3062
2.135	1	1	214	6	2	28	3062
2.135	1	2	214	6	3	28	3062
2.136	1	3	214	7	1	28	3062
2.136	1	1	214	7	2	28	3062
2.136	1	2	214	7	3	28	3062
2.137	1	3	214	8	1	28	3062
2.137	1	1	214	8	2	28	3062
2.137	1	2	214	8	3	28	3062
2.138	1	3	214	9	1	28	3062
2.138	1	1	214	9	2	28	3062
2.138	1	2	214	9	3	28	3062
2.214	1	3	222	5	1	28	3062
2.214	1	1	222	5	2	28	3062
2.214	1	2	222	5	3	28	3062
2.215	1	3	222	6	1	28	3062
2.215	1	1	222	6	2	28	3062
2.215	1	2	222	6	3	28	3062
2.216	1	3	222	7	1	28	3062
2.216	1	1	222	7	2	28	3062
2.216	1	2	222	7	3	28	3062
2.217	1	3	222	8	1	28	3062
2.217	1	1	222	8	2	28	3062
2.217	1	2	222	8	3	28	3062
2.218	1	3	222	9	1	28	3062
2.218	1	1	222	9	2	28	3062
2.218	1	2	222	9	3	28	3062
2.219	1	3	222	10	1	28	3062
2.219	1	1	222	10	2	28	3062
2.219	1	2	222	10	3	28	3062
2.22	1	3	223	1	1	28	3062
2.22	1	1	223	1	2	28	3062
2.22	1	2	223	1	3	28	3062
2.221	1	3	223	2	1	28	3062
2.221	1	1	223	2	2	28	3062
2.221	1	2	223	2	3	28	3062
2.222	1	3	223	3	1	28	3062
2.222	1	1	223	3	2	28	3062
2.222	1	2	223	3	3	28	3062
2.223	1	3	223	4	1	28	3062
2.223	1	1	223	4	2	28	3062
2.223	1	2	223	4	3	28	3062
2.224	1	3	223	5	1	28	3062
2.224	1	1	223	5	2	28	3062
2.224	1	2	223	5	3	28	3062
2.225	1	3	223	6	1	28	3062
2.225	1	1	223	6	2	28	3062
2.225	1	2	223	6	3	28	3062
2.226	1	3	223	7	1	28	3062
2.226	1	1	223	7	2	28	3062
2.226	1	2	223	7	3	28	3062
2.227	1	3	223	8	1	28	3062
2.227	1	1	223	8	2	28	3062
2.227	1	2	223	8	3	28	3062
2.228	1	3	223	9	1	28	3062
2.228	1	1	223	9	2	28	3062
2.228	1	2	223	9	3	28	3062
2.229	1	3	223	10	1	28	3062
2.229	1	1	223	10	2	28	3062
2.229	1	2	223	10	3	28	3062
2.23	1	3	224	1	1	28	3062
2.23	1	1	224	1	2	28	3062
2.23	1	2	224	1	3	28	3062
2.231	1	3	224	2	1	28	3062
2.231	1	1	224	2	2	28	3062
2.231	1	2	224	2	3	28	3062
2.232	1	3	224	3	1	28	3062
2.232	1	1	224	3	2	28	3062
2.232	1	2	224	3	3	28	3062
2.233	1	3	224	4	1	28	3062
2.233	1	1	224	4	2	28	3062
2.233	1	2	224	4	3	28	3062
2.234	1	3	224	5	1	28	3062
2.234	1	1	224	5	2	28	3062
2.234	1	2	224	5	3	28	3062
2.235	1	3	224	6	1	28	3062
2.235	1	1	224	6	2	28	3062
2.235	1	2	224	6	3	28	3062
2.311	1	3	232	2	1	28	3062
2.311	1	1	232	2	2	28	3062
2.311	1	2	232	2	3	28	3062
2.312	1	3	232	3	1	28	3062
2.312	1	1	232	3	2	28	3062
2.312	1	2	232	3	3	28	3062
2.313	1	3	232	4	1	28	3062
2.313	1	1	232	4	2	28	3062
2.313	1	2	232	4	3	28	3062
2.314	1	3	232	5	1	28	3062
2.314	1	1	232	5	2	28	3062
2.314	1	2	232	5	3	28	3062
2.315	1	3	232	6	1	28	3062
2.315	1	1	232	6	2	28	3062
2.315	1	2	232	6	3	28	3062
2.316	1	3	232	7	1	28	3062
2.316	1	1	232	7	2	28	3062
2.316	1	2	232	7	3	28	3062
2.317	1	3	232	8	1	28	3062
2.317	1	1	232	8	2	28	3062
2.317	1	2	232	8	3	28	3062
2.318	1	3	232	9	1	28	3062
2.318	1	1	232	9	2	28	3062
2.318	1	2	232	9	3	28	3062
2.319	1	3	232	10	1	28	3062
2.319	1	1	232	10	2	28	3062
2.319	1	2	232	10	3	28	3062
2.32	1	3	233	1	1	28	3062
2.32	1	1	233	1	2	28	3062
2.32	1	2	233	1	3	28	3062
2.321	1	3	233	2	1	28	3062
2.321	1	1	233	2	2	28	3062
2.321	1	2	233	2	3	28	3062
2.322	1	3	233	3	1	28	3062
2.322	1	1	233	3	2	28	3062
2.322	1	2	233	3	3	28	3062
2.323	1	3	233	4	1	28	3062
2.323	1	1	233	4	2	28	3062
2.323	1	2	233	4	3	28	3062
2.324	1	3	233	5	1	28	3062
2.324	1	1	233	5	2	28	3062
2.324	1	2	233	5	3	28	3062
2.325	1	3	233	6	1	28	3062
2.325	1	1	233	6	2	28	3062
2.325	1	2	233	6	3	28	3062
2.326	1	3	233	7	1	28	3062
2.326	1	1	233	7	2	28	3062
2.326	1	2	233	7	3	28	3062
2.327	1	3	233	8	1	28	3062
2.327	1	1	233	8	2	28	3062
2.327	1	2	233	8	3	28	3062
2.328	1	3	233	9	1	28	3062
2.328	1	1	233	9	2	28	3062
2.328	1	2	233	9	3	28	3062
2.329	1	3	233	10	1	28	3062
2.329	1	1	233	10	2	28	3062
2.329	1	2	233	10	3	28	3062
2.33	1	3	234	1	1	28	3062
2.33	1	1	234	1	2	28	3062
2.33	1	2	234	1	3	28	3062
2.331	1	3	234	2	1	28	3062
2.331	1	1	234	2	2	28	3062
2.331	1	2	234	2	3	28	3062
2.332	1	3	234	3	1	28	3062
2.332	1	1	234	3	2	28	3062
2.332	1	2	234	3	3	28	3062
2.408	1	3	241	9	1	28	3062
2.408	1	1	241	9	2	28	3062
2.408	1	2	241	9	3	28	3062
2.409	1	3	241	10	1	28	3062
2.409	1	1	241	10	2	28	3062
2.409	1	2	241	10	3	28	3062
2.41	1	3	242	1	1	28	3062
2.41	1	1	242	1	2	28	3062
2.41	1	2	242	1	3	28	3062
2.411	1	3	242	2	1	28	3062
2.411	1	1	242	2	2	28	3062
2.411	1	2	242	2	3	28	3062
2.412	1	3	242	3	1	28	3062
2.412	1	1	242	3	2	28	3062
2.412	1	2	242	3	3	28	3062
2.413	1	3	242	4	1	28	3062
2.413	1	1	242	4	2	28	3062
2.413	1	2	242	4	3	28	3062
2.414	1	3	242	5	1	28	3062
2.414	1	1	242	5	2	28	3062
2.414	1	2	242	5	3	28	3062
2.415	1	3	242	6	1	28	3062
2.415	1	1	242	6	2	28	3062
2.415	1	2	242	6	3	28	3062
2.416	1	3	242	7	1	28	3062
2.416	1	1	242	7	2	28	3062
2.416	1	2	242	7	3	28	3062
2.417	1	3	242	8	1	28	3062
2.417	1	1	242	8	2	28	3062
2.417	1	2	242	8	3	28	3062
2.418	1	3	242	9	1	28	3062
2.418	1	1	242	9	2	28	3062
2.418	1	2	242	9	3	28	3062
2.419	1	3	242	10	1	28	3062
2.419	1	1	242	10	2	28	3062
2.419	1	2	242	10	3	28	3062
2.42	1	3	243	1	1	28	3062
2.42	1	1	243	1	2	28	3062
2.42	1	2	243	1	3	28	3062
2.421	1	3	243	2	1	28	3062
2.421	1	1	243	2	2	28	3062
2.421	1	2	243	2	3	28	3062
2.422	1	3	243	3	1	28	3062
2.422	1	1	243	3	2	28	3062
2.422	1	2	243	3	3	28	3062
2.423	1	3	243	4	1	28	3062
2.423	1	1	243	4	2	28	3062
2.423	1	2	243	4	3	28	3062
2.424	1	3	243	5	1	28	3062
2.424	1	1	243	5	2	28	3062
2.424	1	2	243	5	3	28	3062
2.425	1	3	243	6	1	28	3062
2.425	1	1	243	6	2	28	3062
2.425	1	2	243	6	3	28	3062
2.426	1	3	243	7	1	28	3062
2.426	1	1	243	7	2	28	3062
2.426	1	2	243	7	3	28	3062
2.427	1	3	243	8	1	28	3062
2.427	1	1	243	8	2	28	3062
2.427	1	2	243	8	3	28	3062
2.428	1	3	243	9	1	28	3062
2.428	1	1	243	9	2	28	3062
2.428	1	2	243	9	3	28	3062
2.429	1	3	243	10	1	28	3062
2.429	1	1	243	10	2	28	3062
2.429	1	2	243	10	3	28	3062
2.505	1	3	251	6	1	28	3062
2.505	1	1	251	6	2	28	3062
2.505	1	2	251	6	3	28	3062
2.506	1	3	251	7	1	28	3062
2.506	1	1	251	7	2	28	3062
2.506	1	2	251	7	3	28	3062
2.507	1	3	251	8	1	28	3062
2.507	1	1	251	8	2	28	3062
2.507	1	2	251	8	3	28	3062
2.508	1	3	251	9	1	28	3062
2.508	1	1	251	9	2	28	3062
2.508	1	2	251	9	3	28	3062
2.509	1	3	251	10	1	28	3062
2.509	1	1	251	10	2	28	3062
2.509	1	2	251	10	3	28	3062
2.51	1	3	252	1	1	28	3062
2.51	1	1	252	1	2	28	3062
2.51	1	2	252	1	3	28	3062
2.511	1	3	252	2	1	28	3062
2.511	1	1	252	2	2	28	3062
2.511	1	2	252	2	3	28	3062
2.512	1	3	252	3	1	28	3062
2.512	1	1	252	3	2	28	3062
2.512	1	2	252	3	3	28	3062
2.513	1	3	252	4	1	28	3062
2.513	1	1	252	4	2	28	3062
2.513	1	2	252	4	3	28	3062
2.514	1	3	252	5	1	28	3062
2.514	1	1	252	5	2	28	3062
2.514	1	2	252	5	3	28	3062
2.515	1	3	252	6	1	28	3062
2.515	1	1	252	6	2	28	3062
2.515	1	2	252	6	3	28	3062
2.516	1	3	252	7	1	28	3062
2.516	1	1	252	7	2	28	3062
2.516	1	2	252	7	3	28	3062
2.517	1	3	252	8	1	28	3062
2.517	1	1	252	8	2	28	3062
2.517	1	2	252	8	3	28	3062
2.518	1	3	252	9	1	28	3062
2.518	1	1	252	9	2	28	3062
2.518	1	2	252	9	3	28	3062
2.519	1	3	252	10	1	28	3062
2.519	1	1	252	10	2	28	3062
2.519	1	2	252	10	3	28	3062
2.52	1	3	253	1	1	28	3062
2.52	1	1	253	1	2	28	3062
2.52	1	2	253	1	3	28	3062
2.521	1	3	253	2	1	28	3062
2.521	1	1	253	2	2	28	3062
2.521	1	2	253	2	3	28	3062
2.522	1	3	253	3	1	28	3062
2.522	1	1	253	3	2	28	3062
2.522	1	2	253	3	3	28	3062
2.523	1	3	253	4	1	28	3062
2.523	1	1	253	4	2	28	3062
2.523	1	2	253	4	3	28	3062
2.524	1	3	253	5	1	28	3062
2.524	1	1	253	5	2	28	3062
2.524	1	2	253	5	3	28	3062
2.525	1	3	253	6	1	28	3062
2.525	1	1	253	6	2	28	3062
2.525	1	2	253	6	3	28	3062
2.526	1	3	253	7	1	28	3062
2.526	1	1	253	7	2	28	3062
2.526	1	2	253	7	3	28	3062
2.602	1	3	261	3	1	28	3062
2.602	1	1	261	3	2	28	3062
2.602	1	2	261	3	3	28	3062
2.603	1	3	261	4	1	28	3062
2.603	1	1	261	4	2	28	3062
2.603	1	2	261	4	3	28	3062
2.604	1	3	261	5	1	28	3062
2.604	1	1	261	5	2	28	3062
2.604	1	2	261	5	3	28	3062
2.605	1	3	261	6	1	28	3062
2.605	1	1	261	6	2	28	3062
2.605	1	2	261	6	3	28	3062
2.606	1	3	261	7	1	28	3062
2.606	1	1	261	7	2	28	3062
2.606	1	2	261	7	3	28	3062
2.607	1	3	261	8	1	28	3062
2.607	1	1	261	8	2	28	3062
2.607	1	2	261	8	3	28	3062
2.608	1	3	261	9	1	28	3062
2.608	1	1	261	9	2	28	3062
2.608	1	2	261	9	3	28	3062
2.609	1	3	261	10	1	28	3062
2.609	1	1	261	10	2	28	3062
2.609	1	2	261	10	3	28	3062
2.61	1	3	262	1	1	28	3062
2.61	1	1	262	1	2	28	3062
2.61	1	2	262	1	3	28	3062
2.611	1	3	262	2	1	28	3062
2.611	1	1	262	2	2	28	3062
2.611	1	2	262	2	3	28	3062
2.612	1	3	262	3	1	28	3062
2.612	1	1	262	3	2	28	3062
2.612	1	2	262	3	3	28	3062
2.613	1	3	262	4	1	28	3062
2.613	1	1	262	4	2	28	3062
2.613	1	2	262	4	3	28	3062
2.614	1	3	262	5	1	28	3062
2.614	1	1	262	5	2	28	3062
2.614	1	2	262	5	3	28	3062
2.615	1	3	262	6	1	28	3062
2.615	1	1	262	6	2	28	3062
2.615	1	2	262	6	3	28	3062
2.616	1	3	262	7	1	28	3062
2.616	1	1	262	7	2	28	3062
2.616	1	2	262	7	3	28	3062
2.617	1	3	262	8	1	28	3062
2.617	1	1	262	8	2	28	3062
2.617	1	2	262	8	3	28	3062
2.618	1	3	262	9	1	28	3062
2.618	1	1	262	9	2	28	3062
2.618	1	2	262	9	3	28	3062
2.619	1	3	262	10	1	28	3062
2.619	1	1	262	10	2	28	3062
2.619	1	2	262	10	3	28	3062
2.62	1	3	263	1	1	28	3062
2.62	1	1	263	1	2	28	3062
2.62	1	2	263	1	3	28	3062
2.621	1	3	263	2	1	28	3062
2.621	1	1	263	2	2	28	3062
2.621	1	2	263	2	3	28	3062
2.622	1	3	263	3	1	28	3062
2.622	1	1	263	3	2	28	3062
2.622	1	2	263	3	3	28	3062
2.623	1	3	263	4	1	28	3062
2.623	1	1	263	4	2	28	3062
2.623	1	2	263	4	3	28	3062
2.699	1	3	270	10	1	28	3062
2.699	1	1	270	10	2	28	3062
2.699	1	2	270	10	3	28	3062
2.7	1	3	271	1	1	28	3062
2.7	1	1	271	1	2	28	3062
2.7	1	2	271	1	3	28	3062
2.701	1	3	271	2	1	28	3062
2.701	1	1	271	2	2	28	3062
2.701	1	2	271	2	3	28	3062
2.702	1	3	271	3	1	28	3062
2.702	1	1	271	3	2	28	3062
2.702	1	2	271	3	3	28	3062
2.703	1	3	271	4	1	28	3062
2.703	1	1	271	4	2	28	3062
2.703	1	2	271	4	3	28	3062
2.704	1	3	271	5	1	28	3062
2.704	1	1	271	5	2	28	3062
2.704	1	2	271	5	3	28	3062
2.705	1	3	271	6	1	28	3062
2.705	1	1	271	6	2	28	3062
2.705	1	2	271	6	3	28	3062
2.706	1	3	271	7	1	28	3062
2.706	1	1	271	7	2	28	3062
2.706	1	2	271	7	3	28	3062
2.707	1	3	271	8	1	28	3062
2.707	1	1	271	8	2	28	3062
2.707	1	2	271	8	3	28	3062
2.708	1	3	271	9	1	28	3062
2.708	1	1	271	9	2	28	3062
2.708	1	2	271	9	3	28	3062
2.709	1	3	271	10	1	28	3062
2.709	1	1	271	10	2	28	3062
2.709	1	2	271	10	3	28	3062
2.71	1	3	272	1	1	28	3062
2.71	1	1	272	1	2	28	3062
2.71	1	2	272	1	3	28	3062
2.711	1	3	272	2	1	28	3062
2.711	1	1	272	2	2	28	3062
2.711	1	2	272	2	3	28	3062
2.712	1	3	272	3	1	28	3062
2.712	1	1	272	3	2	28	3062
2.712	1	2	272	3	3	28	3062
2.713	1	3	272	4	1	28	3062
2.713	1	1	272	4	2	28	3062
2.713	1	2	272	4	3	28	3062
2.714	1	3	272	5	1	28	3062
2.714	1	1	272	5	2	28	3062
2.714	1	2	272	5	3	28	3062
2.715	1	3	272	6	1	28	3062
2.715	1	1	272	6	2	28	3062
2.715	1	2	272	6	3	28	3062
2.716	1	3	272	7	1	28	3062
2.716	1	1	272	7	2	28	3062
2.716	1	2	272	7	3	28	3062
2.717	1	3	272	8	1	28	3062
2.717	1	1	272	8	2	28	3062
2.717	1	2	272	8	3	28	3062
2.718	1	3	272	9	1	28	3062
2.718	1	1	272	9	2	28	3062
2.718	1	2	272	9	3	28	3062
2.719	1	3	272	10	1	28	3062
2.719	1	1	272	10	2	28	3062
2.719	1	2	272	10	3	28	3062
2.72	1	3	273	1	1	28	3062
2.72	1	1	273	1	2	28	3062
2.72	1	2	273	1	3	28	3062
2.796	1	3	280	7	1	28	3062
2.796	1	1	280	7	2	28	3062
2.796	1	2	280	7	3	28	3062
2.797	1	3	280	8	1	28	3062
2.797	1	1	280	8	2	28	3062
2.797	1	2	280	8	3	28	3062
2.798	1	3	280	9	1	28	3062
2.798	1	1	280	9	2	28	3062
2.798	1	2	280	9	3	28	3062
2.799	1	3	280	10	1	28	3062
2.799	1	1	280	10	2	28	3062
2.799	1	2	280	10	3	28	3062
2.8	1	3	281	1	1	28	3062
2.8	1	1	281	1	2	28	3062
2.8	1	2	281	1	3	28	3062
2.801	1	3	281	2	1	28	3062
2.801	1	1	281	2	2	28	3062
2.801	1	2	281	2	3	28	3062
2.802	1	3	281	3	1	28	3062
2.802	1	1	281	3	2	28	3062
2.802	1	2	281	3	3	28	3062
2.803	1	3	281	4	1	28	3062
2.803	1	1	281	4	2	28	3062
2.803	1	2	281	4	3	28	3062
2.804	1	3	281	5	1	28	3062
2.804	1	1	281	5	2	28	3062
2.804	1	2	281	5	3	28	3062
2.805	1	3	281	6	1	28	3062
2.805	1	1	281	6	2	28	3062
2.805	1	2	281	6	3	28	3062
2.806	1	3	281	7	1	28	3062
2.806	1	1	281	7	2	28	3062
2.806	1	2	281	7	3	28	3062
2.807	1	3	281	8	1	28	3062
2.807	1	1	281	8	2	28	3062
2.807	1	2	281	8	3	28	3062
2.808	1	3	281	9	1	28	3062
2.808	1	1	281	9	2	28	3062
2.808	1	2	281	9	3	28	3062
2.809	1	3	281	10	1	28	3062
2.809	1	1	281	10	2	28	3062
2.809	1	2	281	10	3	28	3062
2.81	1	3	282	1	1	28	3062
2.81	1	1	282	1	2	28	3062
2.81	1	2	282	1	3	28	3062
2.811	1	3	282	2	1	28	3062
2.811	1	1	282	2	2	28	3062
2.811	1	2	282	2	3	28	3062
2.812	1	3	282	3	1	28	3062
2.812	1	1	282	3	2	28	3062
2.812	1	2	282	3	3	28	3062
2.813	1	3	282	4	1	28	3062
2.813	1	1	282	4	2	28	3062
2.813	1	2	282	4	3	28	3062
2.814	1	3	282	5	1	28	3062
2.814	1	1	282	5	2	28	3062
2.814	1	2	282	5	3	28	3062
2.815	1	3	282	6	1	28	3062
2.815	1	1	282	6	2	28	3062
2.815	1	2	282	6	3	28	3062
2.816	1	3	282	7	1	28	3062
2.816	1	1	282	7	2	28	3062
2.816	1	2	282	7	3	28	3062
2.817	1	3	282	8	1	28	3062
2.817	1	1	282	8	2	28	3062
2.817	1	2	282	8	3	28	3062
2.893	1	3	290	4	1	28	3062
2.893	1	1	290	4	2	28	3062
2.893	1	2	290	4	3	28	3062
2.894	1	3	290	5	1	28	3062
2.894	1	1	290	5	2	28	3062
2.894	1	2	290	5	3	28	3062
2.895	1	3	290	6	1	28	3062
2.895	1	1	290	6	2	28	3062
2.895	1	2	290	6	3	28	3062
2.896	1	3	290	7	1	28	3062
2.896	1	1	290	7	2	28	3062
2.896	1	2	290	7	3	28	3062
2.897	1	3	290	8	1	28	3062
2.897	1	1	290	8	2	28	3062
2.897	1	2	290	8	3	28	3062
2.898	1	3	290	9	1	28	3062
2.898	1	1	290	9	2	28	3062
2.898	1	2	290	9	3	28	3062
2.899	1	3	290	10	1	28	3062
2.899	1	1	290	10	2	28	3062
2.899	1	2	290	10	3	28	3062
2.9	1	3	291	1	1	28	3062
2.9	1	1	291	1	2	28	3062
2.9	1	2	291	1	3	28	3062
2.901	1	3	291	2	1	28	3062
2.901	1	1	291	2	2	28	3062
2.901	1	2	291	2	3	28	3062
2.902	1	3	291	3	1	28	3062
2.902	1	1	291	3	2	28	3062
2.902	1	2	291	3	3	28	3062
2.903	1	3	291	4	1	28	3062
2.903	1	1	291	4	2	28	3062
2.903	1	2	291	4	3	28	3062
2.904	1	3	291	5	1	28	3062
2.904	1	1	291	5	2	28	3062
2.904	1	2	291	5	3	28	3062
2.905	1	3	291	6	1	28	3062
2.905	1	1	291	6	2	28	3062
2.905	1	2	291	6	3	28	3062
2.906	1	3	291	7	1	28	3062
2.906	1	1	291	7	2	28	3062
2.906	1	2	291	7	3	28	3062
2.907	1	3	291	8	1	28	3062
2.907	1	1	291	8	2	28	3062
2.907	1	2	291	8	3	28	3062
2.908	1	3	291	9	1	28	3062
2.908	1	1	291	9	2	28	3062
2.908	1	2	291	9	3	28	3062
2.909	1	3	291	10	1	28	3062
2.909	1	1	291	10	2	28	3062
2.909	1	2	291	10	3	28	3062
2.91	1	3	292	1	1	28	3062
2.91	1	1	292	1	2	28	3062
2.91	1	2	292	1	3	28	3062
2.911	1	3	292	2	1	28	3062
2.911	1	1	292	2	2	28	3062
2.911	1	2	292	2	3	28	3062
2.912	1	3	292	3	1	28	3062
2.912	1	1	292	3	2	28	3062
2.912	1	2	292	3	3	28	3062
2.913	1	3	292	4	1	28	3062
2.913	1	1	292	4	2	28	3062
2.913	1	2	292	4	3	28	3062
2.914	1	3	292	5	1	28	3062
2.914	1	1	292	5	2	28	3062
2.914	1	2	292	5	3	28	3062
2.99	1	3	300	1	1	28	3062
2.99	1	1	300	1	2	28	3062
2.99	1	2	300	1	3	28	3062
2.991	1	3	300	2	1	28	3062
2.991	1	1	300	2	2	28	3062
2.991	1	2	300	2	3	28	3062
2.992	1	3	300	3	1	28	3062
2.992	1	1	300	3	2	28	3062
2.992	1	2	300	3	3	28	3062
2.993	1	3	300	4	1	28	3062
2.993	1	1	300	4	2	28	3062
2.993	1	2	300	4	3	28	3062
2.994	1	3	300	5	1	28	3062
2.994	1	1	300	5	2	28	3062
2.994	1	2	300	5	3	28	3062
2.995	1	3	300	6	1	28	3062
2.995	1	1	300	6	2	28	3062
2.995	1	2	300	6	3	28	3062
2.996	1	3	300	7	1	28	3062
2.996	1	1	300	7	2	28	3062
2.996	1	2	300	7	3	28	3062
2.997	1	3	300	8	1	28	3062
2.997	1	1	300	8	2	28	3062
2.997	1	2	300	8	3	28	3062
2.998	1	3	300	9	1	28	3062
2.998	1	1	300	9	2	28	3062
2.998	1	2	300	9	3	28	3062
2.999	1	3	300	10	1	28	3062
2.999	1	1	300	10	2	28	3062
2.999	1	2	300	10	3	28	3062
3	1	3	301	1	1	28	3062
3	1	1	301	1	2	28	3062
3	1	2	301	1	3	28	3062
3.001	1	3	301	2	1	28	3062
3.001	1	1	301	2	2	28	3062
3.001	1	2	301	2	3	28	3062
3.002	1	3	301	3	1	28	3062
3.002	1	1	301	3	2	28	3062
3.002	1	2	301	3	3	28	3062
3.003	1	3	301	4	1	28	3062
3.003	1	1	301	4	2	28	3062
3.003	1	2	301	4	3	28	3062
3.004	1	3	301	5	1	28	3062
3.004	1	1	301	5	2	28	3062
3.004	1	2	301	5	3	28	3062
3.005	1	3	301	6	1	28	3062
3.005	1	1	301	6	2	28	3062
3.005	1	2	301	6	3	28	3062
3.006	1	3	301	7	1	28	3062
3.006	1	1	301	7	2	28	3062
3.006	1	2	301	7	3	28	3062
3.007	1	3	301	8	1	28	3062
3.007	1	1	301	8	2	28	3062
3.007	1	2	301	8	3	28	3062
3.008	1	3	301	9	1	28	3062
3.008	1	1	301	9	2	28	3062
3.008	1	2	301	9	3	28	3062
3.009	1	3	301	10	1	28	3062
3.009	1	1	301	10	2	28	3062
3.009	1	2	301	10	3	28	3062
3.01	1	3	302	1	1	28	3062
3.01	1	1	302	1	2	28	3062
3.01	1	2	302	1	3	28	3062
3.011	1	3	302	2	1	28	3062
3.011	1	1	302	2	2	28	3062
3.011	1	2	302	2	3	28	3062
3.087	1	3	309	8	1	28	3062
3.087	1	1	309	8	2	28	3062
3.087	1	2	309	8	3	28	3062
3.088	1	3	309	9	1	28	3062
3.088	1	1	309	9	2	28	3062
3.088	1	2	309	9	3	28	3062
3.089	1	3	309	10	1	28	3062
3.089	1	1	309	10	2	28	3062
3.089	1	2	309	10	3	28	3062
3.09	1	3	310	1	1	28	3062
3.09	1	1	310	1	2	28	3062
3.09	1	2	310	1	3	28	3062
3.091	1	3	310	2	1	28	3062
3.091	1	1	310	2	2	28	3062
3.091	1	2	310	2	3	28	3062
3.092	1	3	310	3	1	28	3062
3.092	1	1	310	3	2	28	3062
3.092	1	2	310	3	3	28	3062
3.093	1	3	310	4	1	28	3062
3.093	1	1	310	4	2	28	3062
3.093	1	2	310	4	3	28	3062
3.094	1	3	310	5	1	28	3062
3.094	1	1	310	5	2	28	3062
3.094	1	2	310	5	3	28	3062
3.095	1	3	310	6	1	28	3062
3.095	1	1	310	6	2	28	3062
3.095	1	2	310	6	3	28	3062
3.096	1	3	310	7	1	28	3062
3.096	1	1	310	7	2	28	3062
3.096	1	2	310	7	3	28	3062
3.097	1	3	310	8	1	28	3062
3.097	1	1	310	8	2	28	3062
3.097	1	2	310	8	3	28	3062
3.098	1	3	310	9	1	28	3062
3.098	1	1	310	9	2	28	3062
3.098	1	2	310	9	3	28	3062
3.099	1	3	310	10	1	28	3062
3.099	1	1	310	10	2	28	3062
3.099	1	2	310	10	3	28	3062
3.1	1	3	311	1	1	28	3062
3.1	1	1	311	1	2	28	3062
3.1	1	2	311	1	3	28	3062
3.101	1	3	311	2	1	28	3062
3.101	1	1	311	2	2	28	3062
3.101	1	2	311	2	3	28	3062
3.102	1	3	311	3	1	28	3062
3.102	1	1	311	3	2	28	3062
3.102	1	2	311	3	3	28	3062
3.103	1	3	311	4	1	28	3062
3.103	1	1	311	4	2	28	3062
3.103	1	2	311	4	3	28	3062
3.104	1	3	311	5	1	28	3062
3.104	1	1	311	5	2	28	3062
3.104	1	2	311	5	3	28	3062
3.105	1	3	311	6	1	28	3062
3.105	1	1	311	6	2	28	3062
3.105	1	2	311	6	3	28	3062
3.106	1	3	311	7	1	28	3062
3.106	1	1	311	7	2	28	3062
3.106	1	2	311	7	3	28	3062
3.107	1	3	311	8	1	28	3062
3.107	1	1	311	8	2	28	3062
3.107	1	2	311	8	3	28	3062
3.108	1	3	311	9	1	28	3062
3.108	1	1	311	9	2	28	3062
3.108	1	2	311	9	3	28	3062
3.184	1	3	319	5	1	28	3062
3.184	1	1	319	5	2	28	3062
3.184	1	2	319	5	3	28	3062
3.185	1	3	319	6	1	28	3062
3.185	1	1	319	6	2	28	3062
3.185	1	2	319	6	3	28	3062
3.186	1	3	319	7	1	28	3062
3.186	1	1	319	7	2	28	3062
3.186	1	2	319	7	3	28	3062
3.187	1	3	319	8	1	28	3062
3.187	1	1	319	8	2	28	3062
3.187	1	2	319	8	3	28	3062
3.188	1	3	319	9	1	28	3062
3.188	1	1	319	9	2	28	3062
3.188	1	2	319	9	3	28	3062
3.189	1	3	319	10	1	28	3062
3.189	1	1	319	10	2	28	3062
3.189	1	2	319	10	3	28	3062
3.19	1	3	320	1	1	28	3062
3.19	1	1	320	1	2	28	3062
3.19	1	2	320	1	3	28	3062
3.191	1	3	320	2	1	28	3062
3.191	1	1	320	2	2	28	3062
3.191	1	2	320	2	3	28	3062
3.192	1	3	320	3	1	28	3062
3.192	1	1	320	3	2	28	3062
3.192	1	2	320	3	3	28	3062
3.193	1	3	320	4	1	28	3062
3.193	1	1	320	4	2	28	3062
3.193	1	2	320	4	3	28	3062
3.194	1	3	320	5	1	28	3062
3.194	1	1	320	5	2	28	3062
3.194	1	2	320	5	3	28	3062
3.195	1	3	320	6	1	28	3062
3.195	1	1	320	6	2	28	3062
3.195	1	2	320	6	3	28	3062
3.196	1	3	320	7	1	28	3062
3.196	1	1	320	7	2	28	3062
3.196	1	2	320	7	3	28	3062
3.197	1	3	320	8	1	28	3062
3.197	1	1	320	8	2	28	3062
3.197	1	2	320	8	3	28	3062
3.198	1	3	320	9	1	28	3062
3.198	1	1	320	9	2	28	3062
3.198	1	2	320	9	3	28	3062
3.199	1	3	320	10	1	28	3062
3.199	1	1	320	10	2	28	3062
3.199	1	2	320	10	3	28	3062
3.2	1	3	321	1	1	28	3062
3.2	1	1	321	1	2	28	3062
3.2	1	2	321	1	3	28	3062
3.201	1	3	321	2	1	28	3062
3.201	1	1	321	2	2	28	3062
3.201	1	2	321	2	3	28	3062
3.202	1	3	321	3	1	28	3062
3.202	1	1	321	3	2	28	3062
3.202	1	2	321	3	3	28	3062
3.203	1	3	321	4	1	28	3062
3.203	1	1	321	4	2	28	3062
3.203	1	2	321	4	3	28	3062
3.204	1	3	321	5	1	28	3062
3.204	1	1	321	5	2	28	3062
3.204	1	2	321	5	3	28	3062
3.205	1	3	321	6	1	28	3062
3.205	1	1	321	6	2	28	3062
3.205	1	2	321	6	3	28	3062
3.281	1	3	329	2	1	28	3062
3.281	1	1	329	2	2	28	3062
3.281	1	2	329	2	3	28	3062
3.282	1	3	329	3	1	28	3062
3.282	1	1	329	3	2	28	3062
3.282	1	2	329	3	3	28	3062
3.283	1	3	329	4	1	28	3062
3.283	1	1	329	4	2	28	3062
3.283	1	2	329	4	3	28	3062
3.284	1	3	329	5	1	28	3062
3.284	1	1	329	5	2	28	3062
3.284	1	2	329	5	3	28	3062
3.285	1	3	329	6	1	28	3062
3.285	1	1	329	6	2	28	3062
3.285	1	2	329	6	3	28	3062
3.286	1	3	329	7	1	28	3062
3.286	1	1	329	7	2	28	3062
3.286	1	2	329	7	3	28	3062
3.287	1	3	329	8	1	28	3062
3.287	1	1	329	8	2	28	3062
3.287	1	2	329	8	3	28	3062
3.288	1	3	329	9	1	28	3062
3.288	1	1	329	9	2	28	3062
3.288	1	2	329	9	3	28	3062
3.289	1	3	329	10	1	28	3062
3.289	1	1	329	10	2	28	3062
3.289	1	2	329	10	3	28	3062
3.29	1	3	330	1	1	28	3062
3.29	1	1	330	1	2	28	3062
3.29	1	2	330	1	3	28	3062
3.291	1	3	330	2	1	28	3062
3.291	1	1	330	2	2	28	3062
3.291	1	2	330	2	3	28	3062
3.292	1	3	330	3	1	28	3062
3.292	1	1	330	3	2	28	3062
3.292	1	2	330	3	3	28	3062
3.293	1	3	330	4	1	28	3062
3.293	1	1	330	4	2	28	3062
3.293	1	2	330	4	3	28	3062
3.294	1	3	330	5	1	28	3062
3.294	1	1	330	5	2	28	3062
3.294	1	2	330	5	3	28	3062
3.295	1	3	330	6	1	28	3062
3.295	1	1	330	6	2	28	3062
3.295	1	2	330	6	3	28	3062
3.296	1	3	330	7	1	28	3062
3.296	1	1	330	7	2	28	3062
3.296	1	2	330	7	3	28	3062
3.297	1	3	330	8	1	28	3062
3.297	1	1	330	8	2	28	3062
3.297	1	2	330	8	3	28	3062
3.298	1	3	330	9	1	28	3062
3.298	1	1	330	9	2	28	3062
3.298	1	2	330	9	3	28	3062
3.299	1	3	330	10	1	28	3062
3.299	1	1	330	10	2	28	3062
3.299	1	2	330	10	3	28	3062
3.3	1	3	331	1	1	28	3062
3.3	1	1	331	1	2	28	3062
3.3	1	2	331	1	3	28	3062
3.301	1	3	331	2	1	28	3062
3.301	1	1	331	2	2	28	3062
3.301	1	2	331	2	3	28	3062
3.302	1	3	331	3	1	28	3062
3.302	1	1	331	3	2	28	3062
3.302	1	2	331	3	3	28	3062
3.378	1	3	338	9	1	28	3062
3.378	1	1	338	9	2	28	3062
3.378	1	2	338	9	3	28	3062
3.379	1	3	338	10	1	28	3062
3.379	1	1	338	10	2	28	3062
3.379	1	2	338	10	3	28	3062
3.38	1	3	339	1	1	28	3062
3.38	1	1	339	1	2	28	3062
3.38	1	2	339	1	3	28	3062
3.381	1	3	339	2	1	28	3062
3.381	1	1	339	2	2	28	3062
3.381	1	2	339	2	3	28	3062
3.382	1	3	339	3	1	28	3062
3.382	1	1	339	3	2	28	3062
3.382	1	2	339	3	3	28	3062
3.383	1	3	339	4	1	28	3062
3.383	1	1	339	4	2	28	3062
3.383	1	2	339	4	3	28	3062
3.384	1	3	339	5	1	28	3062
3.384	1	1	339	5	2	28	3062
3.384	1	2	339	5	3	28	3062
3.385	1	3	339	6	1	28	3062
3.385	1	1	339	6	2	28	3062
3.385	1	2	339	6	3	28	3062
3.386	1	3	339	7	1	28	3062
3.386	1	1	339	7	2	28	3062
3.386	1	2	339	7	3	28	3062
3.387	1	3	339	8	1	28	3062
3.387	1	1	339	8	2	28	3062
3.387	1	2	339	8	3	28	3062
3.388	1	3	339	9	1	28	3062
3.388	1	1	339	9	2	28	3062
3.388	1	2	339	9	3	28	3062
3.389	1	3	339	10	1	28	3062
3.389	1	1	339	10	2	28	3062
3.389	1	2	339	10	3	28	3062
3.39	1	3	340	1	1	28	3062
3.39	1	1	340	1	2	28	3062
3.39	1	2	340	1	3	28	3062
3.391	1	3	340	2	1	28	3062
3.391	1	1	340	2	2	28	3062
3.391	1	2	340	2	3	28	3062
3.392	1	3	340	3	1	28	3062
3.392	1	1	340	3	2	28	3062
3.392	1	2	340	3	3	28	3062
3.393	1	3	340	4	1	28	3062
3.393	1	1	340	4	2	28	3062
3.393	1	2	340	4	3	28	3062
3.394	1	3	340	5	1	28	3062
3.394	1	1	340	5	2	28	3062
3.394	1	2	340	5	3	28	3062
3.395	1	3	340	6	1	28	3062
3.395	1	1	340	6	2	28	3062
3.395	1	2	340	6	3	28	3062
3.396	1	3	340	7	1	28	3062
3.396	1	1	340	7	2	28	3062
3.396	1	2	340	7	3	28	3062
3.397	1	3	340	8	1	28	3062
3.397	1	1	340	8	2	28	3062
3.397	1	2	340	8	3	28	3062
3.398	1	3	340	9	1	28	3062
3.398	1	1	340	9	2	28	3062
3.398	1	2	340	9	3	28	3062
3.399	1	3	340	10	1	28	3062
3.399	1	1	340	10	2	28	3062
3.399	1	2	340	10	3	28	3062
3.475	1	3	348	6	1	28	3062
3.475	1	1	348	6	2	28	3062
3.475	1	2	348	6	3	28	3062
3.476	1	3	348	7	1	28	3062
3.476	1	1	348	7	2	28	3062
3.476	1	2	348	7	3	28	3062
3.477	1	3	348	8	1	28	3062
3.477	1	1	348	8	2	28	3062
3.477	1	2	348	8	3	28	3062
3.478	1	3	348	9	1	28	3062
3.478	1	1	348	9	2	28	3062
3.478	1	2	348	9	3	28	3062
3.479	1	3	348	10	1	28	3062
3.479	1	1	348	10	2	28	3062
3.479	1	2	348	10	3	28	3062
3.48	1	3	349	1	1	28	3062
3.48	1	1	349	1	2	28	3062
3.48	1	2	349	1	3	28	3062
3.481	1	3	349	2	1	28	3062
3.481	1	1	349	2	2	28	3062
3.481	1	2	349	2	3	28	3062
3.482	1	3	349	3	1	28	3062
3.482	1	1	349	3	2	28	3062
3.482	1	2	349	3	3	28	3062
3.483	1	3	349	4	1	28	3062
3.483	1	1	349	4	2	28	3062
3.483	1	2	349	4	3	28	3062
3.484	1	3	349	5	1	28	3062
3.484	1	1	349	5	2	28	3062
3.484	1	2	349	5	3	28	3062
3.485	1	3	349	6	1	28	3062
3.485	1	1	349	6	2	28	3062
3.485	1	2	349	6	3	28	3062
3.486	1	3	349	7	1	28	3062
3.486	1	1	349	7	2	28	3062
3.486	1	2	349	7	3	28	3062
3.487	1	3	349	8	1	28	3062
3.487	1	1	349	8	2	28	3062
3.487	1	2	349	8	3	28	3062
3.488	1	3	349	9	1	28	3062
3.488	1	1	349	9	2	28	3062
3.488	1	2	349	9	3	28	3062
3.489	1	3	349	10	1	28	3062
3.489	1	1	349	10	2	28	3062
3.489	1	2	349	10	3	28	3062
3.49	1	3	350	1	1	28	3062
3.49	1	1	350	1	2	28	3062
3.49	1	2	350	1	3	28	3062
3.491	1	3	350	2	1	28	3062
3.491	1	1	350	2	2	28	3062
3.491	1	2	350	2	3	28	3062
3.492	1	3	350	3	1	28	3062
3.492	1	1	350	3	2	28	3062
3.492	1	2	350	3	3	28	3062
3.493	1	3	350	4	1	28	3062
3.493	1	1	350	4	2	28	3062
3.493	1	2	350	4	3	28	3062
3.494	1	3	350	5	1	28	3062
3.494	1	1	350	5	2	28	3062
3.494	1	2	350	5	3	28	3062
3.495	1	3	350	6	1	28	3062
3.495	1	1	350	6	2	28	3062
3.495	1	2	350	6	3	28	3062
3.496	1	3	350	7	1	28	3062
3.496	1	1	350	7	2	28	3062
3.496	1	2	350	7	3	28	3062
3.572	1	3	358	3	1	28	3062
3.572	1	1	358	3	2	28	3062
3.572	1	2	358	3	3	28	3062
3.573	1	3	358	4	1	28	3062
3.573	1	1	358	4	2	28	3062
3.573	1	2	358	4	3	28	3062
3.574	1	3	358	5	1	28	3062
3.574	1	1	358	5	2	28	3062
3.574	1	2	358	5	3	28	3062
3.575	1	3	358	6	1	28	3062
3.575	1	1	358	6	2	28	3062
3.575	1	2	358	6	3	28	3062
3.576	1	3	358	7	1	28	3062
3.576	1	1	358	7	2	28	3062
3.576	1	2	358	7	3	28	3062
3.577	1	3	358	8	1	28	3062
3.577	1	1	358	8	2	28	3062
3.577	1	2	358	8	3	28	3062
3.578	1	3	358	9	1	28	3062
3.578	1	1	358	9	2	28	3062
3.578	1	2	358	9	3	28	3062
3.579	1	3	358	10	1	28	3062
3.579	1	1	358	10	2	28	3062
3.579	1	2	358	10	3	28	3062
3.58	1	3	359	1	1	28	3062
3.58	1	1	359	1	2	28	3062
3.58	1	2	359	1	3	28	3062
3.581	1	3	359	2	1	28	3062
3.581	1	1	359	2	2	28	3062
3.581	1	2	359	2	3	28	3062
3.582	1	3	359	3	1	28	3062
3.582	1	1	359	3	2	28	3062
3.582	1	2	359	3	3	28	3062
3.583	1	3	359	4	1	28	3062
3.583	1	1	359	4	2	28	3062
3.583	1	2	359	4	3	28	3062
3.584	1	3	359	5	1	28	3062
3.584	1	1	359	5	2	28	3062
3.584	1	2	359	5	3	28	3062
3.585	1	3	359	6	1	28	3062
3.585	1	1	359	6	2	28	3062
3.585	1	2	359	6	3	28	3062
3.586	1	3	359	7	1	28	3062
3.586	1	1	359	7	2	28	3062
3.586	1	2	359	7	3	28	3062
3.587	1	3	359	8	1	28	3062
3.587	1	1	359	8	2	28	3062
3.587	1	2	359	8	3	28	3062
3.588	1	3	359	9	1	28	3062
3.588	1	1	359	9	2	28	3062
3.588	1	2	359	9	3	28	3062
3.589	1	3	359	10	1	28	3062
3.589	1	1	359	10	2	28	3062
3.589	1	2	359	10	3	28	3062
3.59	1	3	360	1	1	28	3062
3.59	1	1	360	1	2	28	3062
3.59	1	2	360	1	3	28	3062
3.591	1	3	360	2	1	28	3062
3.591	1	1	360	2	2	28	3062
3.591	1	2	360	2	3	28	3062
3.592	1	3	360	3	1	28	3062
3.592	1	1	360	3	2	28	3062
3.592	1	2	360	3	3	28	3062
3.593	1	3	360	4	1	28	3062
3.593	1	1	360	4	2	28	3062
3.593	1	2	360	4	3	28	3062
3.669	1	3	367	10	1	28	3062
3.669	1	1	367	10	2	28	3062
3.669	1	2	367	10	3	28	3062
3.67	1	3	368	1	1	28	3062
3.67	1	1	368	1	2	28	3062
3.67	1	2	368	1	3	28	3062
3.671	1	3	368	2	1	28	3062
3.671	1	1	368	2	2	28	3062
3.671	1	2	368	2	3	28	3062
3.672	1	3	368	3	1	28	3062
3.672	1	1	368	3	2	28	3062
3.672	1	2	368	3	3	28	3062
3.673	1	3	368	4	1	28	3062
3.673	1	1	368	4	2	28	3062
3.673	1	2	368	4	3	28	3062
3.674	1	3	368	5	1	28	3062
3.674	1	1	368	5	2	28	3062
3.674	1	2	368	5	3	28	3062
3.675	1	3	368	6	1	28	3062
3.675	1	1	368	6	2	28	3062
3.675	1	2	368	6	3	28	3062
3.676	1	3	368	7	1	28	3062
3.676	1	1	368	7	2	28	3062
3.676	1	2	368	7	3	28	3062
3.677	1	3	368	8	1	28	3062
3.677	1	1	368	8	2	28	3062
3.677	1	2	368	8	3	28	3062
3.678	1	3	368	9	1	28	3062
3.678	1	1	368	9	2	28	3062
3.678	1	2	368	9	3	28	3062
3.679	1	3	368	10	1	28	3062
3.679	1	1	368	10	2	28	3062
3.679	1	2	368	10	3	28	3062
3.68	1	3	369	1	1	28	3062
3.68	1	1	369	1	2	28	3062
3.68	1	2	369	1	3	28	3062
3.681	1	3	369	2	1	28	3062
3.681	1	1	369	2	2	28	3062
3.681	1	2	369	2	3	28	3062
3.682	1	3	369	3	1	28	3062
3.682	1	1	369	3	2	28	3062
3.682	1	2	369	3	3	28	3062
3.683	1	3	369	4	1	28	3062
3.683	1	1	369	4	2	28	3062
3.683	1	2	369	4	3	28	3062
3.684	1	3	369	5	1	28	3062
3.684	1	1	369	5	2	28	3062
3.684	1	2	369	5	3	28	3062
3.685	1	3	369	6	1	28	3062
3.685	1	1	369	6	2	28	3062
3.685	1	2	369	6	3	28	3062
3.686	1	3	369	7	1	28	3062
3.686	1	1	369	7	2	28	3062
3.686	1	2	369	7	3	28	3062
3.687	1	3	369	8	1	28	3062
3.687	1	1	369	8	2	28	3062
3.687	1	2	369	8	3	28	3062
3.688	1	3	369	9	1	28	3062
3.688	1	1	369	9	2	28	3062
3.688	1	2	369	9	3	28	3062
3.689	1	3	369	10	1	28	3062
3.689	1	1	369	10	2	28	3062
3.689	1	2	369	10	3	28	3062
3.69	1	3	370	1	1	28	3062
3.69	1	1	370	1	2	28	3062
3.69	1	2	370	1	3	28	3062
3.766	1	3	377	7	1	28	3062
3.766	1	1	377	7	2	28	3062
3.766	1	2	377	7	3	28	3062
3.767	1	3	377	8	1	28	3062
3.767	1	1	377	8	2	28	3062
3.767	1	2	377	8	3	28	3062
3.768	1	3	377	9	1	28	3062
3.768	1	1	377	9	2	28	3062
3.768	1	2	377	9	3	28	3062
3.769	1	3	377	10	1	28	3062
3.769	1	1	377	10	2	28	3062
3.769	1	2	377	10	3	28	3062
3.77	1	3	378	1	1	28	3062
3.77	1	1	378	1	2	28	3062
3.77	1	2	378	1	3	28	3062
3.771	1	3	378	2	1	28	3062
3.771	1	1	378	2	2	28	3062
3.771	1	2	378	2	3	28	3062
3.772	1	3	378	3	1	28	3062
3.772	1	1	378	3	2	28	3062
3.772	1	2	378	3	3	28	3062
3.773	1	3	378	4	1	28	3062
3.773	1	1	378	4	2	28	3062
3.773	1	2	378	4	3	28	3062
3.774	1	3	378	5	1	28	3062
3.774	1	1	378	5	2	28	3062
3.774	1	2	378	5	3	28	3062
3.775	1	3	378	6	1	28	3062
3.775	1	1	378	6	2	28	3062
3.775	1	2	378	6	3	28	3062
3.776	1	3	378	7	1	28	3062
3.776	1	1	378	7	2	28	3062
3.776	1	2	378	7	3	28	3062
3.777	1	3	378	8	1	28	3062
3.777	1	1	378	8	2	28	3062
3.777	1	2	378	8	3	28	3062
3.778	1	3	378	9	1	28	3062
3.778	1	1	378	9	2	28	3062
3.778	1	2	378	9	3	28	3062
3.779	1	3	378	10	1	28	3062
3.779	1	1	378	10	2	28	3062
3.779	1	2	378	10	3	28	3062
3.78	1	3	379	1	1	28	3062
3.78	1	1	379	1	2	28	3062
3.78	1	2	379	1	3	28	3062
3.781	1	3	379	2	1	28	3062
3.781	1	1	379	2	2	28	3062
3.781	1	2	379	2	3	28	3062
3.782	1	3	379	3	1	28	3062
3.782	1	1	379	3	2	28	3062
3.782	1	2	379	3	3	28	3062
3.783	1	3	379	4	1	28	3062
3.783	1	1	379	4	2	28	3062
3.783	1	2	379	4	3	28	3062
3.784	1	3	379	5	1	28	3062
3.784	1	1	379	5	2	28	3062
3.784	1	2	379	5	3	28	3062
3.785	1	3	379	6	1	28	3062
3.785	1	1	379	6	2	28	3062
3.785	1	2	379	6	3	28	3062
3.786	1	3	379	7	1	28	3062
3.786	1	1	379	7	2	28	3062
3.786	1	2	379	7	3	28	3062
3.787	1	3	379	8	1	28	3062
3.787	1	1	379	8	2	28	3062
3.787	1	2	379	8	3	28	3062
3.863	1	3	387	4	1	28	3062
3.863	1	1	387	4	2	28	3062
3.863	1	2	387	4	3	28	3062
3.864	1	3	387	5	1	28	3062
3.864	1	1	387	5	2	28	3062
3.864	1	2	387	5	3	28	3062
3.865	1	3	387	6	1	28	3062
3.865	1	1	387	6	2	28	3062
3.865	1	2	387	6	3	28	3062
3.866	1	3	387	7	1	28	3062
3.866	1	1	387	7	2	28	3062
3.866	1	2	387	7	3	28	3062
3.867	1	3	387	8	1	28	3062
3.867	1	1	387	8	2	28	3062
3.867	1	2	387	8	3	28	3062
3.868	1	3	387	9	1	28	3062
3.868	1	1	387	9	2	28	3062
3.868	1	2	387	9	3	28	3062
3.869	1	3	387	10	1	28	3062
3.869	1	1	387	10	2	28	3062
3.869	1	2	387	10	3	28	3062
3.87	1	3	388	1	1	28	3062
3.87	1	1	388	1	2	28	3062
3.87	1	2	388	1	3	28	3062
3.871	1	3	388	2	1	28	3062
3.871	1	1	388	2	2	28	3062
3.871	1	2	388	2	3	28	3062
3.872	1	3	388	3	1	28	3062
3.872	1	1	388	3	2	28	3062
3.872	1	2	388	3	3	28	3062
3.873	1	3	388	4	1	28	3062
3.873	1	1	388	4	2	28	3062
3.873	1	2	388	4	3	28	3062
3.874	1	3	388	5	1	28	3062
3.874	1	1	388	5	2	28	3062
3.874	1	2	388	5	3	28	3062
3.875	1	3	388	6	1	28	3062
3.875	1	1	388	6	2	28	3062
3.875	1	2	388	6	3	28	3062
3.876	1	3	388	7	1	28	3062
3.876	1	1	388	7	2	28	3062
3.876	1	2	388	7	3	28	3062
3.877	1	3	388	8	1	28	3062
3.877	1	1	388	8	2	28	3062
3.877	1	2	388	8	3	28	3062
3.878	1	3	388	9	1	28	3062
3.878	1	1	388	9	2	28	3062
3.878	1	2	388	9	3	28	3062
3.879	1	3	388	10	1	28	3062
3.879	1	1	388	10	2	28	3062
3.879	1	2	388	10	3	28	3062
3.88	1	3	389	1	1	28	3062
3.88	1	1	389	1	2	28	3062
3.88	1	2	389	1	3	28	3062
3.881	1	3	389	2	1	28	3062
3.881	1	1	389	2	2	28	3062
3.881	1	2	389	2	3	28	3062
3.882	1	3	389	3	1	28	3062
3.882	1	1	389	3	2	28	3062
3.882	1	2	389	3	3	28	3062
3.883	1	3	389	4	1	28	3062
3.883	1	1	389	4	2	28	3062
3.883	1	2	389	4	3	28	3062
3.884	1	3	389	5	1	28	3062
3.884	1	1	389	5	2	28	3062
3.884	1	2	389	5	3	28	3062
3.96	1	3	397	1	1	28	3062
3.96	1	1	397	1	2	28	3062
3.96	1	2	397	1	3	28	3062
3.961	1	3	397	2	1	28	3062
3.961	1	1	397	2	2	28	3062
3.961	1	2	397	2	3	28	3062
3.962	1	3	397	3	1	28	3062
3.962	1	1	397	3	2	28	3062
3.962	1	2	397	3	3	28	3062
3.963	1	3	397	4	1	28	3062
3.963	1	1	397	4	2	28	3062
3.963	1	2	397	4	3	28	3062
3.964	1	3	397	5	1	28	3062
3.964	1	1	397	5	2	28	3062
3.964	1	2	397	5	3	28	3062
3.965	1	3	397	6	1	28	3062
3.965	1	1	397	6	2	28	3062
3.965	1	2	397	6	3	28	3062
3.966	1	3	397	7	1	28	3062
3.966	1	1	397	7	2	28	3062
3.966	1	2	397	7	3	28	3062
3.967	1	3	397	8	1	28	3062
3.967	1	1	397	8	2	28	3062
3.967	1	2	397	8	3	28	3062
3.968	1	3	397	9	1	28	3062
3.968	1	1	397	9	2	28	3062
3.968	1	2	397	9	3	28	3062
3.969	1	3	397	10	1	28	3062
3.969	1	1	397	10	2	28	3062
3.969	1	2	397	10	3	28	3062
3.97	1	3	398	1	1	28	3062
3.97	1	1	398	1	2	28	3062
3.97	1	2	398	1	3	28	3062
3.971	1	3	398	2	1	28	3062
3.971	1	1	398	2	2	28	3062
3.971	1	2	398	2	3	28	3062
3.972	1	3	398	3	1	28	3062
3.972	1	1	398	3	2	28	3062
3.972	1	2	398	3	3	28	3062
3.973	1	3	398	4	1	28	3062
3.973	1	1	398	4	2	28	3062
3.973	1	2	398	4	3	28	3062
3.974	1	3	398	5	1	28	3062
3.974	1	1	398	5	2	28	3062
3.974	1	2	398	5	3	28	3062
3.975	1	3	398	6	1	28	3062
3.975	1	1	398	6	2	28	3062
3.975	1	2	398	6	3	28	3062
3.976	1	3	398	7	1	28	3062
3.976	1	1	398	7	2	28	3062
3.976	1	2	398	7	3	28	3062
3.977	1	3	398	8	1	28	3062
3.977	1	1	398	8	2	28	3062
3.977	1	2	398	8	3	28	3062
3.978	1	3	398	9	1	28	3062
3.978	1	1	398	9	2	28	3062
3.978	1	2	398	9	3	28	3062
3.979	1	3	398	10	1	28	3062
3.979	1	1	398	10	2	28	3062
3.979	1	2	398	10	3	28	3062
3.98	1	3	399	1	1	28	3062
3.98	1	1	399	1	2	28	3062
3.98	1	2	399	1	3	28	3062
3.981	1	3	399	2	1	28	3062
3.981	1	1	399	2	2	28	3062
3.981	1	2	399	2	3	28	3062
4.057	1	3	406	8	1	28	3062
4.057	1	1	406	8	2	28	3062
4.057	1	2	406	8	3	28	3062
4.058	1	3	406	9	1	28	3062
4.058	1	1	406	9	2	28	3062
4.058	1	2	406	9	3	28	3062
4.059	1	3	406	10	1	28	3062
4.059	1	1	406	10	2	28	3062
4.059	1	2	406	10	3	28	3062
4.06	1	3	407	1	1	28	3062
4.06	1	1	407	1	2	28	3062
4.06	1	2	407	1	3	28	3062
4.061	1	3	407	2	1	28	3062
4.061	1	1	407	2	2	28	3062
4.061	1	2	407	2	3	28	3062
4.062	1	3	407	3	1	28	3062
4.062	1	1	407	3	2	28	3062
4.062	1	2	407	3	3	28	3062
4.063	1	3	407	4	1	28	3062
4.063	1	1	407	4	2	28	3062
4.063	1	2	407	4	3	28	3062
4.064	1	3	407	5	1	28	3062
4.064	1	1	407	5	2	28	3062
4.064	1	2	407	5	3	28	3062
4.065	1	3	407	6	1	28	3062
4.065	1	1	407	6	2	28	3062
4.065	1	2	407	6	3	28	3062
4.066	1	3	407	7	1	28	3062
4.066	1	1	407	7	2	28	3062
4.066	1	2	407	7	3	28	3062
4.067	1	3	407	8	1	28	3062
4.067	1	1	407	8	2	28	3062
4.067	1	2	407	8	3	28	3062
4.068	1	3	407	9	1	28	3062
4.068	1	1	407	9	2	28	3062
4.068	1	2	407	9	3	28	3062
4.069	1	3	407	10	1	28	3062
4.069	1	1	407	10	2	28	3062
4.069	1	2	407	10	3	28	3062
4.07	1	3	408	1	1	28	3062
4.07	1	1	408	1	2	28	3062
4.07	1	2	408	1	3	28	3062
4.071	1	3	408	2	1	28	3062
4.071	1	1	408	2	2	28	3062
4.071	1	2	408	2	3	28	3062
4.072	1	3	408	3	1	28	3062
4.072	1	1	408	3	2	28	3062
4.072	1	2	408	3	3	28	3062
4.073	1	3	408	4	1	28	3062
4.073	1	1	408	4	2	28	3062
4.073	1	2	408	4	3	28	3062
4.074	1	3	408	5	1	28	3062
4.074	1	1	408	5	2	28	3062
4.074	1	2	408	5	3	28	3062
4.075	1	3	408	6	1	28	3062
4.075	1	1	408	6	2	28	3062
4.075	1	2	408	6	3	28	3062
4.076	1	3	408	7	1	28	3062
4.076	1	1	408	7	2	28	3062
4.076	1	2	408	7	3	28	3062
4.077	1	3	408	8	1	28	3062
4.077	1	1	408	8	2	28	3062
4.077	1	2	408	8	3	28	3062
4.078	1	3	408	9	1	28	3062
4.078	1	1	408	9	2	28	3062
4.078	1	2	408	9	3	28	3062
4.154	1	3	416	5	1	28	3062
4.154	1	1	416	5	2	28	3062
4.154	1	2	416	5	3	28	3062
4.155	1	3	416	6	1	28	3062
4.155	1	1	416	6	2	28	3062
4.155	1	2	416	6	3	28	3062
4.156	1	3	416	7	1	28	3062
4.156	1	1	416	7	2	28	3062
4.156	1	2	416	7	3	28	3062
4.157	1	3	416	8	1	28	3062
4.157	1	1	416	8	2	28	3062
4.157	1	2	416	8	3	28	3062
4.158	1	3	416	9	1	28	3062
4.158	1	1	416	9	2	28	3062
4.158	1	2	416	9	3	28	3062
4.159	1	3	416	10	1	28	3062
4.159	1	1	416	10	2	28	3062
4.159	1	2	416	10	3	28	3062
4.16	1	3	417	1	1	28	3062
4.16	1	1	417	1	2	28	3062
4.16	1	2	417	1	3	28	3062
4.161	1	3	417	2	1	28	3062
4.161	1	1	417	2	2	28	3062
4.161	1	2	417	2	3	28	3062
4.162	1	3	417	3	1	28	3062
4.162	1	1	417	3	2	28	3062
4.162	1	2	417	3	3	28	3062
4.163	1	3	417	4	1	28	3062
4.163	1	1	417	4	2	28	3062
4.163	1	2	417	4	3	28	3062
4.164	1	3	417	5	1	28	3062
4.164	1	1	417	5	2	28	3062
4.164	1	2	417	5	3	28	3062
4.165	1	3	417	6	1	28	3062
4.165	1	1	417	6	2	28	3062
4.165	1	2	417	6	3	28	3062
4.166	1	3	417	7	1	28	3062
4.166	1	1	417	7	2	28	3062
4.166	1	2	417	7	3	28	3062
4.167	1	3	417	8	1	28	3062
4.167	1	1	417	8	2	28	3062
4.167	1	2	417	8	3	28	3062
4.168	1	3	417	9	1	28	3062
4.168	1	1	417	9	2	28	3062
4.168	1	2	417	9	3	28	3062
4.169	1	3	417	10	1	28	3062
4.169	1	1	417	10	2	28	3062
4.169	1	2	417	10	3	28	3062
4.17	1	3	418	1	1	28	3062
4.17	1	1	418	1	2	28	3062
4.17	1	2	418	1	3	28	3062
4.171	1	3	418	2	1	28	3062
4.171	1	1	418	2	2	28	3062
4.171	1	2	418	2	3	28	3062
4.172	1	3	418	3	1	28	3062
4.172	1	1	418	3	2	28	3062
4.172	1	2	418	3	3	28	3062
4.173	1	3	418	4	1	28	3062
4.173	1	1	418	4	2	28	3062
4.173	1	2	418	4	3	28	3062
4.174	1	3	418	5	1	28	3062
4.174	1	1	418	5	2	28	3062
4.174	1	2	418	5	3	28	3062
4.175	1	3	418	6	1	28	3062
4.175	1	1	418	6	2	28	3062
4.175	1	2	418	6	3	28	3062
4.251	1	3	426	2	1	28	3062
4.251	1	1	426	2	2	28	3062
4.251	1	2	426	2	3	28	3062
4.252	1	3	426	3	1	28	3062
4.252	1	1	426	3	2	28	3062
4.252	1	2	426	3	3	28	3062
4.253	1	3	426	4	1	28	3062
4.253	1	1	426	4	2	28	3062
4.253	1	2	426	4	3	28	3062
4.254	1	3	426	5	1	28	3062
4.254	1	1	426	5	2	28	3062
4.254	1	2	426	5	3	28	3062
4.255	1	3	426	6	1	28	3062
4.255	1	1	426	6	2	28	3062
4.255	1	2	426	6	3	28	3062
4.256	1	3	426	7	1	28	3062
4.256	1	1	426	7	2	28	3062
4.256	1	2	426	7	3	28	3062
4.257	1	3	426	8	1	28	3062
4.257	1	1	426	8	2	28	3062
4.257	1	2	426	8	3	28	3062
4.258	1	3	426	9	1	28	3062
4.258	1	1	426	9	2	28	3062
4.258	1	2	426	9	3	28	3062
4.259	1	3	426	10	1	28	3062
4.259	1	1	426	10	2	28	3062
4.259	1	2	426	10	3	28	3062
4.26	1	3	427	1	1	28	3062
4.26	1	1	427	1	2	28	3062
4.26	1	2	427	1	3	28	3062
4.261	1	3	427	2	1	28	3062
4.261	1	1	427	2	2	28	3062
4.261	1	2	427	2	3	28	3062
4.262	1	3	427	3	1	28	3062
4.262	1	1	427	3	2	28	3062
4.262	1	2	427	3	3	28	3062
4.263	1	3	427	4	1	28	3062
4.263	1	1	427	4	2	28	3062
4.263	1	2	427	4	3	28	3062
4.264	1	3	427	5	1	28	3062
4.264	1	1	427	5	2	28	3062
4.264	1	2	427	5	3	28	3062
4.265	1	3	427	6	1	28	3062
4.265	1	1	427	6	2	28	3062
4.265	1	2	427	6	3	28	3062
4.266	1	3	427	7	1	28	3062
4.266	1	1	427	7	2	28	3062
4.266	1	2	427	7	3	28	3062
4.267	1	3	427	8	1	28	3062
4.267	1	1	427	8	2	28	3062
4.267	1	2	427	8	3	28	3062
4.268	1	3	427	9	1	28	3062
4.268	1	1	427	9	2	28	3062
4.268	1	2	427	9	3	28	3062
4.269	1	3	427	10	1	28	3062
4.269	1	1	427	10	2	28	3062
4.269	1	2	427	10	3	28	3062
4.27	1	3	428	1	1	28	3062
4.27	1	1	428	1	2	28	3062
4.27	1	2	428	1	3	28	3062
4.271	1	3	428	2	1	28	3062
4.271	1	1	428	2	2	28	3062
4.271	1	2	428	2	3	28	3062
4.272	1	3	428	3	1	28	3062
4.272	1	1	428	3	2	28	3062
4.272	1	2	428	3	3	28	3062
4.348	1	3	435	9	1	28	3062
4.348	1	1	435	9	2	28	3062
4.348	1	2	435	9	3	28	3062
4.349	1	3	435	10	1	28	3062
4.349	1	1	435	10	2	28	3062
4.349	1	2	435	10	3	28	3062
4.35	1	3	436	1	1	28	3062
4.35	1	1	436	1	2	28	3062
4.35	1	2	436	1	3	28	3062
4.351	1	3	436	2	1	28	3062
4.351	1	1	436	2	2	28	3062
4.351	1	2	436	2	3	28	3062
4.352	1	3	436	3	1	28	3062
4.352	1	1	436	3	2	28	3062
4.352	1	2	436	3	3	28	3062
4.353	1	3	436	4	1	28	3062
4.353	1	1	436	4	2	28	3062
4.353	1	2	436	4	3	28	3062
4.354	1	3	436	5	1	28	3062
4.354	1	1	436	5	2	28	3062
4.354	1	2	436	5	3	28	3062
4.355	1	3	436	6	1	28	3062
4.355	1	1	436	6	2	28	3062
4.355	1	2	436	6	3	28	3062
4.356	1	3	436	7	1	28	3062
4.356	1	1	436	7	2	28	3062
4.356	1	2	436	7	3	28	3062
4.357	1	3	436	8	1	28	3062
4.357	1	1	436	8	2	28	3062
4.357	1	2	436	8	3	28	3062
4.358	1	3	436	9	1	28	3062
4.358	1	1	436	9	2	28	3062
4.358	1	2	436	9	3	28	3062
4.359	1	3	436	10	1	28	3062
4.359	1	1	436	10	2	28	3062
4.359	1	2	436	10	3	28	3062
4.36	1	3	437	1	1	28	3062
4.36	1	1	437	1	2	28	3062
4.36	1	2	437	1	3	28	3062
4.361	1	3	437	2	1	28	3062
4.361	1	1	437	2	2	28	3062
4.361	1	2	437	2	3	28	3062
4.362	1	3	437	3	1	28	3062
4.362	1	1	437	3	2	28	3062
4.362	1	2	437	3	3	28	3062
4.363	1	3	437	4	1	28	3062
4.363	1	1	437	4	2	28	3062
4.363	1	2	437	4	3	28	3062
4.364	1	3	437	5	1	28	3062
4.364	1	1	437	5	2	28	3062
4.364	1	2	437	5	3	28	3062
4.365	1	3	437	6	1	28	3062
4.365	1	1	437	6	2	28	3062
4.365	1	2	437	6	3	28	3062
4.366	1	3	437	7	1	28	3062
4.366	1	1	437	7	2	28	3062
4.366	1	2	437	7	3	28	3062
4.367	1	3	437	8	1	28	3062
4.367	1	1	437	8	2	28	3062
4.367	1	2	437	8	3	28	3062
4.368	1	3	437	9	1	28	3062
4.368	1	1	437	9	2	28	3062
4.368	1	2	437	9	3	28	3062
4.369	1	3	437	10	1	28	3062
4.369	1	1	437	10	2	28	3062
4.369	1	2	437	10	3	28	3062
4.445	1	3	445	6	1	28	3062
4.445	1	1	445	6	2	28	3062
4.445	1	2	445	6	3	28	3062
4.446	1	3	445	7	1	28	3062
4.446	1	1	445	7	2	28	3062
4.446	1	2	445	7	3	28	3062
4.447	1	3	445	8	1	28	3062
4.447	1	1	445	8	2	28	3062
4.447	1	2	445	8	3	28	3062
4.448	1	3	445	9	1	28	3062
4.448	1	1	445	9	2	28	3062
4.448	1	2	445	9	3	28	3062
4.449	1	3	445	10	1	28	3062
4.449	1	1	445	10	2	28	3062
4.449	1	2	445	10	3	28	3062
4.45	1	3	446	1	1	28	3062
4.45	1	1	446	1	2	28	3062
4.45	1	2	446	1	3	28	3062
4.451	1	3	446	2	1	28	3062
4.451	1	1	446	2	2	28	3062
4.451	1	2	446	2	3	28	3062
4.452	1	3	446	3	1	28	3062
4.452	1	1	446	3	2	28	3062
4.452	1	2	446	3	3	28	3062
4.453	1	3	446	4	1	28	3062
4.453	1	1	446	4	2	28	3062
4.453	1	2	446	4	3	28	3062
4.454	1	3	446	5	1	28	3062
4.454	1	1	446	5	2	28	3062
4.454	1	2	446	5	3	28	3062
4.455	1	3	446	6	1	28	3062
4.455	1	1	446	6	2	28	3062
4.455	1	2	446	6	3	28	3062
4.456	1	3	446	7	1	28	3062
4.456	1	1	446	7	2	28	3062
4.456	1	2	446	7	3	28	3062
4.457	1	3	446	8	1	28	3062
4.457	1	1	446	8	2	28	3062
4.457	1	2	446	8	3	28	3062
4.458	1	3	446	9	1	28	3062
4.458	1	1	446	9	2	28	3062
4.458	1	2	446	9	3	28	3062
4.459	1	3	446	10	1	28	3062
4.459	1	1	446	10	2	28	3062
4.459	1	2	446	10	3	28	3062
4.46	1	3	447	1	1	28	3062
4.46	1	1	447	1	2	28	3062
4.46	1	2	447	1	3	28	3062
4.461	1	3	447	2	1	28	3062
4.461	1	1	447	2	2	28	3062
4.461	1	2	447	2	3	28	3062
4.462	1	3	447	3	1	28	3062
4.462	1	1	447	3	2	28	3062
4.462	1	2	447	3	3	28	3062
4.463	1	3	447	4	1	28	3062
4.463	1	1	447	4	2	28	3062
4.463	1	2	447	4	3	28	3062
4.464	1	3	447	5	1	28	3062
4.464	1	1	447	5	2	28	3062
4.464	1	2	447	5	3	28	3062
4.465	1	3	447	6	1	28	3062
4.465	1	1	447	6	2	28	3062
4.465	1	2	447	6	3	28	3062
4.466	1	3	447	7	1	28	3062
4.466	1	1	447	7	2	28	3062
4.466	1	2	447	7	3	28	3062
4.542	1	3	455	3	1	28	3062
4.542	1	1	455	3	2	28	3062
4.542	1	2	455	3	3	28	3062
4.543	1	3	455	4	1	28	3062
4.543	1	1	455	4	2	28	3062
4.543	1	2	455	4	3	28	3062
4.544	1	3	455	5	1	28	3062
4.544	1	1	455	5	2	28	3062
4.544	1	2	455	5	3	28	3062
4.545	1	3	455	6	1	28	3062
4.545	1	1	455	6	2	28	3062
4.545	1	2	455	6	3	28	3062
4.546	1	3	455	7	1	28	3062
4.546	1	1	455	7	2	28	3062
4.546	1	2	455	7	3	28	3062
4.547	1	3	455	8	1	28	3062
4.547	1	1	455	8	2	28	3062
4.547	1	2	455	8	3	28	3062
4.548	1	3	455	9	1	28	3062
4.548	1	1	455	9	2	28	3062
4.548	1	2	455	9	3	28	3062
4.549	1	3	455	10	1	28	3062
4.549	1	1	455	10	2	28	3062
4.549	1	2	455	10	3	28	3062
4.55	1	3	456	1	1	28	3062
4.55	1	1	456	1	2	28	3062
4.55	1	2	456	1	3	28	3062
4.551	1	3	456	2	1	28	3062
4.551	1	1	456	2	2	28	3062
4.551	1	2	456	2	3	28	3062
4.552	1	3	456	3	1	28	3062
4.552	1	1	456	3	2	28	3062
4.552	1	2	456	3	3	28	3062
4.553	1	3	456	4	1	28	3062
4.553	1	1	456	4	2	28	3062
4.553	1	2	456	4	3	28	3062
4.554	1	3	456	5	1	28	3062
4.554	1	1	456	5	2	28	3062
4.554	1	2	456	5	3	28	3062
4.555	1	3	456	6	1	28	3062
4.555	1	1	456	6	2	28	3062
4.555	1	2	456	6	3	28	3062
4.556	1	3	456	7	1	28	3062
4.556	1	1	456	7	2	28	3062
4.556	1	2	456	7	3	28	3062
4.557	1	3	456	8	1	28	3062
4.557	1	1	456	8	2	28	3062
4.557	1	2	456	8	3	28	3062
4.558	1	3	456	9	1	28	3062
4.558	1	1	456	9	2	28	3062
4.558	1	2	456	9	3	28	3062
4.559	1	3	456	10	1	28	3062
4.559	1	1	456	10	2	28	3062
4.559	1	2	456	10	3	28	3062
4.56	1	3	457	1	1	28	3062
4.56	1	1	457	1	2	28	3062
4.56	1	2	457	1	3	28	3062
4.561	1	3	457	2	1	28	3062
4.561	1	1	457	2	2	28	3062
4.561	1	2	457	2	3	28	3062
4.562	1	3	457	3	1	28	3062
4.562	1	1	457	3	2	28	3062
4.562	1	2	457	3	3	28	3062
4.563	1	3	457	4	1	28	3062
4.563	1	1	457	4	2	28	3062
4.563	1	2	457	4	3	28	3062
4.639	1	3	464	10	1	28	3062
4.639	1	1	464	10	2	28	3062
4.639	1	2	464	10	3	28	3062
4.64	1	3	465	1	1	28	3062
4.64	1	1	465	1	2	28	3062
4.64	1	2	465	1	3	28	3062
4.641	1	3	465	2	1	28	3062
4.641	1	1	465	2	2	28	3062
4.641	1	2	465	2	3	28	3062
4.642	1	3	465	3	1	28	3062
4.642	1	1	465	3	2	28	3062
4.642	1	2	465	3	3	28	3062
4.643	1	3	465	4	1	28	3062
4.643	1	1	465	4	2	28	3062
4.643	1	2	465	4	3	28	3062
4.644	1	3	465	5	1	28	3062
4.644	1	1	465	5	2	28	3062
4.644	1	2	465	5	3	28	3062
4.645	1	3	465	6	1	28	3062
4.645	1	1	465	6	2	28	3062
4.645	1	2	465	6	3	28	3062
4.646	1	3	465	7	1	28	3062
4.646	1	1	465	7	2	28	3062
4.646	1	2	465	7	3	28	3062
4.647	1	3	465	8	1	28	3062
4.647	1	1	465	8	2	28	3062
4.647	1	2	465	8	3	28	3062
4.648	1	3	465	9	1	28	3062
4.648	1	1	465	9	2	28	3062
4.648	1	2	465	9	3	28	3062
4.649	1	3	465	10	1	28	3062
4.649	1	1	465	10	2	28	3062
4.649	1	2	465	10	3	28	3062
4.65	1	3	466	1	1	28	3062
4.65	1	1	466	1	2	28	3062
4.65	1	2	466	1	3	28	3062
4.651	1	3	466	2	1	28	3062
4.651	1	1	466	2	2	28	3062
4.651	1	2	466	2	3	28	3062
4.652	1	3	466	3	1	28	3062
4.652	1	1	466	3	2	28	3062
4.652	1	2	466	3	3	28	3062
4.653	1	3	466	4	1	28	3062
4.653	1	1	466	4	2	28	3062
4.653	1	2	466	4	3	28	3062
4.654	1	3	466	5	1	28	3062
4.654	1	1	466	5	2	28	3062
4.654	1	2	466	5	3	28	3062
4.655	1	3	466	6	1	28	3062
4.655	1	1	466	6	2	28	3062
4.655	1	2	466	6	3	28	3062
4.656	1	3	466	7	1	28	3062
4.656	1	1	466	7	2	28	3062
4.656	1	2	466	7	3	28	3062
4.657	1	3	466	8	1	28	3062
4.657	1	1	466	8	2	28	3062
4.657	1	2	466	8	3	28	3062
4.658	1	3	466	9	1	28	3062
4.658	1	1	466	9	2	28	3062
4.658	1	2	466	9	3	28	3062
4.659	1	3	466	10	1	28	3062
4.659	1	1	466	10	2	28	3062
4.659	1	2	466	10	3	28	3062
4.66	1	3	467	1	1	28	3062
4.66	1	1	467	1	2	28	3062
4.66	1	2	467	1	3	28	3062
4.736	1	3	474	7	1	28	3062
4.736	1	1	474	7	2	28	3062
4.736	1	2	474	7	3	28	3062
4.737	1	3	474	8	1	28	3062
4.737	1	1	474	8	2	28	3062
4.737	1	2	474	8	3	28	3062
4.738	1	3	474	9	1	28	3062
4.738	1	1	474	9	2	28	3062
4.738	1	2	474	9	3	28	3062
4.739	1	3	474	10	1	28	3062
4.739	1	1	474	10	2	28	3062
4.739	1	2	474	10	3	28	3062
4.74	1	3	475	1	1	28	3062
4.74	1	1	475	1	2	28	3062
4.74	1	2	475	1	3	28	3062
4.741	1	3	475	2	1	28	3062
4.741	1	1	475	2	2	28	3062
4.741	1	2	475	2	3	28	3062
4.742	1	3	475	3	1	28	3062
4.742	1	1	475	3	2	28	3062
4.742	1	2	475	3	3	28	3062
4.743	1	3	475	4	1	28	3062
4.743	1	1	475	4	2	28	3062
4.743	1	2	475	4	3	28	3062
4.744	1	3	475	5	1	28	3062
4.744	1	1	475	5	2	28	3062
4.744	1	2	475	5	3	28	3062
4.745	1	3	475	6	1	28	3062
4.745	1	1	475	6	2	28	3062
4.745	1	2	475	6	3	28	3062
4.746	1	3	475	7	1	28	3062
4.746	1	1	475	7	2	28	3062
4.746	1	2	475	7	3	28	3062
4.747	1	3	475	8	1	28	3062
4.747	1	1	475	8	2	28	3062
4.747	1	2	475	8	3	28	3062
4.748	1	3	475	9	1	28	3062
4.748	1	1	475	9	2	28	3062
4.748	1	2	475	9	3	28	3062
4.749	1	3	475	10	1	28	3062
4.749	1	1	475	10	2	28	3062
4.749	1	2	475	10	3	28	3062
4.75	1	3	476	1	1	28	3062
4.75	1	1	476	1	2	28	3062
4.75	1	2	476	1	3	28	3062
4.751	1	3	476	2	1	28	3062
4.751	1	1	476	2	2	28	3062
4.751	1	2	476	2	3	28	3062
4.752	1	3	476	3	1	28	3062
4.752	1	1	476	3	2	28	3062
4.752	1	2	476	3	3	28	3062
4.753	1	3	476	4	1	28	3062
4.753	1	1	476	4	2	28	3062
4.753	1	2	476	4	3	28	3062
4.754	1	3	476	5	1	28	3062
4.754	1	1	476	5	2	28	3062
4.754	1	2	476	5	3	28	3062
4.755	1	3	476	6	1	28	3062
4.755	1	1	476	6	2	28	3062
4.755	1	2	476	6	3	28	3062
4.756	1	3	476	7	1	28	3062
4.756	1	1	476	7	2	28	3062
4.756	1	2	476	7	3	28	3062
4.757	1	3	476	8	1	28	3062
4.757	1	1	476	8	2	28	3062
4.757	1	2	476	8	3	28	3062
4.833	1	3	484	4	1	28	3062
4.833	1	1	484	4	2	28	3062
4.833	1	2	484	4	3	28	3062
4.834	1	3	484	5	1	28	3062
4.834	1	1	484	5	2	28	3062
4.834	1	2	484	5	3	28	3062
4.835	1	3	484	6	1	28	3062
4.835	1	1	484	6	2	28	3062
4.835	1	2	484	6	3	28	3062
4.836	1	3	484	7	1	28	3062
4.836	1	1	484	7	2	28	3062
4.836	1	2	484	7	3	28	3062
4.837	1	3	484	8	1	28	3062
4.837	1	1	484	8	2	28	3062
4.837	1	2	484	8	3	28	3062
4.838	1	3	484	9	1	28	3062
4.838	1	1	484	9	2	28	3062
4.838	1	2	484	9	3	28	3062
4.839	1	3	484	10	1	28	3062
4.839	1	1	484	10	2	28	3062
4.839	1	2	484	10	3	28	3062
4.84	1	3	485	1	1	28	3062
4.84	1	1	485	1	2	28	3062
4.84	1	2	485	1	3	28	3062
4.841	1	3	485	2	1	28	3062
4.841	1	1	485	2	2	28	3062
4.841	1	2	485	2	3	28	3062
4.842	1	3	485	3	1	28	3062
4.842	1	1	485	3	2	28	3062
4.842	1	2	485	3	3	28	3062
4.843	1	3	485	4	1	28	3062
4.843	1	1	485	4	2	28	3062
4.843	1	2	485	4	3	28	3062
4.844	1	3	485	5	1	28	3062
4.844	1	1	485	5	2	28	3062
4.844	1	2	485	5	3	28	3062
4.845	1	3	485	6	1	28	3062
4.845	1	1	485	6	2	28	3062
4.845	1	2	485	6	3	28	3062
4.846	1	3	485	7	1	28	3062
4.846	1	1	485	7	2	28	3062
4.846	1	2	485	7	3	28	3062
4.847	1	3	485	8	1	28	3062
4.847	1	1	485	8	2	28	3062
4.847	1	2	485	8	3	28	3062
4.848	1	3	485	9	1	28	3062
4.848	1	1	485	9	2	28	3062
4.848	1	2	485	9	3	28	3062
4.849	1	3	485	10	1	28	3062
4.849	1	1	485	10	2	28	3062
4.849	1	2	485	10	3	28	3062
4.85	1	3	486	1	1	28	3062
4.85	1	1	486	1	2	28	3062
4.85	1	2	486	1	3	28	3062
4.851	1	3	486	2	1	28	3062
4.851	1	1	486	2	2	28	3062
4.851	1	2	486	2	3	28	3062
4.852	1	3	486	3	1	28	3062
4.852	1	1	486	3	2	28	3062
4.852	1	2	486	3	3	28	3062
4.853	1	3	486	4	1	28	3062
4.853	1	1	486	4	2	28	3062
4.853	1	2	486	4	3	28	3062
4.854	1	3	486	5	1	28	3062
4.854	1	1	486	5	2	28	3062
4.854	1	2	486	5	3	28	3062
4.93	1	3	494	1	1	28	3062
4.93	1	1	494	1	2	28	3062
4.93	1	2	494	1	3	28	3062
4.931	1	3	494	2	1	28	3062
4.931	1	1	494	2	2	28	3062
4.931	1	2	494	2	3	28	3062
4.932	1	3	494	3	1	28	3062
4.932	1	1	494	3	2	28	3062
4.932	1	2	494	3	3	28	3062
4.933	1	3	494	4	1	28	3062
4.933	1	1	494	4	2	28	3062
4.933	1	2	494	4	3	28	3062
4.934	1	3	494	5	1	28	3062
4.934	1	1	494	5	2	28	3062
4.934	1	2	494	5	3	28	3062
4.935	1	3	494	6	1	28	3062
4.935	1	1	494	6	2	28	3062
4.935	1	2	494	6	3	28	3062
4.936	1	3	494	7	1	28	3062
4.936	1	1	494	7	2	28	3062
4.936	1	2	494	7	3	28	3062
4.937	1	3	494	8	1	28	3062
4.937	1	1	494	8	2	28	3062
4.937	1	2	494	8	3	28	3062
4.938	1	3	494	9	1	28	3062
4.938	1	1	494	9	2	28	3062
4.938	1	2	494	9	3	28	3062
4.939	1	3	494	10	1	28	3062
4.939	1	1	494	10	2	28	3062
4.939	1	2	494	10	3	28	3062
4.94	1	3	495	1	1	28	3062
4.94	1	1	495	1	2	28	3062
4.94	1	2	495	1	3	28	3062
4.941	1	3	495	2	1	28	3062
4.941	1	1	495	2	2	28	3062
4.941	1	2	495	2	3	28	3062
4.942	1	3	495	3	1	28	3062
4.942	1	1	495	3	2	28	3062
4.942	1	2	495	3	3	28	3062
4.943	1	3	495	4	1	28	3062
4.943	1	1	495	4	2	28	3062
4.943	1	2	495	4	3	28	3062
4.944	1	3	495	5	1	28	3062
4.944	1	1	495	5	2	28	3062
4.944	1	2	495	5	3	28	3062
