0.1 0
0.2 0
0.3 0
0.4 0
0.5 0
0.6 0
0.7 0
0.8 0
0.9 0
1 0
1.1 0
1.2 0
1.3 0
1.4 0
1.5 0
1.6 0.224
1.7 0
1.8 0.336
1.9 0
2 0.336
2.1 0
2.2 0.56
2.3 0
2.4 0.56
2.5 0.336
2.6 0
2.7 1.568
2.8 0
2.9 2.352
3 0
3.1 3.36
3.2 0
3.3 4.928
3.4 0
3.5 4.928
3.6 0
3.7 3.136
3.8 1.792
3.9 0
4 4.928
4.1 0
4.2 4.928
4.3 0
4.4 4.928
4.5 0
4.6 4.928
4.7 0
4.8 4.928
4.9 0
5 3.136
5.1 1.792
5.2 0
5.3 4.928
5.4 0
5.5 4.928
5.6 0
5.7 4.928
5.8 0
5.9 4.928
6 0
6.1 4.928
6.2 0
6.3 3.136
6.4 1.792
6.5 0
6.6 4.928
6.7 0
6.8 4.928
6.9 0
7 4.928
7.1 0
7.2 4.928
7.3 0
7.4 4.928
7.5 0
7.6 2.128
7.7 2.8
7.8 0
7.9 4.928
8 0
8.1 4.928
8.2 0
8.3 4.928
8.4 0
8.5 4.928
8.6 0
8.7 3.808
8.8 1.12
8.9 0.672
9 4.256
9.1 0
9.2 4.928
9.3 0
9.4 4.928
9.5 0
9.6 4.928
9.7 0
9.8 4.928
9.9 0
10 3.136
10.1 1.792
10.2 0
10.3 4.928
10.4 0
10.5 4.928
10.6 0
10.7 4.928
10.8 0
10.9 4.928
11 0
11.1 4.928
11.2 0
11.3 3.136
11.4 1.792
11.5 0
11.6 4.928
11.7 0
11.8 4.928
11.9 0
12 4.928
12.1 0
12.2 4.928
12.3 0
12.4 4.928
12.5 0
12.6 3.136
12.7 1.792
12.8 0
12.9 4.928
13 0
13.1 4.928
13.2 0
13.3 4.928
13.4 0
13.5 4.928
13.6 0
13.7 4.928
13.8 0
13.9 3.136
14 1.792
14.1 0
14.2 4.928
14.3 0
14.4 4.928
14.5 0
14.6 4.928
14.7 0
14.8 4.928
14.9 0
15 4.928
15.1 0
15.2 3.136
15.3 1.792
15.4 0
15.5 4.928
15.6 0
15.7 4.928
15.8 0
15.9 4.928
16 0
16.1 4.928
16.2 0
16.3 4.928
16.4 0
16.5 3.136
16.6 1.792
16.7 0
16.8 4.928
16.9 0
17 4.928
17.1 0
17.2 4.928
17.3 0
17.4 4.928
17.5 0
17.6 4.928
17.7 0
17.8 2.8
17.9 2.128
18 0
18.1 4.928
18.2 0
18.3 4.928
18.4 0
18.5 4.928
18.6 0
18.7 4.928
18.8 0
18.9 4.48
19 0.448
19.1 1.344
19.2 3.584
19.3 0
19.4 4.928
19.5 0
19.6 4.928
19.7 0
19.8 4.928
19.9 0
20 4.928
20.1 0
20.2 3.136
20.3 1.792
20.4 0
20.5 4.928
20.6 0
20.7 4.928
20.8 0
20.9 4.928
21 0
21.1 4.928
21.2 0
21.3 4.928
21.4 0
21.5 3.136
21.6 1.792
21.7 0
21.8 4.928
21.9 0
22 4.928
22.1 0
22.2 4.928
22.3 0
22.4 4.928
22.5 0
22.6 4.928
22.7 0
22.8 3.136
22.9 1.792
23 0
23.1 4.928
23.2 0
23.3 4.928
23.4 0
23.5 4.928
23.6 0
23.7 4.928
23.8 0
23.9 4.928
24 0
24.1 3.136
24.2 1.792
24.3 0
24.4 4.928
24.5 0
24.6 4.928
24.7 0
24.8 4.928
24.9 0
25 4.928
25.1 0
25.2 4.928
25.3 0
25.4 3.136
25.5 1.792
25.6 0
25.7 4.928
25.8 0
25.9 4.928
26 0
26.1 4.928
26.2 0
26.3 4.928
26.4 0
26.5 4.928
26.6 0
26.7 3.136
26.8 1.792
26.9 0
27 4.928
27.1 0
27.2 4.928
27.3 0
27.4 4.928
27.5 0
27.6 4.928
27.7 0
27.8 4.928
27.9 0
28 3.136
28.1 1.792
28.2 0
28.3 4.928
28.4 0
28.5 4.928
28.6 0
28.7 4.928
28.8 0
28.9 4.928
29 0
29.1 4.928
29.2 0
29.3 2.128
29.4 2.8
29.5 0
29.6 4.928
29.7 0
29.8 4.928
29.9 0
30 4.928
30.1 0
30.2 4.928
30.3 0
30.4 3.808
30.5 1.12
30.6 0.672
30.7 4.256
30.8 0
30.9 4.928
31 0
31.1 4.928
31.2 0
31.3 4.928
31.4 0
31.5 4.928
31.6 0
31.7 3.136
31.8 1.792
31.9 0
32 4.928
32.1 0
32.2 4.928
32.3 0
32.4 4.928
32.5 0
32.6 4.928
32.7 0
32.8 4.928
32.9 0
33 3.136
33.1 1.792
33.2 0
33.3 4.928
33.4 0
33.5 4.928
33.6 0
33.7 4.928
33.8 0
33.9 4.928
34 0
34.1 4.928
34.2 0
34.3 3.136
34.4 1.792
34.5 0
34.6 4.928
34.7 0
34.8 4.928
34.9 0
35 4.928
35.1 0
35.2 4.928
35.3 0
35.4 4.928
35.5 0
35.6 3.136
35.7 1.792
35.8 0
35.9 4.928
36 0
36.1 4.928
36.2 0
36.3 4.928
36.4 0
36.5 4.928
36.6 0
36.7 4.928
36.8 0
36.9 3.136
37 1.792
37.1 0
37.2 4.928
37.3 0
37.4 4.928
37.5 0
37.6 4.928
37.7 0
37.8 4.928
37.9 0
38 1.776
38.1 0
38.2 0
38.3 0
38.4 0
38.5 0
38.6 0
38.7 0
38.8 0
38.9 0
39 0
39.1 0
39.2 0
39.3 0
39.4 0
39.5 0
39.6 0
39.7 0
39.8 0
39.9 0
40 0
40.1 0
40.2 0
40.3 0
40.4 0
40.5 0
40.6 0
40.7 0
40.8 0
40.9 0
41 0
41.1 0
41.2 0
41.3 0
41.4 0
41.5 0
41.6 0
41.7 0
41.8 0
41.9 0
42 0
42.1 0
42.2 0
42.3 0
42.4 0
42.5 0
42.6 0
42.7 0
42.8 0
42.9 0
43 0
43.1 0
43.2 0
43.3 0
43.4 0
43.5 0
43.6 0
43.7 0
43.8 0
43.9 0
44 0
44.1 0
44.2 0
44.3 0
44.4 0
44.5 0
44.6 0
44.7 0
44.8 0
44.9 0
45 0
45.1 0
45.2 0
45.3 0
45.4 0
45.5 0
45.6 0
45.7 0
45.8 0
45.9 0
46 0
46.1 0
46.2 0
46.3 0
46.4 0
46.5 0
46.6 0
46.7 0
46.8 0
46.9 0
47 0
47.1 0
47.2 0
47.3 0
47.4 0
47.5 0
47.6 0
47.7 0
47.8 0
47.9 0
48 0
48.1 0
48.2 0
48.3 0
48.4 0
48.5 0
48.6 0
48.7 0
48.8 0
48.9 0
49 0
49.1 0
49.2 0
49.3 0
49.4 0
49.5 0
49.6 0
49.7 0
49.8 0
49.9 0
50 0
50.1 0
50.2 0
50.3 0
50.4 0
50.5 0
50.6 0
50.7 0
50.8 0
50.9 0
51 0
51.1 0
51.2 0
51.3 0
51.4 0
51.5 0
51.6 0
51.7 0
51.8 0
51.9 0
52 0
52.1 0
52.2 0
52.3 0
52.4 0
52.5 0
52.6 0
52.7 0
52.8 0
52.9 0
53 0
53.1 0
53.2 0
53.3 0
53.4 0
53.5 0
53.6 0
53.7 0
53.8 0
53.9 0
54 0
54.1 0
54.2 0
54.3 0
54.4 0
54.5 0
54.6 0
54.7 0
54.8 0
54.9 0
55 0
55.1 0
55.2 0
55.3 0
55.4 0
55.5 0
55.6 0
55.7 0
55.8 0
55.9 0
56 0
56.1 0
56.2 0
56.3 0
56.4 0
56.5 0
56.6 0
56.7 0
56.8 0
56.9 0
57 0
57.1 0
57.2 0
57.3 0
57.4 0
57.5 0
57.6 0
57.7 0
57.8 0
57.9 0
58 0
58.1 0
58.2 0
58.3 0
58.4 0
58.5 0
58.6 0
58.7 0
58.8 0
58.9 0
59 0
59.1 0
59.2 0
59.3 0
59.4 0
59.5 0
59.6 0
59.7 0
59.8 0
59.9 0
