% time	cellId	IMSI	frame	sframe	RNTI	mcs	size
1.025	1	1	103	6	1	28	9422
1.072	1	1	108	3	1	28	9422
1.119	1	1	112	10	1	28	9422
1.166	1	1	117	7	1	28	9422
1.213	1	1	122	4	1	28	9422
1.26	1	1	127	1	1	28	9422
1.307	1	1	131	8	1	28	9422
1.308	1	1	131	9	1	28	9422
1.354	1	1	136	5	1	28	9422
1.355	1	1	136	6	1	28	9422
1.401	1	1	141	2	1	28	9422
1.402	1	1	141	3	1	28	9422
1.403	1	1	141	4	1	28	9422
1.448	1	1	145	9	1	28	9422
1.449	1	1	145	10	1	28	9422
1.45	1	1	146	1	1	28	9422
1.451	1	1	146	2	1	28	9422
1.452	1	1	146	3	1	28	9422
1.495	1	1	150	6	1	28	9422
1.496	1	1	150	7	1	28	9422
1.497	1	1	150	8	1	28	9422
1.498	1	1	150	9	1	28	9422
1.499	1	1	150	10	1	28	9422
1.5	1	1	151	1	1	28	9422
1.501	1	1	151	2	1	28	9422
1.542	1	1	155	3	1	28	9422
1.543	1	1	155	4	1	28	9422
1.544	1	1	155	5	1	28	9422
1.545	1	1	155	6	1	28	9422
1.546	1	1	155	7	1	28	9422
1.547	1	1	155	8	1	28	9422
1.548	1	1	155	9	1	28	9422
1.589	1	1	159	10	1	28	9422
1.59	1	1	160	1	1	28	9422
1.591	1	1	160	2	1	28	9422
1.592	1	1	160	3	1	28	9422
1.593	1	1	160	4	1	28	9422
1.594	1	1	160	5	1	28	9422
1.595	1	1	160	6	1	28	9422
1.636	1	1	164	7	1	28	9422
1.637	1	1	164	8	1	28	9422
1.638	1	1	164	9	1	28	9422
1.639	1	1	164	10	1	28	9422
1.64	1	1	165	1	1	28	9422
1.641	1	1	165	2	1	28	9422
1.642	1	1	165	3	1	28	9422
1.683	1	1	169	4	1	28	9422
1.684	1	1	169	5	1	28	9422
1.685	1	1	169	6	1	28	9422
1.686	1	1	169	7	1	28	9422
1.687	1	1	169	8	1	28	9422
1.688	1	1	169	9	1	28	9422
1.689	1	1	169	10	1	28	9422
1.73	1	1	174	1	1	28	9422
1.731	1	1	174	2	1	28	9422
1.732	1	1	174	3	1	28	9422
1.733	1	1	174	4	1	28	9422
1.734	1	1	174	5	1	28	9422
1.735	1	1	174	6	1	28	9422
1.736	1	1	174	7	1	28	9422
1.777	1	1	178	8	1	28	9422
1.778	1	1	178	9	1	28	9422
1.779	1	1	178	10	1	28	9422
1.78	1	1	179	1	1	28	9422
1.781	1	1	179	2	1	28	9422
1.782	1	1	179	3	1	28	9422
1.783	1	1	179	4	1	28	9422
1.824	1	1	183	5	1	28	9422
1.825	1	1	183	6	1	28	9422
1.826	1	1	183	7	1	28	9422
1.827	1	1	183	8	1	28	9422
1.828	1	1	183	9	1	28	9422
1.829	1	1	183	10	1	28	9422
1.83	1	1	184	1	1	28	9422
1.871	1	1	188	2	1	28	9422
1.872	1	1	188	3	1	28	9422
1.873	1	1	188	4	1	28	9422
1.874	1	1	188	5	1	28	9422
1.875	1	1	188	6	1	28	9422
1.876	1	1	188	7	1	28	9422
1.877	1	1	188	8	1	28	9422
1.918	1	1	192	9	1	28	9422
1.919	1	1	192	10	1	28	9422
1.92	1	1	193	1	1	28	9422
1.921	1	1	193	2	1	28	9422
1.922	1	1	193	3	1	28	9422
1.923	1	1	193	4	1	28	9422
1.924	1	1	193	5	1	28	9422
1.965	1	1	197	6	1	28	9422
1.966	1	1	197	7	1	28	9422
1.967	1	1	197	8	1	28	9422
1.968	1	1	197	9	1	28	9422
1.969	1	1	197	10	1	28	9422
1.97	1	1	198	1	1	28	9422
1.971	1	1	198	2	1	28	9422
2.012	1	1	202	3	1	28	9422
2.013	1	1	202	4	1	28	9422
2.014	1	1	202	5	1	28	9422
2.015	1	1	202	6	1	28	9422
2.016	1	1	202	7	1	28	9422
2.017	1	1	202	8	1	28	9422
2.018	1	1	202	9	1	28	9422
2.059	1	1	206	10	1	28	9422
2.06	1	1	207	1	1	28	9422
2.061	1	1	207	2	1	28	9422
2.062	1	1	207	3	1	28	9422
2.063	1	1	207	4	1	28	9422
2.064	1	1	207	5	1	28	9422
2.065	1	1	207	6	1	28	9422
2.106	1	1	211	7	1	28	9422
2.107	1	1	211	8	1	28	9422
2.108	1	1	211	9	1	28	9422
2.109	1	1	211	10	1	28	9422
2.11	1	1	212	1	1	28	9422
2.111	1	1	212	2	1	28	9422
2.112	1	1	212	3	1	28	9422
2.153	1	1	216	4	1	28	9422
2.154	1	1	216	5	1	28	9422
2.155	1	1	216	6	1	28	9422
2.156	1	1	216	7	1	28	9422
2.157	1	1	216	8	1	28	9422
2.158	1	1	216	9	1	28	9422
2.159	1	1	216	10	1	28	9422
2.2	1	1	221	1	1	28	9422
2.201	1	1	221	2	1	28	9422
2.202	1	1	221	3	1	28	9422
2.203	1	1	221	4	1	28	9422
2.204	1	1	221	5	1	28	9422
2.205	1	1	221	6	1	28	9422
2.206	1	1	221	7	1	28	9422
2.247	1	1	225	8	1	28	9422
2.248	1	1	225	9	1	28	9422
2.249	1	1	225	10	1	28	9422
2.25	1	1	226	1	1	28	9422
2.251	1	1	226	2	1	28	9422
2.252	1	1	226	3	1	28	9422
2.253	1	1	226	4	1	28	9422
2.294	1	1	230	5	1	28	9422
2.295	1	1	230	6	1	28	9422
2.296	1	1	230	7	1	28	9422
2.297	1	1	230	8	1	28	9422
2.298	1	1	230	9	1	28	9422
2.299	1	1	230	10	1	28	9422
2.3	1	1	231	1	1	28	9422
2.341	1	1	235	2	1	28	9422
2.342	1	1	235	3	1	28	9422
2.343	1	1	235	4	1	28	9422
2.344	1	1	235	5	1	28	9422
2.345	1	1	235	6	1	28	9422
2.346	1	1	235	7	1	28	9422
2.347	1	1	235	8	1	28	9422
2.388	1	1	239	9	1	28	9422
2.389	1	1	239	10	1	28	9422
2.39	1	1	240	1	1	28	9422
2.391	1	1	240	2	1	28	9422
2.392	1	1	240	3	1	28	9422
2.393	1	1	240	4	1	28	9422
2.394	1	1	240	5	1	28	9422
2.435	1	1	244	6	1	28	9422
2.436	1	1	244	7	1	28	9422
2.437	1	1	244	8	1	28	9422
2.438	1	1	244	9	1	28	9422
2.439	1	1	244	10	1	28	9422
2.44	1	1	245	1	1	28	9422
2.441	1	1	245	2	1	28	9422
2.482	1	1	249	3	1	28	9422
2.483	1	1	249	4	1	28	9422
2.484	1	1	249	5	1	28	9422
2.485	1	1	249	6	1	28	9422
2.486	1	1	249	7	1	28	9422
2.487	1	1	249	8	1	28	9422
2.488	1	1	249	9	1	28	9422
2.529	1	1	253	10	1	28	9422
2.53	1	1	254	1	1	28	9422
2.531	1	1	254	2	1	28	9422
2.532	1	1	254	3	1	28	9422
2.533	1	1	254	4	1	28	9422
2.534	1	1	254	5	1	28	9422
2.535	1	1	254	6	1	28	9422
2.576	1	1	258	7	1	28	9422
2.577	1	1	258	8	1	28	9422
2.578	1	1	258	9	1	28	9422
2.579	1	1	258	10	1	28	9422
2.58	1	1	259	1	1	28	9422
2.581	1	1	259	2	1	28	9422
2.582	1	1	259	3	1	28	9422
2.623	1	1	263	4	1	28	9422
2.624	1	1	263	5	1	28	9422
2.625	1	1	263	6	1	28	9422
2.626	1	1	263	7	1	28	9422
2.627	1	1	263	8	1	28	9422
2.628	1	1	263	9	1	28	9422
2.629	1	1	263	10	1	28	9422
2.67	1	1	268	1	1	28	9422
2.671	1	1	268	2	1	28	9422
2.672	1	1	268	3	1	28	9422
2.673	1	1	268	4	1	28	9422
2.674	1	1	268	5	1	28	9422
2.675	1	1	268	6	1	28	9422
2.676	1	1	268	7	1	28	9422
2.717	1	1	272	8	1	28	9422
2.718	1	1	272	9	1	28	9422
2.719	1	1	272	10	1	28	9422
2.72	1	1	273	1	1	28	9422
2.721	1	1	273	2	1	28	9422
2.722	1	1	273	3	1	28	9422
2.723	1	1	273	4	1	28	9422
2.764	1	1	277	5	1	28	9422
2.765	1	1	277	6	1	28	9422
2.766	1	1	277	7	1	28	9422
2.767	1	1	277	8	1	28	9422
2.768	1	1	277	9	1	28	9422
2.769	1	1	277	10	1	28	9422
2.77	1	1	278	1	1	28	9422
2.811	1	1	282	2	1	28	9422
2.812	1	1	282	3	1	28	9422
2.813	1	1	282	4	1	28	9422
2.814	1	1	282	5	1	28	9422
2.815	1	1	282	6	1	28	9422
2.816	1	1	282	7	1	28	9422
2.817	1	1	282	8	1	28	9422
2.858	1	1	286	9	1	28	9422
2.859	1	1	286	10	1	28	9422
2.86	1	1	287	1	1	28	9422
2.861	1	1	287	2	1	28	9422
2.862	1	1	287	3	1	28	9422
2.863	1	1	287	4	1	28	9422
2.864	1	1	287	5	1	28	9422
2.905	1	1	291	6	1	28	9422
2.906	1	1	291	7	1	28	9422
2.907	1	1	291	8	1	28	9422
2.908	1	1	291	9	1	28	9422
2.909	1	1	291	10	1	28	9422
2.91	1	1	292	1	1	28	9422
2.911	1	1	292	2	1	28	9422
2.952	1	1	296	3	1	28	9422
2.953	1	1	296	4	1	28	9422
2.954	1	1	296	5	1	28	9422
2.955	1	1	296	6	1	28	9422
2.956	1	1	296	7	1	28	9422
2.957	1	1	296	8	1	28	9422
2.958	1	1	296	9	1	28	9422
2.999	1	1	300	10	1	28	9422
3	1	1	301	1	1	28	9422
3.001	1	1	301	2	1	28	9422
3.002	1	1	301	3	1	28	9422
3.003	1	1	301	4	1	28	9422
3.004	1	1	301	5	1	28	9422
3.005	1	1	301	6	1	28	9422
3.046	1	1	305	7	1	28	9422
3.047	1	1	305	8	1	28	9422
3.048	1	1	305	9	1	28	9422
3.049	1	1	305	10	1	28	9422
3.05	1	1	306	1	1	28	9422
3.051	1	1	306	2	1	28	9422
3.052	1	1	306	3	1	28	9422
3.093	1	1	310	4	1	28	9422
3.094	1	1	310	5	1	28	9422
3.095	1	1	310	6	1	28	9422
3.096	1	1	310	7	1	28	9422
3.097	1	1	310	8	1	28	9422
3.098	1	1	310	9	1	28	9422
3.099	1	1	310	10	1	28	9422
3.14	1	1	315	1	1	28	9422
3.141	1	1	315	2	1	28	9422
3.142	1	1	315	3	1	28	9422
3.143	1	1	315	4	1	28	9422
3.144	1	1	315	5	1	28	9422
3.145	1	1	315	6	1	28	9422
3.146	1	1	315	7	1	28	9422
3.187	1	1	319	8	1	28	9422
3.188	1	1	319	9	1	28	9422
3.189	1	1	319	10	1	28	9422
3.19	1	1	320	1	1	28	9422
3.191	1	1	320	2	1	28	9422
3.192	1	1	320	3	1	28	9422
3.193	1	1	320	4	1	28	9422
3.234	1	1	324	5	1	28	9422
3.235	1	1	324	6	1	28	9422
3.236	1	1	324	7	1	28	9422
3.237	1	1	324	8	1	28	9422
3.238	1	1	324	9	1	28	9422
3.239	1	1	324	10	1	28	9422
3.24	1	1	325	1	1	28	9422
3.281	1	1	329	2	1	28	9422
3.282	1	1	329	3	1	28	9422
3.283	1	1	329	4	1	28	9422
3.284	1	1	329	5	1	28	9422
3.285	1	1	329	6	1	28	9422
3.286	1	1	329	7	1	28	9422
3.287	1	1	329	8	1	28	9422
3.328	1	1	333	9	1	28	9422
3.329	1	1	333	10	1	28	9422
3.33	1	1	334	1	1	28	9422
3.331	1	1	334	2	1	28	9422
3.332	1	1	334	3	1	28	9422
3.333	1	1	334	4	1	28	9422
3.334	1	1	334	5	1	28	9422
3.375	1	1	338	6	1	28	9422
3.376	1	1	338	7	1	28	9422
3.377	1	1	338	8	1	28	9422
3.378	1	1	338	9	1	28	9422
3.379	1	1	338	10	1	28	9422
3.38	1	1	339	1	1	28	9422
3.381	1	1	339	2	1	28	9422
3.422	1	1	343	3	1	28	9422
3.423	1	1	343	4	1	28	9422
3.424	1	1	343	5	1	28	9422
3.425	1	1	343	6	1	28	9422
3.426	1	1	343	7	1	28	9422
3.427	1	1	343	8	1	28	9422
3.428	1	1	343	9	1	28	9422
3.469	1	1	347	10	1	28	9422
3.47	1	1	348	1	1	28	9422
3.471	1	1	348	2	1	28	9422
3.472	1	1	348	3	1	28	9422
3.473	1	1	348	4	1	28	9422
3.474	1	1	348	5	1	28	9422
3.475	1	1	348	6	1	28	9422
3.516	1	1	352	7	1	28	9422
3.517	1	1	352	8	1	28	9422
3.518	1	1	352	9	1	28	9422
3.519	1	1	352	10	1	28	9422
3.52	1	1	353	1	1	28	9422
3.521	1	1	353	2	1	28	9422
3.522	1	1	353	3	1	28	9422
3.563	1	1	357	4	1	28	9422
3.564	1	1	357	5	1	28	9422
3.565	1	1	357	6	1	28	9422
3.566	1	1	357	7	1	28	9422
3.567	1	1	357	8	1	28	9422
3.568	1	1	357	9	1	28	9422
3.569	1	1	357	10	1	28	9422
3.61	1	1	362	1	1	28	9422
3.611	1	1	362	2	1	28	9422
3.612	1	1	362	3	1	28	9422
3.613	1	1	362	4	1	28	9422
3.614	1	1	362	5	1	28	9422
3.615	1	1	362	6	1	28	9422
3.616	1	1	362	7	1	28	9422
3.657	1	1	366	8	1	28	9422
3.658	1	1	366	9	1	28	9422
3.659	1	1	366	10	1	28	9422
3.66	1	1	367	1	1	28	9422
3.661	1	1	367	2	1	28	9422
3.662	1	1	367	3	1	28	9422
3.663	1	1	367	4	1	28	9422
3.704	1	1	371	5	1	28	9422
3.705	1	1	371	6	1	28	9422
3.706	1	1	371	7	1	28	9422
3.707	1	1	371	8	1	28	9422
3.708	1	1	371	9	1	28	9422
3.709	1	1	371	10	1	28	9422
3.71	1	1	372	1	1	28	9422
3.751	1	1	376	2	1	28	9422
3.752	1	1	376	3	1	28	9422
3.753	1	1	376	4	1	28	9422
3.754	1	1	376	5	1	28	9422
3.755	1	1	376	6	1	28	9422
3.756	1	1	376	7	1	28	9422
3.757	1	1	376	8	1	28	9422
3.798	1	1	380	9	1	28	9422
3.799	1	1	380	10	1	28	9422
3.8	1	1	381	1	1	28	9422
3.801	1	1	381	2	1	28	9422
3.802	1	1	381	3	1	28	9422
3.803	1	1	381	4	1	28	9422
3.804	1	1	381	5	1	28	9422
3.845	1	1	385	6	1	28	9422
3.846	1	1	385	7	1	28	9422
3.847	1	1	385	8	1	28	9422
3.848	1	1	385	9	1	28	9422
3.849	1	1	385	10	1	28	9422
3.85	1	1	386	1	1	28	9422
3.851	1	1	386	2	1	28	9422
3.892	1	1	390	3	1	28	9422
3.893	1	1	390	4	1	28	9422
3.894	1	1	390	5	1	28	9422
3.895	1	1	390	6	1	28	9422
3.896	1	1	390	7	1	28	9422
3.897	1	1	390	8	1	28	9422
3.898	1	1	390	9	1	28	9422
3.939	1	1	394	10	1	28	9422
3.94	1	1	395	1	1	28	9422
3.941	1	1	395	2	1	28	9422
3.942	1	1	395	3	1	28	9422
3.943	1	1	395	4	1	28	9422
3.944	1	1	395	5	1	28	9422
3.945	1	1	395	6	1	28	9422
3.986	1	1	399	7	1	28	9422
3.987	1	1	399	8	1	28	9422
3.988	1	1	399	9	1	28	9422
3.989	1	1	399	10	1	28	9422
3.99	1	1	400	1	1	28	9422
3.991	1	1	400	2	1	28	9422
3.992	1	1	400	3	1	28	9422
4.033	1	1	404	4	1	28	9422
4.034	1	1	404	5	1	28	9422
4.035	1	1	404	6	1	28	9422
4.036	1	1	404	7	1	28	9422
4.037	1	1	404	8	1	28	9422
4.038	1	1	404	9	1	28	9422
4.039	1	1	404	10	1	28	9422
4.08	1	1	409	1	1	28	9422
4.081	1	1	409	2	1	28	9422
4.082	1	1	409	3	1	28	9422
4.083	1	1	409	4	1	28	9422
4.084	1	1	409	5	1	28	9422
4.085	1	1	409	6	1	28	9422
4.086	1	1	409	7	1	28	9422
4.127	1	1	413	8	1	28	9422
4.128	1	1	413	9	1	28	9422
4.129	1	1	413	10	1	28	9422
4.13	1	1	414	1	1	28	9422
4.131	1	1	414	2	1	28	9422
4.132	1	1	414	3	1	28	9422
4.133	1	1	414	4	1	28	9422
4.174	1	1	418	5	1	28	9422
4.175	1	1	418	6	1	28	9422
4.176	1	1	418	7	1	28	9422
4.177	1	1	418	8	1	28	9422
4.178	1	1	418	9	1	28	9422
4.179	1	1	418	10	1	28	9422
4.18	1	1	419	1	1	28	9422
4.221	1	1	423	2	1	28	9422
4.222	1	1	423	3	1	28	9422
4.223	1	1	423	4	1	28	9422
4.224	1	1	423	5	1	28	9422
4.225	1	1	423	6	1	28	9422
4.226	1	1	423	7	1	28	9422
4.227	1	1	423	8	1	28	9422
4.268	1	1	427	9	1	28	9422
4.269	1	1	427	10	1	28	9422
4.27	1	1	428	1	1	28	9422
4.271	1	1	428	2	1	28	9422
4.272	1	1	428	3	1	28	9422
4.273	1	1	428	4	1	28	9422
4.274	1	1	428	5	1	28	9422
4.315	1	1	432	6	1	28	9422
4.316	1	1	432	7	1	28	9422
4.317	1	1	432	8	1	28	9422
4.318	1	1	432	9	1	28	9422
4.319	1	1	432	10	1	28	9422
4.32	1	1	433	1	1	28	9422
4.321	1	1	433	2	1	28	9422
4.362	1	1	437	3	1	28	9422
4.363	1	1	437	4	1	28	9422
4.364	1	1	437	5	1	28	9422
4.365	1	1	437	6	1	28	9422
4.366	1	1	437	7	1	28	9422
4.367	1	1	437	8	1	28	9422
4.368	1	1	437	9	1	28	9422
4.409	1	1	441	10	1	28	9422
4.41	1	1	442	1	1	28	9422
4.411	1	1	442	2	1	28	9422
4.412	1	1	442	3	1	28	9422
4.413	1	1	442	4	1	28	9422
4.414	1	1	442	5	1	28	9422
4.415	1	1	442	6	1	28	9422
4.456	1	1	446	7	1	28	9422
4.457	1	1	446	8	1	28	9422
4.458	1	1	446	9	1	28	9422
4.459	1	1	446	10	1	28	9422
4.46	1	1	447	1	1	28	9422
4.461	1	1	447	2	1	28	9422
4.462	1	1	447	3	1	28	9422
4.503	1	1	451	4	1	28	9422
4.504	1	1	451	5	1	28	9422
4.505	1	1	451	6	1	28	9422
4.506	1	1	451	7	1	28	9422
4.507	1	1	451	8	1	28	9422
4.508	1	1	451	9	1	28	9422
4.509	1	1	451	10	1	28	9422
4.55	1	1	456	1	1	28	9422
4.551	1	1	456	2	1	28	9422
4.552	1	1	456	3	1	28	9422
4.553	1	1	456	4	1	28	9422
4.554	1	1	456	5	1	28	9422
4.555	1	1	456	6	1	28	9422
4.556	1	1	456	7	1	28	9422
4.597	1	1	460	8	1	28	9422
4.598	1	1	460	9	1	28	9422
4.599	1	1	460	10	1	28	9422
4.6	1	1	461	1	1	28	9422
4.601	1	1	461	2	1	28	9422
4.602	1	1	461	3	1	28	9422
4.603	1	1	461	4	1	28	9422
4.644	1	1	465	5	1	28	9422
4.645	1	1	465	6	1	28	9422
4.646	1	1	465	7	1	28	9422
4.647	1	1	465	8	1	28	9422
4.648	1	1	465	9	1	28	9422
4.649	1	1	465	10	1	28	9422
4.65	1	1	466	1	1	28	9422
4.691	1	1	470	2	1	28	9422
4.692	1	1	470	3	1	28	9422
4.693	1	1	470	4	1	28	9422
4.694	1	1	470	5	1	28	9422
4.695	1	1	470	6	1	28	9422
4.696	1	1	470	7	1	28	9422
4.697	1	1	470	8	1	28	9422
4.738	1	1	474	9	1	28	9422
4.739	1	1	474	10	1	28	9422
4.74	1	1	475	1	1	28	9422
4.741	1	1	475	2	1	28	9422
4.742	1	1	475	3	1	28	9422
4.743	1	1	475	4	1	28	9422
4.744	1	1	475	5	1	28	9422
4.785	1	1	479	6	1	28	9422
4.786	1	1	479	7	1	28	9422
4.787	1	1	479	8	1	28	9422
4.788	1	1	479	9	1	28	9422
4.789	1	1	479	10	1	28	9422
4.79	1	1	480	1	1	28	9422
4.791	1	1	480	2	1	28	9422
4.832	1	1	484	3	1	28	9422
4.833	1	1	484	4	1	28	9422
4.834	1	1	484	5	1	28	9422
4.835	1	1	484	6	1	28	9422
4.836	1	1	484	7	1	28	9422
4.837	1	1	484	8	1	28	9422
4.838	1	1	484	9	1	28	9422
4.879	1	1	488	10	1	28	9422
4.88	1	1	489	1	1	28	9422
4.881	1	1	489	2	1	28	9422
4.882	1	1	489	3	1	28	9422
4.883	1	1	489	4	1	28	9422
4.884	1	1	489	5	1	28	9422
4.885	1	1	489	6	1	28	9422
4.926	1	1	493	7	1	28	9422
4.927	1	1	493	8	1	28	9422
4.928	1	1	493	9	1	28	9422
4.929	1	1	493	10	1	28	9422
4.93	1	1	494	1	1	28	9422
4.931	1	1	494	2	1	28	9422
4.932	1	1	494	3	1	28	9422
4.973	1	1	498	4	1	28	9422
4.974	1	1	498	5	1	28	9422
4.975	1	1	498	6	1	28	9422
4.976	1	1	498	7	1	28	9422
4.977	1	1	498	8	1	28	9422
4.978	1	1	498	9	1	28	9422
4.979	1	1	498	10	1	28	9422
5.02	1	1	503	1	1	28	9422
5.021	1	1	503	2	1	28	9422
5.022	1	1	503	3	1	28	9422
5.023	1	1	503	4	1	28	9422
5.024	1	1	503	5	1	28	9422
5.025	1	1	503	6	1	28	9422
5.026	1	1	503	7	1	28	9422
5.067	1	1	507	8	1	28	9422
5.068	1	1	507	9	1	28	9422
5.069	1	1	507	10	1	28	9422
5.07	1	1	508	1	1	28	9422
5.071	1	1	508	2	1	28	9422
5.072	1	1	508	3	1	28	9422
5.073	1	1	508	4	1	28	9422
5.114	1	1	512	5	1	28	9422
5.115	1	1	512	6	1	28	9422
5.116	1	1	512	7	1	28	9422
5.117	1	1	512	8	1	28	9422
5.118	1	1	512	9	1	28	9422
5.119	1	1	512	10	1	28	9422
5.12	1	1	513	1	1	28	9422
5.161	1	1	517	2	1	28	9422
5.162	1	1	517	3	1	28	9422
5.163	1	1	517	4	1	28	9422
5.164	1	1	517	5	1	28	9422
5.165	1	1	517	6	1	28	9422
5.166	1	1	517	7	1	28	9422
5.167	1	1	517	8	1	28	9422
5.208	1	1	521	9	1	28	9422
5.209	1	1	521	10	1	28	9422
5.21	1	1	522	1	1	28	9422
5.211	1	1	522	2	1	28	9422
5.212	1	1	522	3	1	28	9422
5.213	1	1	522	4	1	28	9422
5.214	1	1	522	5	1	28	9422
5.255	1	1	526	6	1	28	9422
5.256	1	1	526	7	1	28	9422
5.257	1	1	526	8	1	28	9422
5.258	1	1	526	9	1	28	9422
5.259	1	1	526	10	1	28	9422
5.26	1	1	527	1	1	28	9422
5.261	1	1	527	2	1	28	9422
5.302	1	1	531	3	1	28	9422
5.303	1	1	531	4	1	28	9422
5.304	1	1	531	5	1	28	9422
5.305	1	1	531	6	1	28	9422
5.306	1	1	531	7	1	28	9422
5.307	1	1	531	8	1	28	9422
5.308	1	1	531	9	1	28	9422
5.349	1	1	535	10	1	28	9422
5.35	1	1	536	1	1	28	9422
5.351	1	1	536	2	1	28	9422
5.352	1	1	536	3	1	28	9422
5.353	1	1	536	4	1	28	9422
5.354	1	1	536	5	1	28	9422
5.355	1	1	536	6	1	28	9422
5.396	1	1	540	7	1	28	9422
5.397	1	1	540	8	1	28	9422
5.398	1	1	540	9	1	28	9422
5.399	1	1	540	10	1	28	9422
5.4	1	1	541	1	1	28	9422
5.401	1	1	541	2	1	28	9422
5.402	1	1	541	3	1	28	9422
5.443	1	1	545	4	1	28	9422
5.444	1	1	545	5	1	28	9422
5.445	1	1	545	6	1	28	9422
5.446	1	1	545	7	1	28	9422
5.447	1	1	545	8	1	28	9422
5.448	1	1	545	9	1	28	9422
5.449	1	1	545	10	1	28	9422
5.49	1	1	550	1	1	28	9422
5.491	1	1	550	2	1	28	9422
5.492	1	1	550	3	1	28	9422
5.493	1	1	550	4	1	28	9422
5.494	1	1	550	5	1	28	9422
5.495	1	1	550	6	1	28	9422
5.496	1	1	550	7	1	28	9422
5.537	1	1	554	8	1	28	9422
5.538	1	1	554	9	1	28	9422
5.539	1	1	554	10	1	28	9422
5.54	1	1	555	1	1	28	9422
5.541	1	1	555	2	1	28	9422
5.542	1	1	555	3	1	28	9422
5.543	1	1	555	4	1	28	9422
5.584	1	1	559	5	1	28	9422
5.585	1	1	559	6	1	28	9422
5.586	1	1	559	7	1	28	9422
5.587	1	1	559	8	1	28	9422
5.588	1	1	559	9	1	28	9422
5.589	1	1	559	10	1	28	9422
5.59	1	1	560	1	1	28	9422
5.631	1	1	564	2	1	28	9422
5.632	1	1	564	3	1	28	9422
5.633	1	1	564	4	1	28	9422
5.634	1	1	564	5	1	28	9422
5.635	1	1	564	6	1	28	9422
5.636	1	1	564	7	1	28	9422
5.637	1	1	564	8	1	28	9422
5.678	1	1	568	9	1	28	9422
5.679	1	1	568	10	1	28	9422
5.68	1	1	569	1	1	28	9422
5.681	1	1	569	2	1	28	9422
5.682	1	1	569	3	1	28	9422
5.683	1	1	569	4	1	28	9422
5.684	1	1	569	5	1	28	9422
5.725	1	1	573	6	1	28	9422
5.726	1	1	573	7	1	28	9422
5.727	1	1	573	8	1	28	9422
5.728	1	1	573	9	1	28	9422
5.729	1	1	573	10	1	28	9422
5.73	1	1	574	1	1	28	9422
5.731	1	1	574	2	1	28	9422
5.772	1	1	578	3	1	28	9422
5.773	1	1	578	4	1	28	9422
5.774	1	1	578	5	1	28	9422
5.775	1	1	578	6	1	28	9422
5.776	1	1	578	7	1	28	9422
5.777	1	1	578	8	1	28	9422
5.778	1	1	578	9	1	28	9422
5.819	1	1	582	10	1	28	9422
5.82	1	1	583	1	1	28	9422
5.821	1	1	583	2	1	28	9422
5.822	1	1	583	3	1	28	9422
5.823	1	1	583	4	1	28	9422
5.824	1	1	583	5	1	28	9422
5.825	1	1	583	6	1	28	9422
5.866	1	1	587	7	1	28	9422
5.867	1	1	587	8	1	28	9422
5.868	1	1	587	9	1	28	9422
5.869	1	1	587	10	1	28	9422
5.87	1	1	588	1	1	28	9422
5.871	1	1	588	2	1	28	9422
5.872	1	1	588	3	1	28	9422
5.913	1	1	592	4	1	28	9422
5.914	1	1	592	5	1	28	9422
5.915	1	1	592	6	1	28	9422
5.916	1	1	592	7	1	28	9422
5.917	1	1	592	8	1	28	9422
5.918	1	1	592	9	1	28	9422
5.919	1	1	592	10	1	28	9422
5.96	1	1	597	1	1	28	9422
5.961	1	1	597	2	1	28	9422
5.962	1	1	597	3	1	28	9422
5.963	1	1	597	4	1	28	9422
5.964	1	1	597	5	1	28	9422
5.965	1	1	597	6	1	28	9422
5.966	1	1	597	7	1	28	9422
6.007	1	1	601	8	1	28	9422
6.008	1	1	601	9	1	28	9422
6.009	1	1	601	10	1	28	9422
6.01	1	1	602	1	1	28	9422
6.011	1	1	602	2	1	28	9422
6.012	1	1	602	3	1	28	9422
6.013	1	1	602	4	1	28	9422
6.054	1	1	606	5	1	28	9422
6.055	1	1	606	6	1	28	9422
6.056	1	1	606	7	1	28	9422
6.057	1	1	606	8	1	28	9422
6.058	1	1	606	9	1	28	9422
6.059	1	1	606	10	1	28	9422
6.06	1	1	607	1	1	28	9422
6.101	1	1	611	2	1	28	9422
6.102	1	1	611	3	1	28	9422
6.103	1	1	611	4	1	28	9422
6.104	1	1	611	5	1	28	9422
6.105	1	1	611	6	1	28	9422
6.106	1	1	611	7	1	28	9422
6.107	1	1	611	8	1	28	9422
6.148	1	1	615	9	1	28	9422
6.149	1	1	615	10	1	28	9422
6.15	1	1	616	1	1	28	9422
6.151	1	1	616	2	1	28	9422
6.152	1	1	616	3	1	28	9422
6.153	1	1	616	4	1	28	9422
6.154	1	1	616	5	1	28	9422
6.195	1	1	620	6	1	28	9422
6.196	1	1	620	7	1	28	9422
6.197	1	1	620	8	1	28	9422
6.198	1	1	620	9	1	28	9422
6.199	1	1	620	10	1	28	9422
6.2	1	1	621	1	1	28	9422
6.201	1	1	621	2	1	28	9422
6.242	1	1	625	3	1	28	9422
6.243	1	1	625	4	1	28	9422
6.244	1	1	625	5	1	28	9422
6.245	1	1	625	6	1	28	9422
6.246	1	1	625	7	1	28	9422
6.247	1	1	625	8	1	28	9422
6.248	1	1	625	9	1	28	9422
6.289	1	1	629	10	1	28	9422
6.29	1	1	630	1	1	28	9422
6.291	1	1	630	2	1	28	9422
6.292	1	1	630	3	1	28	9422
6.293	1	1	630	4	1	28	9422
6.294	1	1	630	5	1	28	9422
6.295	1	1	630	6	1	28	9422
6.336	1	1	634	7	1	28	9422
6.337	1	1	634	8	1	28	9422
6.338	1	1	634	9	1	28	9422
6.339	1	1	634	10	1	28	9422
6.34	1	1	635	1	1	28	9422
6.341	1	1	635	2	1	28	9422
6.342	1	1	635	3	1	28	9422
6.383	1	1	639	4	1	28	9422
6.384	1	1	639	5	1	28	9422
6.385	1	1	639	6	1	28	9422
6.386	1	1	639	7	1	28	9422
6.387	1	1	639	8	1	28	9422
6.388	1	1	639	9	1	28	9422
6.389	1	1	639	10	1	28	9422
6.43	1	1	644	1	1	28	9422
6.431	1	1	644	2	1	28	9422
6.432	1	1	644	3	1	28	9422
6.433	1	1	644	4	1	28	9422
6.434	1	1	644	5	1	28	9422
6.435	1	1	644	6	1	28	9422
6.436	1	1	644	7	1	28	9422
6.477	1	1	648	8	1	28	9422
6.478	1	1	648	9	1	28	9422
6.479	1	1	648	10	1	28	9422
6.48	1	1	649	1	1	28	9422
6.481	1	1	649	2	1	28	9422
6.482	1	1	649	3	1	28	9422
6.483	1	1	649	4	1	28	9422
6.524	1	1	653	5	1	28	9422
6.525	1	1	653	6	1	28	9422
6.526	1	1	653	7	1	28	9422
6.527	1	1	653	8	1	28	9422
6.528	1	1	653	9	1	28	9422
6.529	1	1	653	10	1	28	9422
6.53	1	1	654	1	1	28	9422
6.571	1	1	658	2	1	28	9422
6.572	1	1	658	3	1	28	9422
6.573	1	1	658	4	1	28	9422
6.574	1	1	658	5	1	28	9422
6.575	1	1	658	6	1	28	9422
6.576	1	1	658	7	1	28	9422
6.577	1	1	658	8	1	28	9422
6.618	1	1	662	9	1	28	9422
6.619	1	1	662	10	1	28	9422
6.62	1	1	663	1	1	28	9422
6.621	1	1	663	2	1	28	9422
6.622	1	1	663	3	1	28	9422
6.623	1	1	663	4	1	28	9422
6.624	1	1	663	5	1	28	9422
6.665	1	1	667	6	1	28	9422
6.666	1	1	667	7	1	28	9422
6.667	1	1	667	8	1	28	9422
6.668	1	1	667	9	1	28	9422
6.669	1	1	667	10	1	28	9422
6.67	1	1	668	1	1	28	9422
6.671	1	1	668	2	1	28	9422
6.712	1	1	672	3	1	28	9422
6.713	1	1	672	4	1	28	9422
6.714	1	1	672	5	1	28	9422
6.715	1	1	672	6	1	28	9422
6.716	1	1	672	7	1	28	9422
6.717	1	1	672	8	1	28	9422
6.718	1	1	672	9	1	28	9422
6.759	1	1	676	10	1	28	9422
6.76	1	1	677	1	1	28	9422
6.761	1	1	677	2	1	28	9422
6.762	1	1	677	3	1	28	9422
6.763	1	1	677	4	1	28	9422
6.764	1	1	677	5	1	28	9422
6.765	1	1	677	6	1	28	9422
6.806	1	1	681	7	1	28	9422
6.807	1	1	681	8	1	28	9422
6.808	1	1	681	9	1	28	9422
6.809	1	1	681	10	1	28	9422
6.81	1	1	682	1	1	28	9422
6.811	1	1	682	2	1	28	9422
6.812	1	1	682	3	1	28	9422
6.853	1	1	686	4	1	28	9422
6.854	1	1	686	5	1	28	9422
6.855	1	1	686	6	1	28	9422
6.856	1	1	686	7	1	28	9422
6.857	1	1	686	8	1	28	9422
6.858	1	1	686	9	1	28	9422
6.859	1	1	686	10	1	28	9422
6.9	1	1	691	1	1	28	9422
6.901	1	1	691	2	1	28	9422
6.902	1	1	691	3	1	28	9422
6.903	1	1	691	4	1	28	9422
6.904	1	1	691	5	1	28	9422
6.905	1	1	691	6	1	28	9422
6.906	1	1	691	7	1	28	9422
6.947	1	1	695	8	1	28	9422
6.948	1	1	695	9	1	28	9422
6.949	1	1	695	10	1	28	9422
6.95	1	1	696	1	1	28	9422
6.951	1	1	696	2	1	28	9422
6.952	1	1	696	3	1	28	9422
6.953	1	1	696	4	1	28	9422
6.994	1	1	700	5	1	28	9422
6.995	1	1	700	6	1	28	9422
6.996	1	1	700	7	1	28	9422
6.997	1	1	700	8	1	28	9422
6.998	1	1	700	9	1	28	9422
6.999	1	1	700	10	1	28	9422
7	1	1	701	1	1	28	9422
7.041	1	1	705	2	1	28	9422
7.042	1	1	705	3	1	28	9422
7.043	1	1	705	4	1	28	9422
7.044	1	1	705	5	1	28	9422
7.045	1	1	705	6	1	28	9422
7.046	1	1	705	7	1	28	9422
7.047	1	1	705	8	1	28	9422
7.088	1	1	709	9	1	28	9422
7.089	1	1	709	10	1	28	9422
7.09	1	1	710	1	1	28	9422
7.091	1	1	710	2	1	28	9422
7.092	1	1	710	3	1	28	9422
7.093	1	1	710	4	1	28	9422
7.094	1	1	710	5	1	28	9422
7.135	1	1	714	6	1	28	9422
7.136	1	1	714	7	1	28	9422
7.137	1	1	714	8	1	28	9422
7.138	1	1	714	9	1	28	9422
7.139	1	1	714	10	1	28	9422
7.14	1	1	715	1	1	28	9422
7.141	1	1	715	2	1	28	9422
7.182	1	1	719	3	1	28	9422
7.183	1	1	719	4	1	28	9422
7.184	1	1	719	5	1	28	9422
7.185	1	1	719	6	1	28	9422
7.186	1	1	719	7	1	28	9422
7.187	1	1	719	8	1	28	9422
7.188	1	1	719	9	1	28	9422
7.229	1	1	723	10	1	28	9422
7.23	1	1	724	1	1	28	9422
7.231	1	1	724	2	1	28	9422
7.232	1	1	724	3	1	28	9422
7.233	1	1	724	4	1	28	9422
7.234	1	1	724	5	1	28	9422
7.235	1	1	724	6	1	28	9422
7.276	1	1	728	7	1	28	9422
7.277	1	1	728	8	1	28	9422
7.278	1	1	728	9	1	28	9422
7.279	1	1	728	10	1	28	9422
7.28	1	1	729	1	1	28	9422
7.281	1	1	729	2	1	28	9422
7.282	1	1	729	3	1	28	9422
7.323	1	1	733	4	1	28	9422
7.324	1	1	733	5	1	28	9422
7.325	1	1	733	6	1	28	9422
7.326	1	1	733	7	1	28	9422
7.327	1	1	733	8	1	28	9422
7.328	1	1	733	9	1	28	9422
7.329	1	1	733	10	1	28	9422
7.37	1	1	738	1	1	28	9422
7.371	1	1	738	2	1	28	9422
7.372	1	1	738	3	1	28	9422
7.373	1	1	738	4	1	28	9422
7.374	1	1	738	5	1	28	9422
7.375	1	1	738	6	1	28	9422
7.376	1	1	738	7	1	28	9422
7.417	1	1	742	8	1	28	9422
7.418	1	1	742	9	1	28	9422
7.419	1	1	742	10	1	28	9422
7.42	1	1	743	1	1	28	9422
7.421	1	1	743	2	1	28	9422
7.422	1	1	743	3	1	28	9422
7.423	1	1	743	4	1	28	9422
7.464	1	1	747	5	1	28	9422
7.465	1	1	747	6	1	28	9422
7.466	1	1	747	7	1	28	9422
7.467	1	1	747	8	1	28	9422
7.468	1	1	747	9	1	28	9422
7.469	1	1	747	10	1	28	9422
7.47	1	1	748	1	1	28	9422
7.511	1	1	752	2	1	28	9422
7.512	1	1	752	3	1	28	9422
7.513	1	1	752	4	1	28	9422
7.514	1	1	752	5	1	28	9422
7.515	1	1	752	6	1	28	9422
7.516	1	1	752	7	1	28	9422
7.517	1	1	752	8	1	28	9422
7.558	1	1	756	9	1	28	9422
7.559	1	1	756	10	1	28	9422
7.56	1	1	757	1	1	28	9422
7.561	1	1	757	2	1	28	9422
7.562	1	1	757	3	1	28	9422
7.563	1	1	757	4	1	28	9422
7.564	1	1	757	5	1	28	9422
7.605	1	1	761	6	1	28	9422
7.606	1	1	761	7	1	28	9422
7.607	1	1	761	8	1	28	9422
7.608	1	1	761	9	1	28	9422
7.609	1	1	761	10	1	28	9422
7.61	1	1	762	1	1	28	9422
7.611	1	1	762	2	1	28	9422
7.652	1	1	766	3	1	28	9422
7.653	1	1	766	4	1	28	9422
7.654	1	1	766	5	1	28	9422
7.655	1	1	766	6	1	28	9422
7.656	1	1	766	7	1	28	9422
7.657	1	1	766	8	1	28	9422
7.658	1	1	766	9	1	28	9422
7.699	1	1	770	10	1	28	9422
7.7	1	1	771	1	1	28	9422
7.701	1	1	771	2	1	28	9422
7.702	1	1	771	3	1	28	9422
7.703	1	1	771	4	1	28	9422
7.704	1	1	771	5	1	28	9422
7.705	1	1	771	6	1	28	9422
7.746	1	1	775	7	1	28	9422
7.747	1	1	775	8	1	28	9422
7.748	1	1	775	9	1	28	9422
7.749	1	1	775	10	1	28	9422
7.75	1	1	776	1	1	28	9422
7.751	1	1	776	2	1	28	9422
7.752	1	1	776	3	1	28	9422
7.793	1	1	780	4	1	28	9422
7.794	1	1	780	5	1	28	9422
7.795	1	1	780	6	1	28	9422
7.796	1	1	780	7	1	28	9422
7.797	1	1	780	8	1	28	9422
7.798	1	1	780	9	1	28	9422
7.799	1	1	780	10	1	28	9422
7.84	1	1	785	1	1	28	9422
7.841	1	1	785	2	1	28	9422
7.842	1	1	785	3	1	28	9422
7.843	1	1	785	4	1	28	9422
7.844	1	1	785	5	1	28	9422
7.845	1	1	785	6	1	28	9422
7.846	1	1	785	7	1	28	9422
7.887	1	1	789	8	1	28	9422
7.888	1	1	789	9	1	28	9422
7.889	1	1	789	10	1	28	9422
7.89	1	1	790	1	1	28	9422
7.891	1	1	790	2	1	28	9422
7.892	1	1	790	3	1	28	9422
7.893	1	1	790	4	1	28	9422
7.934	1	1	794	5	1	28	9422
7.935	1	1	794	6	1	28	9422
7.936	1	1	794	7	1	28	9422
7.937	1	1	794	8	1	28	9422
7.938	1	1	794	9	1	28	9422
7.939	1	1	794	10	1	28	9422
7.94	1	1	795	1	1	28	9422
7.981	1	1	799	2	1	28	9422
7.982	1	1	799	3	1	28	9422
7.983	1	1	799	4	1	28	9422
7.984	1	1	799	5	1	28	9422
7.985	1	1	799	6	1	28	9422
7.986	1	1	799	7	1	28	9422
7.987	1	1	799	8	1	28	9422
8.028	1	1	803	9	1	28	9422
8.029	1	1	803	10	1	28	9422
8.03	1	1	804	1	1	28	9422
8.031	1	1	804	2	1	28	9422
8.032	1	1	804	3	1	28	9422
8.033	1	1	804	4	1	28	9422
8.034	1	1	804	5	1	28	9422
8.075	1	1	808	6	1	28	9422
8.076	1	1	808	7	1	28	9422
8.077	1	1	808	8	1	28	9422
8.078	1	1	808	9	1	28	9422
8.079	1	1	808	10	1	28	9422
8.08	1	1	809	1	1	28	9422
8.081	1	1	809	2	1	28	9422
8.122	1	1	813	3	1	28	9422
8.123	1	1	813	4	1	28	9422
8.124	1	1	813	5	1	28	9422
8.125	1	1	813	6	1	28	9422
8.126	1	1	813	7	1	28	9422
8.127	1	1	813	8	1	28	9422
8.128	1	1	813	9	1	28	9422
8.169	1	1	817	10	1	28	9422
8.17	1	1	818	1	1	28	9422
8.171	1	1	818	2	1	28	9422
8.172	1	1	818	3	1	28	9422
8.173	1	1	818	4	1	28	9422
8.174	1	1	818	5	1	28	9422
8.175	1	1	818	6	1	28	9422
8.216	1	1	822	7	1	28	9422
8.217	1	1	822	8	1	28	9422
8.218	1	1	822	9	1	28	9422
8.219	1	1	822	10	1	28	9422
8.22	1	1	823	1	1	28	9422
8.221	1	1	823	2	1	28	9422
8.222	1	1	823	3	1	28	9422
8.263	1	1	827	4	1	28	9422
8.264	1	1	827	5	1	28	9422
8.265	1	1	827	6	1	28	9422
8.266	1	1	827	7	1	28	9422
8.267	1	1	827	8	1	28	9422
8.268	1	1	827	9	1	28	9422
8.269	1	1	827	10	1	28	9422
8.31	1	1	832	1	1	28	9422
8.311	1	1	832	2	1	28	9422
8.312	1	1	832	3	1	28	9422
8.313	1	1	832	4	1	28	9422
8.314	1	1	832	5	1	28	9422
8.315	1	1	832	6	1	28	9422
8.316	1	1	832	7	1	28	9422
8.357	1	1	836	8	1	28	9422
8.358	1	1	836	9	1	28	9422
8.359	1	1	836	10	1	28	9422
8.36	1	1	837	1	1	28	9422
8.361	1	1	837	2	1	28	9422
8.362	1	1	837	3	1	28	9422
8.363	1	1	837	4	1	28	9422
8.404	1	1	841	5	1	28	9422
8.405	1	1	841	6	1	28	9422
8.406	1	1	841	7	1	28	9422
8.407	1	1	841	8	1	28	9422
8.408	1	1	841	9	1	28	9422
8.409	1	1	841	10	1	28	9422
8.41	1	1	842	1	1	28	9422
8.451	1	1	846	2	1	28	9422
8.452	1	1	846	3	1	28	9422
8.453	1	1	846	4	1	28	9422
8.454	1	1	846	5	1	28	9422
8.455	1	1	846	6	1	28	9422
8.456	1	1	846	7	1	28	9422
8.457	1	1	846	8	1	28	9422
8.498	1	1	850	9	1	28	9422
8.499	1	1	850	10	1	28	9422
8.5	1	1	851	1	1	28	9422
8.501	1	1	851	2	1	28	9422
8.502	1	1	851	3	1	28	9422
8.503	1	1	851	4	1	28	9422
8.504	1	1	851	5	1	28	9422
8.545	1	1	855	6	1	28	9422
8.546	1	1	855	7	1	28	9422
8.547	1	1	855	8	1	28	9422
8.548	1	1	855	9	1	28	9422
8.549	1	1	855	10	1	28	9422
8.55	1	1	856	1	1	28	9422
8.551	1	1	856	2	1	28	9422
8.592	1	1	860	3	1	28	9422
8.593	1	1	860	4	1	28	9422
8.594	1	1	860	5	1	28	9422
8.595	1	1	860	6	1	28	9422
8.596	1	1	860	7	1	28	9422
8.597	1	1	860	8	1	28	9422
8.598	1	1	860	9	1	28	9422
8.639	1	1	864	10	1	28	9422
8.64	1	1	865	1	1	28	9422
8.641	1	1	865	2	1	28	9422
8.642	1	1	865	3	1	28	9422
8.643	1	1	865	4	1	28	9422
8.644	1	1	865	5	1	28	9422
8.645	1	1	865	6	1	28	9422
8.686	1	1	869	7	1	28	9422
8.687	1	1	869	8	1	28	9422
8.688	1	1	869	9	1	28	9422
8.689	1	1	869	10	1	28	9422
8.69	1	1	870	1	1	28	9422
8.691	1	1	870	2	1	28	9422
8.692	1	1	870	3	1	28	9422
8.733	1	1	874	4	1	28	9422
8.734	1	1	874	5	1	28	9422
8.735	1	1	874	6	1	28	9422
8.736	1	1	874	7	1	28	9422
8.737	1	1	874	8	1	28	9422
8.738	1	1	874	9	1	28	9422
8.739	1	1	874	10	1	28	9422
8.78	1	1	879	1	1	28	9422
8.781	1	1	879	2	1	28	9422
8.782	1	1	879	3	1	28	9422
8.783	1	1	879	4	1	28	9422
8.784	1	1	879	5	1	28	9422
8.785	1	1	879	6	1	28	9422
8.786	1	1	879	7	1	28	9422
8.827	1	1	883	8	1	28	9422
8.828	1	1	883	9	1	28	9422
8.829	1	1	883	10	1	28	9422
8.83	1	1	884	1	1	28	9422
8.831	1	1	884	2	1	28	9422
8.832	1	1	884	3	1	28	9422
8.833	1	1	884	4	1	28	9422
8.874	1	1	888	5	1	28	9422
8.875	1	1	888	6	1	28	9422
8.876	1	1	888	7	1	28	9422
8.877	1	1	888	8	1	28	9422
8.878	1	1	888	9	1	28	9422
8.879	1	1	888	10	1	28	9422
8.88	1	1	889	1	1	28	9422
8.921	1	1	893	2	1	28	9422
8.922	1	1	893	3	1	28	9422
8.923	1	1	893	4	1	28	9422
8.924	1	1	893	5	1	28	9422
8.925	1	1	893	6	1	28	9422
8.926	1	1	893	7	1	28	9422
8.927	1	1	893	8	1	28	9422
8.968	1	1	897	9	1	28	9422
8.969	1	1	897	10	1	28	9422
8.97	1	1	898	1	1	28	9422
8.971	1	1	898	2	1	28	9422
8.972	1	1	898	3	1	28	9422
8.973	1	1	898	4	1	28	9422
8.974	1	1	898	5	1	28	9422
9.015	1	1	902	6	1	28	9422
9.016	1	1	902	7	1	28	9422
9.017	1	1	902	8	1	28	9422
9.018	1	1	902	9	1	28	9422
