% time	cellId	IMSI	frame	sframe	RNTI	mcs	size
1.11	1	1	112	1	1	28	4587
1.327	1	1	133	8	1	28	4587
1.544	1	1	155	5	1	28	4587
1.761	1	1	177	2	1	28	4587
1.961	1	1	197	2	1	28	4587
1.978	1	1	198	9	1	28	4587
2.178	1	1	218	9	1	28	4587
2.195	1	1	220	6	1	28	4587
2.395	1	1	240	6	1	28	4587
2.396	1	1	240	7	1	28	4587
2.412	1	1	242	3	1	28	4587
2.612	1	1	262	3	1	28	4587
2.613	1	1	262	4	1	28	4587
2.614	1	1	262	5	1	28	4587
2.629	1	1	263	10	1	28	4587
2.63	1	1	264	1	1	28	4587
2.829	1	1	283	10	1	28	4587
2.83	1	1	284	1	1	28	4587
2.831	1	1	284	2	1	28	4587
2.832	1	1	284	3	1	28	4587
2.846	1	1	285	7	1	28	4587
2.847	1	1	285	8	1	28	4587
2.848	1	1	285	9	1	28	4587
3.046	1	1	305	7	1	28	4587
3.047	1	1	305	8	1	28	4587
3.048	1	1	305	9	1	28	4587
3.049	1	1	305	10	1	28	4587
3.05	1	1	306	1	1	28	4587
3.051	1	1	306	2	1	28	4587
3.063	1	1	307	4	1	28	4587
3.064	1	1	307	5	1	28	4587
3.065	1	1	307	6	1	28	4587
3.066	1	1	307	7	1	28	4587
3.263	1	1	327	4	1	28	4587
3.264	1	1	327	5	1	28	4587
3.265	1	1	327	6	1	28	4587
3.266	1	1	327	7	1	28	4587
3.267	1	1	327	8	1	28	4587
3.268	1	1	327	9	1	28	4587
3.269	1	1	327	10	1	28	4587
3.27	1	1	328	1	1	28	4587
3.271	1	1	328	2	1	28	4587
3.28	1	1	329	1	1	28	4587
3.281	1	1	329	2	1	28	4587
3.282	1	1	329	3	1	28	4587
3.283	1	1	329	4	1	28	4587
3.284	1	1	329	5	1	28	4587
3.285	1	1	329	6	1	28	4587
3.48	1	1	349	1	1	28	4587
3.481	1	1	349	2	1	28	4587
3.482	1	1	349	3	1	28	4587
3.483	1	1	349	4	1	28	4587
3.484	1	1	349	5	1	28	4587
3.485	1	1	349	6	1	28	4587
3.486	1	1	349	7	1	28	4587
3.487	1	1	349	8	1	28	4587
3.488	1	1	349	9	1	28	4587
3.497	1	1	350	8	1	28	4587
3.498	1	1	350	9	1	28	4587
3.499	1	1	350	10	1	28	4587
3.5	1	1	351	1	1	28	4587
3.501	1	1	351	2	1	28	4587
3.697	1	1	370	8	1	28	4587
3.698	1	1	370	9	1	28	4587
3.699	1	1	370	10	1	28	4587
3.7	1	1	371	1	1	28	4587
3.701	1	1	371	2	1	28	4587
3.702	1	1	371	3	1	28	4587
3.703	1	1	371	4	1	28	4587
3.704	1	1	371	5	1	28	4587
3.705	1	1	371	6	1	28	4587
3.714	1	1	372	5	1	28	4587
3.715	1	1	372	6	1	28	4587
3.716	1	1	372	7	1	28	4587
3.717	1	1	372	8	1	28	4587
3.718	1	1	372	9	1	28	4587
3.914	1	1	392	5	1	28	4587
3.915	1	1	392	6	1	28	4587
3.916	1	1	392	7	1	28	4587
3.917	1	1	392	8	1	28	4587
3.918	1	1	392	9	1	28	4587
3.919	1	1	392	10	1	28	4587
3.92	1	1	393	1	1	28	4587
3.921	1	1	393	2	1	28	4587
3.922	1	1	393	3	1	28	4587
3.931	1	1	394	2	1	28	4587
3.932	1	1	394	3	1	28	4587
3.933	1	1	394	4	1	28	4587
3.934	1	1	394	5	1	28	4587
3.935	1	1	394	6	1	28	4587
4.131	1	1	414	2	1	28	4587
4.132	1	1	414	3	1	28	4587
4.133	1	1	414	4	1	28	4587
4.134	1	1	414	5	1	28	4587
4.135	1	1	414	6	1	28	4587
4.136	1	1	414	7	1	28	4587
4.137	1	1	414	8	1	28	4587
4.138	1	1	414	9	1	28	4587
4.139	1	1	414	10	1	28	4587
4.148	1	1	415	9	1	28	4587
4.149	1	1	415	10	1	28	4587
4.15	1	1	416	1	1	28	4587
4.151	1	1	416	2	1	28	4587
4.152	1	1	416	3	1	28	4587
4.348	1	1	435	9	1	28	4587
4.349	1	1	435	10	1	28	4587
4.35	1	1	436	1	1	28	4587
4.351	1	1	436	2	1	28	4587
4.352	1	1	436	3	1	28	4587
4.353	1	1	436	4	1	28	4587
4.354	1	1	436	5	1	28	4587
4.355	1	1	436	6	1	28	4587
4.356	1	1	436	7	1	28	4587
4.365	1	1	437	6	1	28	4587
4.366	1	1	437	7	1	28	4587
4.367	1	1	437	8	1	28	4587
4.368	1	1	437	9	1	28	4587
4.369	1	1	437	10	1	28	4587
4.565	1	1	457	6	1	28	4587
4.566	1	1	457	7	1	28	4587
4.567	1	1	457	8	1	28	4587
4.568	1	1	457	9	1	28	4587
4.569	1	1	457	10	1	28	4587
4.57	1	1	458	1	1	28	4587
4.571	1	1	458	2	1	28	4587
4.572	1	1	458	3	1	28	4587
4.573	1	1	458	4	1	28	4587
4.582	1	1	459	3	1	28	4587
4.583	1	1	459	4	1	28	4587
4.584	1	1	459	5	1	28	4587
4.585	1	1	459	6	1	28	4587
4.586	1	1	459	7	1	28	4587
4.782	1	1	479	3	1	28	4587
4.783	1	1	479	4	1	28	4587
4.784	1	1	479	5	1	28	4587
4.785	1	1	479	6	1	28	4587
4.786	1	1	479	7	1	28	4587
4.787	1	1	479	8	1	28	4587
4.788	1	1	479	9	1	28	4587
4.789	1	1	479	10	1	28	4587
4.79	1	1	480	1	1	28	4587
4.799	1	1	480	10	1	28	4587
4.8	1	1	481	1	1	28	4587
4.801	1	1	481	2	1	28	4587
4.802	1	1	481	3	1	28	4587
4.803	1	1	481	4	1	28	4587
4.999	1	1	500	10	1	28	4587
5	1	1	501	1	1	28	4587
5.001	1	1	501	2	1	28	4587
5.002	1	1	501	3	1	28	4587
5.003	1	1	501	4	1	28	4587
5.004	1	1	501	5	1	28	4587
5.005	1	1	501	6	1	28	4587
5.006	1	1	501	7	1	28	4587
5.007	1	1	501	8	1	28	4587
5.016	1	1	502	7	1	28	4587
5.017	1	1	502	8	1	28	4587
5.018	1	1	502	9	1	28	4587
5.019	1	1	502	10	1	28	4587
5.02	1	1	503	1	1	28	4587
5.216	1	1	522	7	1	28	4587
5.217	1	1	522	8	1	28	4587
5.218	1	1	522	9	1	28	4587
5.219	1	1	522	10	1	28	4587
5.22	1	1	523	1	1	28	4587
5.221	1	1	523	2	1	28	4587
5.222	1	1	523	3	1	28	4587
5.223	1	1	523	4	1	28	4587
5.224	1	1	523	5	1	28	4587
5.233	1	1	524	4	1	28	4587
5.234	1	1	524	5	1	28	4587
5.235	1	1	524	6	1	28	4587
5.236	1	1	524	7	1	28	4587
5.237	1	1	524	8	1	28	4587
5.433	1	1	544	4	1	28	4587
5.434	1	1	544	5	1	28	4587
5.435	1	1	544	6	1	28	4587
5.436	1	1	544	7	1	28	4587
5.437	1	1	544	8	1	28	4587
5.438	1	1	544	9	1	28	4587
5.439	1	1	544	10	1	28	4587
5.44	1	1	545	1	1	28	4587
5.441	1	1	545	2	1	28	4587
5.45	1	1	546	1	1	28	4587
5.451	1	1	546	2	1	28	4587
5.452	1	1	546	3	1	28	4587
5.453	1	1	546	4	1	28	4587
5.454	1	1	546	5	1	28	4587
5.65	1	1	566	1	1	28	4587
5.651	1	1	566	2	1	28	4587
5.652	1	1	566	3	1	28	4587
5.653	1	1	566	4	1	28	4587
5.654	1	1	566	5	1	28	4587
5.655	1	1	566	6	1	28	4587
5.656	1	1	566	7	1	28	4587
5.657	1	1	566	8	1	28	4587
5.658	1	1	566	9	1	28	4587
5.667	1	1	567	8	1	28	4587
5.668	1	1	567	9	1	28	4587
5.669	1	1	567	10	1	28	4587
5.67	1	1	568	1	1	28	4587
5.671	1	1	568	2	1	28	4587
5.867	1	1	587	8	1	28	4587
5.868	1	1	587	9	1	28	4587
5.869	1	1	587	10	1	28	4587
5.87	1	1	588	1	1	28	4587
5.871	1	1	588	2	1	28	4587
5.872	1	1	588	3	1	28	4587
5.873	1	1	588	4	1	28	4587
5.874	1	1	588	5	1	28	4587
5.875	1	1	588	6	1	28	4587
5.884	1	1	589	5	1	28	4587
5.885	1	1	589	6	1	28	4587
5.886	1	1	589	7	1	28	4587
5.887	1	1	589	8	1	28	4587
5.888	1	1	589	9	1	28	4587
6.084	1	1	609	5	1	28	4587
6.085	1	1	609	6	1	28	4587
6.086	1	1	609	7	1	28	4587
6.087	1	1	609	8	1	28	4587
6.088	1	1	609	9	1	28	4587
6.089	1	1	609	10	1	28	4587
6.09	1	1	610	1	1	28	4587
6.091	1	1	610	2	1	28	4587
6.092	1	1	610	3	1	28	4587
6.101	1	1	611	2	1	28	4587
6.102	1	1	611	3	1	28	4587
6.103	1	1	611	4	1	28	4587
6.104	1	1	611	5	1	28	4587
6.105	1	1	611	6	1	28	4587
6.301	1	1	631	2	1	28	4587
6.302	1	1	631	3	1	28	4587
6.303	1	1	631	4	1	28	4587
6.304	1	1	631	5	1	28	4587
6.305	1	1	631	6	1	28	4587
6.306	1	1	631	7	1	28	4587
6.307	1	1	631	8	1	28	4587
6.308	1	1	631	9	1	28	4587
6.309	1	1	631	10	1	28	4587
6.318	1	1	632	9	1	28	4587
6.319	1	1	632	10	1	28	4587
6.32	1	1	633	1	1	28	4587
6.321	1	1	633	2	1	28	4587
6.322	1	1	633	3	1	28	4587
6.518	1	1	652	9	1	28	4587
6.519	1	1	652	10	1	28	4587
6.52	1	1	653	1	1	28	4587
6.521	1	1	653	2	1	28	4587
6.522	1	1	653	3	1	28	4587
6.523	1	1	653	4	1	28	4587
6.524	1	1	653	5	1	28	4587
6.525	1	1	653	6	1	28	4587
6.526	1	1	653	7	1	28	4587
6.535	1	1	654	6	1	28	4587
6.536	1	1	654	7	1	28	4587
6.537	1	1	654	8	1	28	4587
6.538	1	1	654	9	1	28	4587
6.539	1	1	654	10	1	28	4587
6.735	1	1	674	6	1	28	4587
6.736	1	1	674	7	1	28	4587
6.737	1	1	674	8	1	28	4587
6.738	1	1	674	9	1	28	4587
6.739	1	1	674	10	1	28	4587
6.74	1	1	675	1	1	28	4587
6.741	1	1	675	2	1	28	4587
6.742	1	1	675	3	1	28	4587
6.743	1	1	675	4	1	28	4587
6.752	1	1	676	3	1	28	4587
6.753	1	1	676	4	1	28	4587
6.754	1	1	676	5	1	28	4587
6.755	1	1	676	6	1	28	4587
6.756	1	1	676	7	1	28	4587
6.952	1	1	696	3	1	28	4587
6.953	1	1	696	4	1	28	4587
6.954	1	1	696	5	1	28	4587
6.955	1	1	696	6	1	28	4587
6.956	1	1	696	7	1	28	4587
6.957	1	1	696	8	1	28	4587
6.958	1	1	696	9	1	28	4587
6.959	1	1	696	10	1	28	4587
6.96	1	1	697	1	1	28	4587
6.969	1	1	697	10	1	28	4587
6.97	1	1	698	1	1	28	4587
6.971	1	1	698	2	1	28	4587
6.972	1	1	698	3	1	28	4587
6.973	1	1	698	4	1	28	4587
7.169	1	1	717	10	1	28	4587
7.17	1	1	718	1	1	28	4587
7.171	1	1	718	2	1	28	4587
7.172	1	1	718	3	1	28	4587
7.173	1	1	718	4	1	28	4587
7.174	1	1	718	5	1	28	4587
7.175	1	1	718	6	1	28	4587
7.176	1	1	718	7	1	28	4587
7.177	1	1	718	8	1	28	4587
7.186	1	1	719	7	1	28	4587
7.187	1	1	719	8	1	28	4587
7.188	1	1	719	9	1	28	4587
7.189	1	1	719	10	1	28	4587
7.19	1	1	720	1	1	28	4587
7.386	1	1	739	7	1	28	4587
7.387	1	1	739	8	1	28	4587
7.388	1	1	739	9	1	28	4587
7.389	1	1	739	10	1	28	4587
7.39	1	1	740	1	1	28	4587
7.391	1	1	740	2	1	28	4587
7.392	1	1	740	3	1	28	4587
7.393	1	1	740	4	1	28	4587
7.394	1	1	740	5	1	28	4587
7.403	1	1	741	4	1	28	4587
7.404	1	1	741	5	1	28	4587
7.405	1	1	741	6	1	28	4587
7.406	1	1	741	7	1	28	4587
7.407	1	1	741	8	1	28	4587
7.603	1	1	761	4	1	28	4587
7.604	1	1	761	5	1	28	4587
7.605	1	1	761	6	1	28	4587
7.606	1	1	761	7	1	28	4587
7.607	1	1	761	8	1	28	4587
7.608	1	1	761	9	1	28	4587
7.609	1	1	761	10	1	28	4587
7.61	1	1	762	1	1	28	4587
7.611	1	1	762	2	1	28	4587
7.62	1	1	763	1	1	28	4587
7.621	1	1	763	2	1	28	4587
7.622	1	1	763	3	1	28	4587
7.623	1	1	763	4	1	28	4587
7.624	1	1	763	5	1	28	4587
7.82	1	1	783	1	1	28	4587
7.821	1	1	783	2	1	28	4587
7.822	1	1	783	3	1	28	4587
7.823	1	1	783	4	1	28	4587
7.824	1	1	783	5	1	28	4587
7.825	1	1	783	6	1	28	4587
7.826	1	1	783	7	1	28	4587
7.827	1	1	783	8	1	28	4587
7.828	1	1	783	9	1	28	4587
7.837	1	1	784	8	1	28	4587
7.838	1	1	784	9	1	28	4587
7.839	1	1	784	10	1	28	4587
7.84	1	1	785	1	1	28	4587
7.841	1	1	785	2	1	28	4587
8.037	1	1	804	8	1	28	4587
8.038	1	1	804	9	1	28	4587
8.039	1	1	804	10	1	28	4587
8.04	1	1	805	1	1	28	4587
8.041	1	1	805	2	1	28	4587
8.042	1	1	805	3	1	28	4587
8.043	1	1	805	4	1	28	4587
8.044	1	1	805	5	1	28	4587
8.045	1	1	805	6	1	28	4587
8.054	1	1	806	5	1	28	4587
8.055	1	1	806	6	1	28	4587
8.056	1	1	806	7	1	28	4587
8.057	1	1	806	8	1	28	4587
8.058	1	1	806	9	1	28	4587
8.254	1	1	826	5	1	28	4587
8.255	1	1	826	6	1	28	4587
8.256	1	1	826	7	1	28	4587
8.257	1	1	826	8	1	28	4587
8.258	1	1	826	9	1	28	4587
8.259	1	1	826	10	1	28	4587
8.26	1	1	827	1	1	28	4587
8.261	1	1	827	2	1	28	4587
8.262	1	1	827	3	1	28	4587
8.271	1	1	828	2	1	28	4587
8.272	1	1	828	3	1	28	4587
8.273	1	1	828	4	1	28	4587
8.274	1	1	828	5	1	28	4587
8.275	1	1	828	6	1	28	4587
8.471	1	1	848	2	1	28	4587
8.472	1	1	848	3	1	28	4587
8.473	1	1	848	4	1	28	4587
8.474	1	1	848	5	1	28	4587
8.475	1	1	848	6	1	28	4587
8.476	1	1	848	7	1	28	4587
8.477	1	1	848	8	1	28	4587
8.478	1	1	848	9	1	28	4587
8.479	1	1	848	10	1	28	4587
8.488	1	1	849	9	1	28	4587
8.489	1	1	849	10	1	28	4587
8.49	1	1	850	1	1	28	4587
8.491	1	1	850	2	1	28	4587
8.492	1	1	850	3	1	28	4587
8.688	1	1	869	9	1	28	4587
8.689	1	1	869	10	1	28	4587
8.69	1	1	870	1	1	28	4587
8.691	1	1	870	2	1	28	4587
8.692	1	1	870	3	1	28	4587
8.693	1	1	870	4	1	28	4587
8.694	1	1	870	5	1	28	4587
8.695	1	1	870	6	1	28	4587
8.696	1	1	870	7	1	28	4587
8.705	1	1	871	6	1	28	4587
8.706	1	1	871	7	1	28	4587
8.707	1	1	871	8	1	28	4587
8.708	1	1	871	9	1	28	4587
8.709	1	1	871	10	1	28	4587
8.905	1	1	891	6	1	28	4587
8.906	1	1	891	7	1	28	4587
8.907	1	1	891	8	1	28	4587
8.908	1	1	891	9	1	28	4587
8.909	1	1	891	10	1	28	4587
8.91	1	1	892	1	1	28	4587
8.911	1	1	892	2	1	28	4587
8.912	1	1	892	3	1	28	4587
8.913	1	1	892	4	1	28	4587
8.922	1	1	893	3	1	28	4587
8.923	1	1	893	4	1	28	4587
8.924	1	1	893	5	1	28	4587
8.925	1	1	893	6	1	28	4587
8.926	1	1	893	7	1	28	4587
9.122	1	1	913	3	1	28	4587
9.123	1	1	913	4	1	28	4587
9.124	1	1	913	5	1	28	4587
9.125	1	1	913	6	1	28	4587
9.126	1	1	913	7	1	28	4587
9.127	1	1	913	8	1	28	4587
9.128	1	1	913	9	1	28	4587
9.129	1	1	913	10	1	28	4587
9.13	1	1	914	1	1	28	4587
9.139	1	1	914	10	1	28	4587
9.14	1	1	915	1	1	28	4587
9.141	1	1	915	2	1	28	4587
9.142	1	1	915	3	1	28	4587
9.143	1	1	915	4	1	28	4587
9.339	1	1	934	10	1	28	4587
9.34	1	1	935	1	1	28	4587
9.341	1	1	935	2	1	28	4587
9.342	1	1	935	3	1	28	4587
9.343	1	1	935	4	1	28	4587
9.344	1	1	935	5	1	28	4587
9.345	1	1	935	6	1	28	4587
9.346	1	1	935	7	1	28	4587
9.347	1	1	935	8	1	28	4587
9.356	1	1	936	7	1	28	4587
9.357	1	1	936	8	1	28	4587
9.358	1	1	936	9	1	28	4587
9.359	1	1	936	10	1	28	4587
9.36	1	1	937	1	1	28	4587
9.556	1	1	956	7	1	28	4587
9.557	1	1	956	8	1	28	4587
9.558	1	1	956	9	1	28	4587
9.559	1	1	956	10	1	28	4587
9.56	1	1	957	1	1	28	4587
9.561	1	1	957	2	1	28	4587
9.562	1	1	957	3	1	28	4587
9.563	1	1	957	4	1	28	4587
9.564	1	1	957	5	1	28	4587
9.573	1	1	958	4	1	28	4587
9.574	1	1	958	5	1	28	4587
9.575	1	1	958	6	1	28	4587
9.576	1	1	958	7	1	28	4587
9.577	1	1	958	8	1	28	4587
9.773	1	1	978	4	1	28	4587
9.774	1	1	978	5	1	28	4587
9.775	1	1	978	6	1	28	4587
9.776	1	1	978	7	1	28	4587
9.777	1	1	978	8	1	28	4587
9.778	1	1	978	9	1	28	4587
9.779	1	1	978	10	1	28	4587
9.78	1	1	979	1	1	28	4587
9.781	1	1	979	2	1	28	4587
9.79	1	1	980	1	1	28	4587
9.791	1	1	980	2	1	28	4587
9.792	1	1	980	3	1	28	4587
9.793	1	1	980	4	1	28	4587
9.794	1	1	980	5	1	28	4587
9.99	1	1	1000	1	1	28	4587
9.991	1	1	1000	2	1	28	4587
9.992	1	1	1000	3	1	28	4587
9.993	1	1	1000	4	1	28	4587
9.994	1	1	1000	5	1	28	4587
9.995	1	1	1000	6	1	28	4587
9.996	1	1	1000	7	1	28	4587
9.997	1	1	1000	8	1	28	4587
9.998	1	1	1000	9	1	28	4587
10.007	1	1	1001	8	1	28	4587
10.008	1	1	1001	9	1	28	4587
10.009	1	1	1001	10	1	28	4587
10.01	1	1	1002	1	1	28	4587
10.011	1	1	1002	2	1	28	4587
10.207	1	1	1021	8	1	28	4587
10.208	1	1	1021	9	1	28	4587
10.209	1	1	1021	10	1	28	4587
10.21	1	1	1022	1	1	28	4587
10.211	1	1	1022	2	1	28	4587
10.212	1	1	1022	3	1	28	4587
10.213	1	1	1022	4	1	28	4587
10.214	1	1	1022	5	1	28	4587
10.215	1	1	1022	6	1	28	4587
10.224	1	1	1023	5	1	28	4587
10.225	1	1	1023	6	1	28	4587
10.226	1	1	1023	7	1	28	4587
10.227	1	1	1023	8	1	28	4587
10.228	1	1	1023	9	1	28	4587
10.424	1	1	1043	5	1	28	4587
10.425	1	1	1043	6	1	28	4587
10.426	1	1	1043	7	1	28	4587
10.427	1	1	1043	8	1	28	4587
10.428	1	1	1043	9	1	28	4587
10.429	1	1	1043	10	1	28	4587
10.43	1	1	1044	1	1	28	4587
10.431	1	1	1044	2	1	28	4587
10.432	1	1	1044	3	1	28	4587
10.441	1	1	1045	2	1	28	4587
10.442	1	1	1045	3	1	28	4587
10.443	1	1	1045	4	1	28	4587
10.444	1	1	1045	5	1	28	4587
10.445	1	1	1045	6	1	28	4587
10.641	1	1	1065	2	1	28	4587
10.642	1	1	1065	3	1	28	4587
10.643	1	1	1065	4	1	28	4587
10.644	1	1	1065	5	1	28	4587
10.645	1	1	1065	6	1	28	4587
10.646	1	1	1065	7	1	28	4587
10.647	1	1	1065	8	1	28	4587
10.648	1	1	1065	9	1	28	4587
10.649	1	1	1065	10	1	28	4587
10.658	1	1	1066	9	1	28	4587
10.659	1	1	1066	10	1	28	4587
10.66	1	1	1067	1	1	28	4587
10.661	1	1	1067	2	1	28	4587
10.662	1	1	1067	3	1	28	4587
10.858	1	1	1086	9	1	28	4587
10.859	1	1	1086	10	1	28	4587
10.86	1	1	1087	1	1	28	4587
10.861	1	1	1087	2	1	28	4587
10.862	1	1	1087	3	1	28	4587
10.863	1	1	1087	4	1	28	4587
10.864	1	1	1087	5	1	28	4587
10.865	1	1	1087	6	1	28	4587
10.866	1	1	1087	7	1	28	4587
10.875	1	1	1088	6	1	28	4587
10.876	1	1	1088	7	1	28	4587
10.877	1	1	1088	8	1	28	4587
10.878	1	1	1088	9	1	28	4587
10.879	1	1	1088	10	1	28	4587
11.075	1	1	1108	6	1	28	4587
11.076	1	1	1108	7	1	28	4587
11.077	1	1	1108	8	1	28	4587
11.078	1	1	1108	9	1	28	4587
11.079	1	1	1108	10	1	28	4587
11.08	1	1	1109	1	1	28	4587
11.081	1	1	1109	2	1	28	4587
11.082	1	1	1109	3	1	28	4587
11.083	1	1	1109	4	1	28	4587
11.092	1	1	1110	3	1	28	4587
11.093	1	1	1110	4	1	28	4587
11.094	1	1	1110	5	1	28	4587
11.095	1	1	1110	6	1	28	4587
11.096	1	1	1110	7	1	28	4587
11.292	1	1	1130	3	1	28	4587
11.293	1	1	1130	4	1	28	4587
11.294	1	1	1130	5	1	28	4587
11.295	1	1	1130	6	1	28	4587
11.296	1	1	1130	7	1	28	4587
11.297	1	1	1130	8	1	28	4587
11.298	1	1	1130	9	1	28	4587
11.299	1	1	1130	10	1	28	4587
11.3	1	1	1131	1	1	28	4587
11.309	1	1	1131	10	1	28	4587
11.31	1	1	1132	1	1	28	4587
11.311	1	1	1132	2	1	28	4587
11.312	1	1	1132	3	1	28	4587
11.313	1	1	1132	4	1	28	4587
11.509	1	1	1151	10	1	28	4587
11.51	1	1	1152	1	1	28	4587
11.511	1	1	1152	2	1	28	4587
11.512	1	1	1152	3	1	28	4587
11.513	1	1	1152	4	1	28	4587
11.514	1	1	1152	5	1	28	4587
11.515	1	1	1152	6	1	28	4587
11.516	1	1	1152	7	1	28	4587
11.517	1	1	1152	8	1	28	4587
11.526	1	1	1153	7	1	28	4587
11.527	1	1	1153	8	1	28	4587
11.528	1	1	1153	9	1	28	4587
11.529	1	1	1153	10	1	28	4587
11.53	1	1	1154	1	1	28	4587
11.726	1	1	1173	7	1	28	4587
11.727	1	1	1173	8	1	28	4587
11.728	1	1	1173	9	1	28	4587
11.729	1	1	1173	10	1	28	4587
11.73	1	1	1174	1	1	28	4587
11.731	1	1	1174	2	1	28	4587
11.732	1	1	1174	3	1	28	4587
11.733	1	1	1174	4	1	28	4587
11.734	1	1	1174	5	1	28	4587
11.743	1	1	1175	4	1	28	4587
11.744	1	1	1175	5	1	28	4587
11.745	1	1	1175	6	1	28	4587
11.746	1	1	1175	7	1	28	4587
11.747	1	1	1175	8	1	28	4587
11.943	1	1	1195	4	1	28	4587
11.944	1	1	1195	5	1	28	4587
11.945	1	1	1195	6	1	28	4587
11.946	1	1	1195	7	1	28	4587
11.947	1	1	1195	8	1	28	4587
11.948	1	1	1195	9	1	28	4587
11.949	1	1	1195	10	1	28	4587
11.95	1	1	1196	1	1	28	4587
11.951	1	1	1196	2	1	28	4587
11.96	1	1	1197	1	1	28	4587
11.961	1	1	1197	2	1	28	4587
11.962	1	1	1197	3	1	28	4587
11.963	1	1	1197	4	1	28	4587
11.964	1	1	1197	5	1	28	4587
12.16	1	1	1217	1	1	28	4587
12.161	1	1	1217	2	1	28	4587
12.162	1	1	1217	3	1	28	4587
12.163	1	1	1217	4	1	28	4587
12.164	1	1	1217	5	1	28	4587
12.165	1	1	1217	6	1	28	4587
12.166	1	1	1217	7	1	28	4587
12.167	1	1	1217	8	1	28	4587
12.168	1	1	1217	9	1	28	4587
12.177	1	1	1218	8	1	28	4587
12.178	1	1	1218	9	1	28	4587
12.179	1	1	1218	10	1	28	4587
12.18	1	1	1219	1	1	28	4587
12.181	1	1	1219	2	1	28	4587
12.377	1	1	1238	8	1	28	4587
12.378	1	1	1238	9	1	28	4587
12.379	1	1	1238	10	1	28	4587
12.38	1	1	1239	1	1	28	4587
12.381	1	1	1239	2	1	28	4587
12.382	1	1	1239	3	1	28	4587
12.383	1	1	1239	4	1	28	4587
12.384	1	1	1239	5	1	28	4587
12.385	1	1	1239	6	1	28	4587
12.394	1	1	1240	5	1	28	4587
12.395	1	1	1240	6	1	28	4587
12.396	1	1	1240	7	1	28	4587
12.397	1	1	1240	8	1	28	4587
12.398	1	1	1240	9	1	28	4587
12.594	1	1	1260	5	1	28	4587
12.595	1	1	1260	6	1	28	4587
12.596	1	1	1260	7	1	28	4587
12.597	1	1	1260	8	1	28	4587
12.598	1	1	1260	9	1	28	4587
12.599	1	1	1260	10	1	28	4587
12.6	1	1	1261	1	1	28	4587
12.601	1	1	1261	2	1	28	4587
12.602	1	1	1261	3	1	28	4587
12.611	1	1	1262	2	1	28	4587
12.612	1	1	1262	3	1	28	4587
12.613	1	1	1262	4	1	28	4587
12.614	1	1	1262	5	1	28	4587
12.615	1	1	1262	6	1	28	4587
12.811	1	1	1282	2	1	28	4587
12.812	1	1	1282	3	1	28	4587
12.813	1	1	1282	4	1	28	4587
12.814	1	1	1282	5	1	28	4587
12.815	1	1	1282	6	1	28	4587
12.816	1	1	1282	7	1	28	4587
12.817	1	1	1282	8	1	28	4587
12.818	1	1	1282	9	1	28	4587
12.819	1	1	1282	10	1	28	4587
12.828	1	1	1283	9	1	28	4587
12.829	1	1	1283	10	1	28	4587
12.83	1	1	1284	1	1	28	4587
12.831	1	1	1284	2	1	28	4587
12.832	1	1	1284	3	1	28	4587
13.028	1	1	1303	9	1	28	4587
13.029	1	1	1303	10	1	28	4587
13.03	1	1	1304	1	1	28	4587
13.031	1	1	1304	2	1	28	4587
13.032	1	1	1304	3	1	28	4587
13.033	1	1	1304	4	1	28	4587
13.034	1	1	1304	5	1	28	4587
13.035	1	1	1304	6	1	28	4587
13.036	1	1	1304	7	1	28	4587
13.045	1	1	1305	6	1	28	4587
13.046	1	1	1305	7	1	28	4587
13.047	1	1	1305	8	1	28	4587
13.048	1	1	1305	9	1	28	4587
13.049	1	1	1305	10	1	28	4587
13.245	1	1	1325	6	1	28	4587
13.246	1	1	1325	7	1	28	4587
13.247	1	1	1325	8	1	28	4587
13.248	1	1	1325	9	1	28	4587
13.249	1	1	1325	10	1	28	4587
13.25	1	1	1326	1	1	28	4587
13.251	1	1	1326	2	1	28	4587
13.252	1	1	1326	3	1	28	4587
13.253	1	1	1326	4	1	28	4587
13.262	1	1	1327	3	1	28	4587
13.263	1	1	1327	4	1	28	4587
13.264	1	1	1327	5	1	28	4587
13.265	1	1	1327	6	1	28	4587
13.266	1	1	1327	7	1	28	4587
13.462	1	1	1347	3	1	28	4587
13.463	1	1	1347	4	1	28	4587
13.464	1	1	1347	5	1	28	4587
13.465	1	1	1347	6	1	28	4587
13.466	1	1	1347	7	1	28	4587
13.467	1	1	1347	8	1	28	4587
13.468	1	1	1347	9	1	28	4587
13.469	1	1	1347	10	1	28	4587
13.47	1	1	1348	1	1	28	4587
13.479	1	1	1348	10	1	28	4587
13.48	1	1	1349	1	1	28	4587
13.481	1	1	1349	2	1	28	4587
13.482	1	1	1349	3	1	28	4587
13.483	1	1	1349	4	1	28	4587
13.679	1	1	1368	10	1	28	4587
13.68	1	1	1369	1	1	28	4587
13.681	1	1	1369	2	1	28	4587
13.682	1	1	1369	3	1	28	4587
13.683	1	1	1369	4	1	28	4587
13.684	1	1	1369	5	1	28	4587
13.685	1	1	1369	6	1	28	4587
13.686	1	1	1369	7	1	28	4587
13.687	1	1	1369	8	1	28	4587
13.696	1	1	1370	7	1	28	4587
13.697	1	1	1370	8	1	28	4587
13.698	1	1	1370	9	1	28	4587
13.699	1	1	1370	10	1	28	4587
13.7	1	1	1371	1	1	28	4587
13.896	1	1	1390	7	1	28	4587
13.897	1	1	1390	8	1	28	4587
13.898	1	1	1390	9	1	28	4587
13.899	1	1	1390	10	1	28	4587
13.9	1	1	1391	1	1	28	4587
13.901	1	1	1391	2	1	28	4587
13.902	1	1	1391	3	1	28	4587
13.903	1	1	1391	4	1	28	4587
13.904	1	1	1391	5	1	28	4587
13.913	1	1	1392	4	1	28	4587
13.914	1	1	1392	5	1	28	4587
13.915	1	1	1392	6	1	28	4587
13.916	1	1	1392	7	1	28	4587
13.917	1	1	1392	8	1	28	4587
14.113	1	1	1412	4	1	28	4587
14.114	1	1	1412	5	1	28	4587
14.115	1	1	1412	6	1	28	4587
14.116	1	1	1412	7	1	28	4587
14.117	1	1	1412	8	1	28	4587
14.118	1	1	1412	9	1	28	4587
14.119	1	1	1412	10	1	28	4587
14.12	1	1	1413	1	1	28	4587
14.121	1	1	1413	2	1	28	4587
14.13	1	1	1414	1	1	28	4587
14.131	1	1	1414	2	1	28	4587
14.132	1	1	1414	3	1	28	4587
14.133	1	1	1414	4	1	28	4587
14.134	1	1	1414	5	1	28	4587
14.33	1	1	1434	1	1	28	4587
14.331	1	1	1434	2	1	28	4587
14.332	1	1	1434	3	1	28	4587
14.333	1	1	1434	4	1	28	4587
14.334	1	1	1434	5	1	28	4587
14.335	1	1	1434	6	1	28	4587
14.336	1	1	1434	7	1	28	4587
14.337	1	1	1434	8	1	28	4587
14.338	1	1	1434	9	1	28	4587
14.347	1	1	1435	8	1	28	4587
14.348	1	1	1435	9	1	28	4587
14.349	1	1	1435	10	1	28	4587
14.35	1	1	1436	1	1	28	4587
14.351	1	1	1436	2	1	28	4587
14.547	1	1	1455	8	1	28	4587
14.548	1	1	1455	9	1	28	4587
14.549	1	1	1455	10	1	28	4587
14.55	1	1	1456	1	1	28	4587
14.551	1	1	1456	2	1	28	4587
14.552	1	1	1456	3	1	28	4587
14.553	1	1	1456	4	1	28	4587
14.554	1	1	1456	5	1	28	4587
14.555	1	1	1456	6	1	28	4587
14.564	1	1	1457	5	1	28	4587
14.565	1	1	1457	6	1	28	4587
14.566	1	1	1457	7	1	28	4587
14.567	1	1	1457	8	1	28	4587
14.568	1	1	1457	9	1	28	4587
14.764	1	1	1477	5	1	28	4587
14.765	1	1	1477	6	1	28	4587
14.766	1	1	1477	7	1	28	4587
14.767	1	1	1477	8	1	28	4587
14.768	1	1	1477	9	1	28	4587
14.769	1	1	1477	10	1	28	4587
14.77	1	1	1478	1	1	28	4587
14.771	1	1	1478	2	1	28	4587
14.772	1	1	1478	3	1	28	4587
14.781	1	1	1479	2	1	28	4587
14.782	1	1	1479	3	1	28	4587
14.783	1	1	1479	4	1	28	4587
14.784	1	1	1479	5	1	28	4587
14.785	1	1	1479	6	1	28	4587
14.981	1	1	1499	2	1	28	4587
14.982	1	1	1499	3	1	28	4587
14.983	1	1	1499	4	1	28	4587
14.984	1	1	1499	5	1	28	4587
14.985	1	1	1499	6	1	28	4587
14.986	1	1	1499	7	1	28	4587
14.987	1	1	1499	8	1	28	4587
14.988	1	1	1499	9	1	28	4587
14.989	1	1	1499	10	1	28	4587
14.998	1	1	1500	9	1	28	4587
14.999	1	1	1500	10	1	28	4587
15	1	1	1501	1	1	28	4587
15.001	1	1	1501	2	1	28	4587
15.002	1	1	1501	3	1	28	4587
15.198	1	1	1520	9	1	28	4587
15.199	1	1	1520	10	1	28	4587
15.2	1	1	1521	1	1	28	4587
15.201	1	1	1521	2	1	28	4587
15.202	1	1	1521	3	1	28	4587
15.203	1	1	1521	4	1	28	4587
15.204	1	1	1521	5	1	28	4587
15.205	1	1	1521	6	1	28	4587
15.206	1	1	1521	7	1	28	4587
15.215	1	1	1522	6	1	28	4587
15.216	1	1	1522	7	1	28	4587
15.217	1	1	1522	8	1	28	4587
15.218	1	1	1522	9	1	28	4587
15.219	1	1	1522	10	1	28	4587
15.415	1	1	1542	6	1	28	4587
15.416	1	1	1542	7	1	28	4587
15.417	1	1	1542	8	1	28	4587
15.418	1	1	1542	9	1	28	4587
15.419	1	1	1542	10	1	28	4587
15.42	1	1	1543	1	1	28	4587
15.421	1	1	1543	2	1	28	4587
15.422	1	1	1543	3	1	28	4587
15.423	1	1	1543	4	1	28	4587
15.432	1	1	1544	3	1	28	4587
15.433	1	1	1544	4	1	28	4587
15.434	1	1	1544	5	1	28	4587
15.435	1	1	1544	6	1	28	4587
15.436	1	1	1544	7	1	28	4587
15.632	1	1	1564	3	1	28	4587
15.633	1	1	1564	4	1	28	4587
15.634	1	1	1564	5	1	28	4587
15.635	1	1	1564	6	1	28	4587
15.636	1	1	1564	7	1	28	4587
15.637	1	1	1564	8	1	28	4587
15.638	1	1	1564	9	1	28	4587
15.639	1	1	1564	10	1	28	4587
15.64	1	1	1565	1	1	28	4587
15.649	1	1	1565	10	1	28	4587
15.65	1	1	1566	1	1	28	4587
15.651	1	1	1566	2	1	28	4587
15.652	1	1	1566	3	1	28	4587
15.653	1	1	1566	4	1	28	4587
15.849	1	1	1585	10	1	28	4587
15.85	1	1	1586	1	1	28	4587
15.851	1	1	1586	2	1	28	4587
15.852	1	1	1586	3	1	28	4587
15.853	1	1	1586	4	1	28	4587
15.854	1	1	1586	5	1	28	4587
15.855	1	1	1586	6	1	28	4587
15.856	1	1	1586	7	1	28	4587
15.857	1	1	1586	8	1	28	4587
15.866	1	1	1587	7	1	28	4587
15.867	1	1	1587	8	1	28	4587
15.868	1	1	1587	9	1	28	4587
15.869	1	1	1587	10	1	28	4587
15.87	1	1	1588	1	1	28	4587
16.066	1	1	1607	7	1	28	4587
16.067	1	1	1607	8	1	28	4587
16.068	1	1	1607	9	1	28	4587
16.069	1	1	1607	10	1	28	4587
16.07	1	1	1608	1	1	28	4587
16.071	1	1	1608	2	1	28	4587
16.072	1	1	1608	3	1	28	4587
16.073	1	1	1608	4	1	28	4587
16.074	1	1	1608	5	1	28	4587
16.083	1	1	1609	4	1	28	4587
16.084	1	1	1609	5	1	28	4587
16.085	1	1	1609	6	1	28	4587
16.086	1	1	1609	7	1	28	4587
16.087	1	1	1609	8	1	28	4587
16.283	1	1	1629	4	1	28	4587
16.284	1	1	1629	5	1	28	4587
16.285	1	1	1629	6	1	28	4587
16.286	1	1	1629	7	1	28	4587
16.287	1	1	1629	8	1	28	4587
16.288	1	1	1629	9	1	28	4587
16.289	1	1	1629	10	1	28	4587
16.29	1	1	1630	1	1	28	4587
16.291	1	1	1630	2	1	28	4587
16.3	1	1	1631	1	1	28	4587
16.301	1	1	1631	2	1	28	4587
16.302	1	1	1631	3	1	28	4587
16.303	1	1	1631	4	1	28	4587
16.304	1	1	1631	5	1	28	4587
16.5	1	1	1651	1	1	28	4587
16.501	1	1	1651	2	1	28	4587
16.502	1	1	1651	3	1	28	4587
16.503	1	1	1651	4	1	28	4587
16.504	1	1	1651	5	1	28	4587
16.505	1	1	1651	6	1	28	4587
16.506	1	1	1651	7	1	28	4587
16.507	1	1	1651	8	1	28	4587
16.508	1	1	1651	9	1	28	4587
16.517	1	1	1652	8	1	28	4587
16.518	1	1	1652	9	1	28	4587
16.519	1	1	1652	10	1	28	4587
16.52	1	1	1653	1	1	28	4587
16.521	1	1	1653	2	1	28	4587
16.717	1	1	1672	8	1	28	4587
16.718	1	1	1672	9	1	28	4587
16.719	1	1	1672	10	1	28	4587
16.72	1	1	1673	1	1	28	4587
16.721	1	1	1673	2	1	28	4587
16.722	1	1	1673	3	1	28	4587
16.723	1	1	1673	4	1	28	4587
16.724	1	1	1673	5	1	28	4587
16.725	1	1	1673	6	1	28	4587
16.734	1	1	1674	5	1	28	4587
16.735	1	1	1674	6	1	28	4587
16.736	1	1	1674	7	1	28	4587
16.737	1	1	1674	8	1	28	4587
16.738	1	1	1674	9	1	28	4587
16.934	1	1	1694	5	1	28	4587
16.935	1	1	1694	6	1	28	4587
16.936	1	1	1694	7	1	28	4587
16.937	1	1	1694	8	1	28	4587
16.938	1	1	1694	9	1	28	4587
16.939	1	1	1694	10	1	28	4587
16.94	1	1	1695	1	1	28	4587
16.941	1	1	1695	2	1	28	4587
16.942	1	1	1695	3	1	28	4587
16.951	1	1	1696	2	1	28	4587
16.952	1	1	1696	3	1	28	4587
16.953	1	1	1696	4	1	28	4587
16.954	1	1	1696	5	1	28	4587
16.955	1	1	1696	6	1	28	4587
17.151	1	1	1716	2	1	28	4587
17.152	1	1	1716	3	1	28	4587
17.153	1	1	1716	4	1	28	4587
17.154	1	1	1716	5	1	28	4587
17.155	1	1	1716	6	1	28	4587
17.156	1	1	1716	7	1	28	4587
17.157	1	1	1716	8	1	28	4587
17.158	1	1	1716	9	1	28	4587
17.159	1	1	1716	10	1	28	4587
17.168	1	1	1717	9	1	28	4587
17.169	1	1	1717	10	1	28	4587
17.17	1	1	1718	1	1	28	4587
17.171	1	1	1718	2	1	28	4587
17.172	1	1	1718	3	1	28	4587
17.368	1	1	1737	9	1	28	4587
17.369	1	1	1737	10	1	28	4587
17.37	1	1	1738	1	1	28	4587
17.371	1	1	1738	2	1	28	4587
17.372	1	1	1738	3	1	28	4587
17.373	1	1	1738	4	1	28	4587
17.374	1	1	1738	5	1	28	4587
17.375	1	1	1738	6	1	28	4587
17.376	1	1	1738	7	1	28	4587
17.385	1	1	1739	6	1	28	4587
17.386	1	1	1739	7	1	28	4587
17.387	1	1	1739	8	1	28	4587
17.388	1	1	1739	9	1	28	4587
17.389	1	1	1739	10	1	28	4587
17.585	1	1	1759	6	1	28	4587
17.586	1	1	1759	7	1	28	4587
17.587	1	1	1759	8	1	28	4587
17.588	1	1	1759	9	1	28	4587
17.589	1	1	1759	10	1	28	4587
17.59	1	1	1760	1	1	28	4587
17.591	1	1	1760	2	1	28	4587
17.592	1	1	1760	3	1	28	4587
17.593	1	1	1760	4	1	28	4587
17.602	1	1	1761	3	1	28	4587
17.603	1	1	1761	4	1	28	4587
17.604	1	1	1761	5	1	28	4587
17.605	1	1	1761	6	1	28	4587
17.606	1	1	1761	7	1	28	4587
17.802	1	1	1781	3	1	28	4587
17.803	1	1	1781	4	1	28	4587
17.804	1	1	1781	5	1	28	4587
17.805	1	1	1781	6	1	28	4587
17.806	1	1	1781	7	1	28	4587
17.807	1	1	1781	8	1	28	4587
17.808	1	1	1781	9	1	28	4587
17.809	1	1	1781	10	1	28	4587
17.81	1	1	1782	1	1	28	4587
17.819	1	1	1782	10	1	28	4587
17.82	1	1	1783	1	1	28	4587
17.821	1	1	1783	2	1	28	4587
17.822	1	1	1783	3	1	28	4587
17.823	1	1	1783	4	1	28	4587
18.019	1	1	1802	10	1	28	4587
18.02	1	1	1803	1	1	28	4587
18.021	1	1	1803	2	1	28	4587
18.022	1	1	1803	3	1	28	4587
18.023	1	1	1803	4	1	28	4587
18.024	1	1	1803	5	1	28	4587
18.025	1	1	1803	6	1	28	4587
18.026	1	1	1803	7	1	28	4587
18.027	1	1	1803	8	1	28	4587
18.036	1	1	1804	7	1	28	4587
18.037	1	1	1804	8	1	28	4587
18.038	1	1	1804	9	1	28	4587
18.039	1	1	1804	10	1	28	4587
18.04	1	1	1805	1	1	28	4587
18.236	1	1	1824	7	1	28	4587
18.237	1	1	1824	8	1	28	4587
18.238	1	1	1824	9	1	28	4587
18.239	1	1	1824	10	1	28	4587
18.24	1	1	1825	1	1	28	4587
18.241	1	1	1825	2	1	28	4587
18.242	1	1	1825	3	1	28	4587
18.243	1	1	1825	4	1	28	4587
18.244	1	1	1825	5	1	28	4587
18.253	1	1	1826	4	1	28	4587
18.254	1	1	1826	5	1	28	4587
18.255	1	1	1826	6	1	28	4587
18.256	1	1	1826	7	1	28	4587
18.257	1	1	1826	8	1	28	4587
18.453	1	1	1846	4	1	28	4587
18.454	1	1	1846	5	1	28	4587
18.455	1	1	1846	6	1	28	4587
18.456	1	1	1846	7	1	28	4587
18.457	1	1	1846	8	1	28	4587
18.458	1	1	1846	9	1	28	4587
18.459	1	1	1846	10	1	28	4587
18.46	1	1	1847	1	1	28	4587
18.461	1	1	1847	2	1	28	4587
18.47	1	1	1848	1	1	28	4587
18.471	1	1	1848	2	1	28	4587
18.472	1	1	1848	3	1	28	4587
18.473	1	1	1848	4	1	28	4587
18.474	1	1	1848	5	1	28	4587
18.67	1	1	1868	1	1	28	4587
18.671	1	1	1868	2	1	28	4587
18.672	1	1	1868	3	1	28	4587
18.673	1	1	1868	4	1	28	4587
18.674	1	1	1868	5	1	28	4587
18.675	1	1	1868	6	1	28	4587
18.676	1	1	1868	7	1	28	4587
18.677	1	1	1868	8	1	28	4587
18.678	1	1	1868	9	1	28	4587
18.687	1	1	1869	8	1	28	4587
18.688	1	1	1869	9	1	28	4587
18.689	1	1	1869	10	1	28	4587
18.69	1	1	1870	1	1	28	4587
18.691	1	1	1870	2	1	28	4587
18.887	1	1	1889	8	1	28	4587
18.888	1	1	1889	9	1	28	4587
18.889	1	1	1889	10	1	28	4587
18.89	1	1	1890	1	1	28	4587
18.891	1	1	1890	2	1	28	4587
18.892	1	1	1890	3	1	28	4587
18.893	1	1	1890	4	1	28	4587
18.894	1	1	1890	5	1	28	4587
18.895	1	1	1890	6	1	28	4587
18.904	1	1	1891	5	1	28	4587
18.905	1	1	1891	6	1	28	4587
18.906	1	1	1891	7	1	28	4587
18.907	1	1	1891	8	1	28	4587
18.908	1	1	1891	9	1	28	4587
19.104	1	1	1911	5	1	28	4587
19.105	1	1	1911	6	1	28	4587
19.106	1	1	1911	7	1	28	4587
19.107	1	1	1911	8	1	28	4587
19.108	1	1	1911	9	1	28	4587
19.109	1	1	1911	10	1	28	4587
19.11	1	1	1912	1	1	28	4587
19.111	1	1	1912	2	1	28	4587
19.112	1	1	1912	3	1	28	4587
19.121	1	1	1913	2	1	28	4587
19.122	1	1	1913	3	1	28	4587
19.123	1	1	1913	4	1	28	4587
19.124	1	1	1913	5	1	28	4587
19.125	1	1	1913	6	1	28	4587
19.321	1	1	1933	2	1	28	4587
19.322	1	1	1933	3	1	28	4587
19.323	1	1	1933	4	1	28	4587
19.324	1	1	1933	5	1	28	4587
19.325	1	1	1933	6	1	28	4587
19.326	1	1	1933	7	1	28	4587
19.327	1	1	1933	8	1	28	4587
19.328	1	1	1933	9	1	28	4587
19.329	1	1	1933	10	1	28	4587
19.338	1	1	1934	9	1	28	4587
19.339	1	1	1934	10	1	28	4587
19.34	1	1	1935	1	1	28	4587
19.341	1	1	1935	2	1	28	4587
19.342	1	1	1935	3	1	28	4587
19.538	1	1	1954	9	1	28	4587
19.539	1	1	1954	10	1	28	4587
19.54	1	1	1955	1	1	28	4587
19.541	1	1	1955	2	1	28	4587
19.542	1	1	1955	3	1	28	4587
19.543	1	1	1955	4	1	28	4587
19.544	1	1	1955	5	1	28	4587
19.545	1	1	1955	6	1	28	4587
19.546	1	1	1955	7	1	28	4587
19.555	1	1	1956	6	1	28	4587
19.556	1	1	1956	7	1	28	4587
19.557	1	1	1956	8	1	28	4587
19.558	1	1	1956	9	1	28	4587
19.559	1	1	1956	10	1	28	4587
19.755	1	1	1976	6	1	28	4587
19.756	1	1	1976	7	1	28	4587
19.757	1	1	1976	8	1	28	4587
19.758	1	1	1976	9	1	28	4587
19.759	1	1	1976	10	1	28	4587
19.76	1	1	1977	1	1	28	4587
19.761	1	1	1977	2	1	28	4587
19.762	1	1	1977	3	1	28	4587
19.763	1	1	1977	4	1	28	4587
19.772	1	1	1978	3	1	28	4587
19.773	1	1	1978	4	1	28	4587
19.774	1	1	1978	5	1	28	4587
19.775	1	1	1978	6	1	28	4587
19.776	1	1	1978	7	1	28	4587
19.972	1	1	1998	3	1	28	4587
19.973	1	1	1998	4	1	28	4587
19.974	1	1	1998	5	1	28	4587
19.975	1	1	1998	6	1	28	4587
19.976	1	1	1998	7	1	28	4587
19.977	1	1	1998	8	1	28	4587
19.978	1	1	1998	9	1	28	4587
19.979	1	1	1998	10	1	28	4587
19.98	1	1	1999	1	1	28	4587
19.989	1	1	1999	10	1	28	4587
19.99	1	1	2000	1	1	28	4587
19.991	1	1	2000	2	1	28	4587
19.992	1	1	2000	3	1	28	4587
19.993	1	1	2000	4	1	28	4587
20.189	1	1	2019	10	1	28	4587
20.19	1	1	2020	1	1	28	4587
20.191	1	1	2020	2	1	28	4587
20.192	1	1	2020	3	1	28	4587
20.193	1	1	2020	4	1	28	4587
20.194	1	1	2020	5	1	28	4587
20.195	1	1	2020	6	1	28	4587
20.196	1	1	2020	7	1	28	4587
20.197	1	1	2020	8	1	28	4587
20.206	1	1	2021	7	1	28	4587
20.207	1	1	2021	8	1	28	4587
20.208	1	1	2021	9	1	28	4587
20.209	1	1	2021	10	1	28	4587
20.21	1	1	2022	1	1	28	4587
20.406	1	1	2041	7	1	28	4587
20.407	1	1	2041	8	1	28	4587
20.408	1	1	2041	9	1	28	4587
20.409	1	1	2041	10	1	28	4587
20.41	1	1	2042	1	1	28	4587
20.411	1	1	2042	2	1	28	4587
20.412	1	1	2042	3	1	28	4587
20.413	1	1	2042	4	1	28	4587
20.414	1	1	2042	5	1	28	4587
20.423	1	1	2043	4	1	28	4587
20.424	1	1	2043	5	1	28	4587
20.425	1	1	2043	6	1	28	4587
20.426	1	1	2043	7	1	28	4587
20.427	1	1	2043	8	1	28	4587
20.623	1	1	2063	4	1	28	4587
20.624	1	1	2063	5	1	28	4587
20.625	1	1	2063	6	1	28	4587
20.626	1	1	2063	7	1	28	4587
20.627	1	1	2063	8	1	28	4587
20.628	1	1	2063	9	1	28	4587
20.629	1	1	2063	10	1	28	4587
20.63	1	1	2064	1	1	28	4587
20.631	1	1	2064	2	1	28	4587
20.64	1	1	2065	1	1	28	4587
20.641	1	1	2065	2	1	28	4587
20.642	1	1	2065	3	1	28	4587
20.643	1	1	2065	4	1	28	4587
20.644	1	1	2065	5	1	28	4587
20.84	1	1	2085	1	1	28	4587
20.841	1	1	2085	2	1	28	4587
20.842	1	1	2085	3	1	28	4587
20.843	1	1	2085	4	1	28	4587
20.844	1	1	2085	5	1	28	4587
20.845	1	1	2085	6	1	28	4587
20.846	1	1	2085	7	1	28	4587
20.847	1	1	2085	8	1	28	4587
20.848	1	1	2085	9	1	28	4587
20.857	1	1	2086	8	1	28	4587
20.858	1	1	2086	9	1	28	4587
20.859	1	1	2086	10	1	28	4587
20.86	1	1	2087	1	1	28	4587
20.861	1	1	2087	2	1	28	4587
21.057	1	1	2106	8	1	28	4587
21.058	1	1	2106	9	1	28	4587
21.059	1	1	2106	10	1	28	4587
21.06	1	1	2107	1	1	28	4587
21.061	1	1	2107	2	1	28	4587
21.062	1	1	2107	3	1	28	4587
21.063	1	1	2107	4	1	28	4587
21.064	1	1	2107	5	1	28	4587
21.065	1	1	2107	6	1	28	4587
21.074	1	1	2108	5	1	28	4587
21.075	1	1	2108	6	1	28	4587
21.076	1	1	2108	7	1	28	4587
21.077	1	1	2108	8	1	28	4587
21.078	1	1	2108	9	1	28	4587
21.274	1	1	2128	5	1	28	4587
21.275	1	1	2128	6	1	28	4587
21.276	1	1	2128	7	1	28	4587
21.277	1	1	2128	8	1	28	4587
21.278	1	1	2128	9	1	28	4587
21.279	1	1	2128	10	1	28	4587
21.28	1	1	2129	1	1	28	4587
21.281	1	1	2129	2	1	28	4587
21.282	1	1	2129	3	1	28	4587
21.291	1	1	2130	2	1	28	4587
21.292	1	1	2130	3	1	28	4587
21.293	1	1	2130	4	1	28	4587
21.294	1	1	2130	5	1	28	4587
21.295	1	1	2130	6	1	28	4587
21.491	1	1	2150	2	1	28	4587
21.492	1	1	2150	3	1	28	4587
21.493	1	1	2150	4	1	28	4587
21.494	1	1	2150	5	1	28	4587
21.495	1	1	2150	6	1	28	4587
21.496	1	1	2150	7	1	28	4587
21.497	1	1	2150	8	1	28	4587
21.498	1	1	2150	9	1	28	4587
21.499	1	1	2150	10	1	28	4587
21.508	1	1	2151	9	1	28	4587
21.509	1	1	2151	10	1	28	4587
21.51	1	1	2152	1	1	28	4587
21.511	1	1	2152	2	1	28	4587
21.512	1	1	2152	3	1	28	4587
21.708	1	1	2171	9	1	28	4587
21.709	1	1	2171	10	1	28	4587
21.71	1	1	2172	1	1	28	4587
21.711	1	1	2172	2	1	28	4587
21.712	1	1	2172	3	1	28	4587
21.713	1	1	2172	4	1	28	4587
21.714	1	1	2172	5	1	28	4587
21.715	1	1	2172	6	1	28	4587
21.716	1	1	2172	7	1	28	4587
21.725	1	1	2173	6	1	28	4587
21.726	1	1	2173	7	1	28	4587
21.727	1	1	2173	8	1	28	4587
21.728	1	1	2173	9	1	28	4587
21.729	1	1	2173	10	1	28	4587
21.925	1	1	2193	6	1	28	4587
21.926	1	1	2193	7	1	28	4587
21.927	1	1	2193	8	1	28	4587
21.928	1	1	2193	9	1	28	4587
21.929	1	1	2193	10	1	28	4587
21.93	1	1	2194	1	1	28	4587
21.931	1	1	2194	2	1	28	4587
21.932	1	1	2194	3	1	28	4587
21.933	1	1	2194	4	1	28	4587
21.942	1	1	2195	3	1	28	4587
21.943	1	1	2195	4	1	28	4587
21.944	1	1	2195	5	1	28	4587
21.945	1	1	2195	6	1	28	4587
21.946	1	1	2195	7	1	28	4587
22.142	1	1	2215	3	1	28	4587
22.143	1	1	2215	4	1	28	4587
22.144	1	1	2215	5	1	28	4587
22.145	1	1	2215	6	1	28	4587
22.146	1	1	2215	7	1	28	4587
22.147	1	1	2215	8	1	28	4587
22.148	1	1	2215	9	1	28	4587
22.149	1	1	2215	10	1	28	4587
22.15	1	1	2216	1	1	28	4587
22.159	1	1	2216	10	1	28	4587
22.16	1	1	2217	1	1	28	4587
22.161	1	1	2217	2	1	28	4587
22.162	1	1	2217	3	1	28	4587
22.163	1	1	2217	4	1	28	4587
22.359	1	1	2236	10	1	28	4587
22.36	1	1	2237	1	1	28	4587
22.361	1	1	2237	2	1	28	4587
22.362	1	1	2237	3	1	28	4587
22.363	1	1	2237	4	1	28	4587
22.364	1	1	2237	5	1	28	4587
22.365	1	1	2237	6	1	28	4587
22.366	1	1	2237	7	1	28	4587
22.367	1	1	2237	8	1	28	4587
22.376	1	1	2238	7	1	28	4587
22.377	1	1	2238	8	1	28	4587
22.378	1	1	2238	9	1	28	4587
22.379	1	1	2238	10	1	28	4587
22.38	1	1	2239	1	1	28	4587
22.576	1	1	2258	7	1	28	4587
22.577	1	1	2258	8	1	28	4587
22.578	1	1	2258	9	1	28	4587
22.579	1	1	2258	10	1	28	4587
22.58	1	1	2259	1	1	28	4587
22.581	1	1	2259	2	1	28	4587
22.582	1	1	2259	3	1	28	4587
22.583	1	1	2259	4	1	28	4587
22.584	1	1	2259	5	1	28	4587
22.593	1	1	2260	4	1	28	4587
22.594	1	1	2260	5	1	28	4587
22.595	1	1	2260	6	1	28	4587
22.596	1	1	2260	7	1	28	4587
22.597	1	1	2260	8	1	28	4587
22.793	1	1	2280	4	1	28	4587
22.794	1	1	2280	5	1	28	4587
22.795	1	1	2280	6	1	28	4587
22.796	1	1	2280	7	1	28	4587
22.797	1	1	2280	8	1	28	4587
22.798	1	1	2280	9	1	28	4587
22.799	1	1	2280	10	1	28	4587
22.8	1	1	2281	1	1	28	4587
22.801	1	1	2281	2	1	28	4587
22.81	1	1	2282	1	1	28	4587
22.811	1	1	2282	2	1	28	4587
22.812	1	1	2282	3	1	28	4587
22.813	1	1	2282	4	1	28	4587
22.814	1	1	2282	5	1	28	4587
23.01	1	1	2302	1	1	28	4587
23.011	1	1	2302	2	1	28	4587
23.012	1	1	2302	3	1	28	4587
23.013	1	1	2302	4	1	28	4587
23.014	1	1	2302	5	1	28	4587
23.015	1	1	2302	6	1	28	4587
23.016	1	1	2302	7	1	28	4587
23.017	1	1	2302	8	1	28	4587
23.018	1	1	2302	9	1	28	4587
23.027	1	1	2303	8	1	28	4587
23.028	1	1	2303	9	1	28	4587
23.029	1	1	2303	10	1	28	4587
23.03	1	1	2304	1	1	28	4587
23.031	1	1	2304	2	1	28	4587
23.227	1	1	2323	8	1	28	4587
23.228	1	1	2323	9	1	28	4587
23.229	1	1	2323	10	1	28	4587
23.23	1	1	2324	1	1	28	4587
23.231	1	1	2324	2	1	28	4587
23.232	1	1	2324	3	1	28	4587
23.233	1	1	2324	4	1	28	4587
23.234	1	1	2324	5	1	28	4587
23.235	1	1	2324	6	1	28	4587
23.244	1	1	2325	5	1	28	4587
23.245	1	1	2325	6	1	28	4587
23.246	1	1	2325	7	1	28	4587
23.247	1	1	2325	8	1	28	4587
23.248	1	1	2325	9	1	28	4587
23.444	1	1	2345	5	1	28	4587
23.445	1	1	2345	6	1	28	4587
23.446	1	1	2345	7	1	28	4587
23.447	1	1	2345	8	1	28	4587
23.448	1	1	2345	9	1	28	4587
23.449	1	1	2345	10	1	28	4587
23.45	1	1	2346	1	1	28	4587
23.451	1	1	2346	2	1	28	4587
23.452	1	1	2346	3	1	28	4587
23.461	1	1	2347	2	1	28	4587
23.462	1	1	2347	3	1	28	4587
23.463	1	1	2347	4	1	28	4587
23.464	1	1	2347	5	1	28	4587
23.465	1	1	2347	6	1	28	4587
23.661	1	1	2367	2	1	28	4587
23.662	1	1	2367	3	1	28	4587
23.663	1	1	2367	4	1	28	4587
23.664	1	1	2367	5	1	28	4587
23.665	1	1	2367	6	1	28	4587
23.666	1	1	2367	7	1	28	4587
23.667	1	1	2367	8	1	28	4587
23.668	1	1	2367	9	1	28	4587
23.669	1	1	2367	10	1	28	4587
23.678	1	1	2368	9	1	28	4587
23.679	1	1	2368	10	1	28	4587
23.68	1	1	2369	1	1	28	4587
23.681	1	1	2369	2	1	28	4587
23.682	1	1	2369	3	1	28	4587
23.878	1	1	2388	9	1	28	4587
23.879	1	1	2388	10	1	28	4587
23.88	1	1	2389	1	1	28	4587
23.881	1	1	2389	2	1	28	4587
23.882	1	1	2389	3	1	28	4587
23.883	1	1	2389	4	1	28	4587
23.884	1	1	2389	5	1	28	4587
23.885	1	1	2389	6	1	28	4587
23.886	1	1	2389	7	1	28	4587
23.895	1	1	2390	6	1	28	4587
23.896	1	1	2390	7	1	28	4587
23.897	1	1	2390	8	1	28	4587
23.898	1	1	2390	9	1	28	4587
23.899	1	1	2390	10	1	28	4587
24.095	1	1	2410	6	1	28	4587
24.096	1	1	2410	7	1	28	4587
24.097	1	1	2410	8	1	28	4587
24.098	1	1	2410	9	1	28	4587
24.099	1	1	2410	10	1	28	4587
24.1	1	1	2411	1	1	28	4587
24.101	1	1	2411	2	1	28	4587
24.102	1	1	2411	3	1	28	4587
24.103	1	1	2411	4	1	28	4587
24.112	1	1	2412	3	1	28	4587
24.113	1	1	2412	4	1	28	4587
24.114	1	1	2412	5	1	28	4587
24.115	1	1	2412	6	1	28	4587
24.116	1	1	2412	7	1	28	4587
24.312	1	1	2432	3	1	28	4587
24.313	1	1	2432	4	1	28	4587
24.314	1	1	2432	5	1	28	4587
24.315	1	1	2432	6	1	28	4587
24.316	1	1	2432	7	1	28	4587
24.317	1	1	2432	8	1	28	4587
24.318	1	1	2432	9	1	28	4587
24.319	1	1	2432	10	1	28	4587
24.32	1	1	2433	1	1	28	4587
24.329	1	1	2433	10	1	28	4587
24.33	1	1	2434	1	1	28	4587
24.331	1	1	2434	2	1	28	4587
24.332	1	1	2434	3	1	28	4587
24.333	1	1	2434	4	1	28	4587
24.529	1	1	2453	10	1	28	4587
24.53	1	1	2454	1	1	28	4587
24.531	1	1	2454	2	1	28	4587
24.532	1	1	2454	3	1	28	4587
24.533	1	1	2454	4	1	28	4587
24.534	1	1	2454	5	1	28	4587
24.535	1	1	2454	6	1	28	4587
24.536	1	1	2454	7	1	28	4587
24.537	1	1	2454	8	1	28	4587
24.546	1	1	2455	7	1	28	4587
24.547	1	1	2455	8	1	28	4587
24.548	1	1	2455	9	1	28	4587
24.549	1	1	2455	10	1	28	4587
24.55	1	1	2456	1	1	28	4587
24.746	1	1	2475	7	1	28	4587
24.747	1	1	2475	8	1	28	4587
24.748	1	1	2475	9	1	28	4587
24.749	1	1	2475	10	1	28	4587
24.75	1	1	2476	1	1	28	4587
24.751	1	1	2476	2	1	28	4587
24.752	1	1	2476	3	1	28	4587
24.753	1	1	2476	4	1	28	4587
24.754	1	1	2476	5	1	28	4587
24.763	1	1	2477	4	1	28	4587
24.764	1	1	2477	5	1	28	4587
24.765	1	1	2477	6	1	28	4587
24.766	1	1	2477	7	1	28	4587
24.767	1	1	2477	8	1	28	4587
24.963	1	1	2497	4	1	28	4587
24.964	1	1	2497	5	1	28	4587
24.965	1	1	2497	6	1	28	4587
24.966	1	1	2497	7	1	28	4587
24.967	1	1	2497	8	1	28	4587
24.968	1	1	2497	9	1	28	4587
24.969	1	1	2497	10	1	28	4587
24.97	1	1	2498	1	1	28	4587
24.971	1	1	2498	2	1	28	4587
24.98	1	1	2499	1	1	28	4587
24.981	1	1	2499	2	1	28	4587
24.982	1	1	2499	3	1	28	4587
24.983	1	1	2499	4	1	28	4587
24.984	1	1	2499	5	1	28	4587
25.18	1	1	2519	1	1	28	4587
25.181	1	1	2519	2	1	28	4587
25.182	1	1	2519	3	1	28	4587
25.183	1	1	2519	4	1	28	4587
25.184	1	1	2519	5	1	28	4587
25.185	1	1	2519	6	1	28	4587
25.186	1	1	2519	7	1	28	4587
25.187	1	1	2519	8	1	28	4587
25.188	1	1	2519	9	1	28	4587
25.197	1	1	2520	8	1	28	4587
25.198	1	1	2520	9	1	28	4587
25.199	1	1	2520	10	1	28	4587
25.2	1	1	2521	1	1	28	4587
25.201	1	1	2521	2	1	28	4587
25.397	1	1	2540	8	1	28	4587
25.398	1	1	2540	9	1	28	4587
25.399	1	1	2540	10	1	28	4587
25.4	1	1	2541	1	1	28	4587
25.401	1	1	2541	2	1	28	4587
25.402	1	1	2541	3	1	28	4587
25.403	1	1	2541	4	1	28	4587
25.404	1	1	2541	5	1	28	4587
25.405	1	1	2541	6	1	28	4587
25.414	1	1	2542	5	1	28	4587
25.415	1	1	2542	6	1	28	4587
25.416	1	1	2542	7	1	28	4587
25.417	1	1	2542	8	1	28	4587
25.418	1	1	2542	9	1	28	4587
25.614	1	1	2562	5	1	28	4587
25.615	1	1	2562	6	1	28	4587
25.616	1	1	2562	7	1	28	4587
25.617	1	1	2562	8	1	28	4587
25.618	1	1	2562	9	1	28	4587
25.619	1	1	2562	10	1	28	4587
25.62	1	1	2563	1	1	28	4587
25.621	1	1	2563	2	1	28	4587
25.622	1	1	2563	3	1	28	4587
25.631	1	1	2564	2	1	28	4587
25.632	1	1	2564	3	1	28	4587
25.633	1	1	2564	4	1	28	4587
25.634	1	1	2564	5	1	28	4587
25.635	1	1	2564	6	1	28	4587
25.831	1	1	2584	2	1	28	4587
25.832	1	1	2584	3	1	28	4587
25.833	1	1	2584	4	1	28	4587
25.834	1	1	2584	5	1	28	4587
25.835	1	1	2584	6	1	28	4587
25.836	1	1	2584	7	1	28	4587
25.837	1	1	2584	8	1	28	4587
25.838	1	1	2584	9	1	28	4587
25.839	1	1	2584	10	1	28	4587
25.848	1	1	2585	9	1	28	4587
25.849	1	1	2585	10	1	28	4587
25.85	1	1	2586	1	1	28	4587
25.851	1	1	2586	2	1	28	4587
25.852	1	1	2586	3	1	28	4587
26.048	1	1	2605	9	1	28	4587
26.049	1	1	2605	10	1	28	4587
26.05	1	1	2606	1	1	28	4587
26.051	1	1	2606	2	1	28	4587
26.052	1	1	2606	3	1	28	4587
26.053	1	1	2606	4	1	28	4587
26.054	1	1	2606	5	1	28	4587
26.055	1	1	2606	6	1	28	4587
26.056	1	1	2606	7	1	28	4587
26.065	1	1	2607	6	1	28	4587
26.066	1	1	2607	7	1	28	4587
26.067	1	1	2607	8	1	28	4587
26.068	1	1	2607	9	1	28	4587
26.069	1	1	2607	10	1	28	4587
26.265	1	1	2627	6	1	28	4587
26.266	1	1	2627	7	1	28	4587
26.267	1	1	2627	8	1	28	4587
26.268	1	1	2627	9	1	28	4587
26.269	1	1	2627	10	1	28	4587
26.27	1	1	2628	1	1	28	4587
26.271	1	1	2628	2	1	28	4587
26.272	1	1	2628	3	1	28	4587
26.273	1	1	2628	4	1	28	4587
26.282	1	1	2629	3	1	28	4587
26.283	1	1	2629	4	1	28	4587
26.284	1	1	2629	5	1	28	4587
26.285	1	1	2629	6	1	28	4587
26.286	1	1	2629	7	1	28	4587
26.482	1	1	2649	3	1	28	4587
26.483	1	1	2649	4	1	28	4587
26.484	1	1	2649	5	1	28	4587
26.485	1	1	2649	6	1	28	4587
26.486	1	1	2649	7	1	28	4587
26.487	1	1	2649	8	1	28	4587
26.488	1	1	2649	9	1	28	4587
26.489	1	1	2649	10	1	28	4587
26.49	1	1	2650	1	1	28	4587
26.499	1	1	2650	10	1	28	4587
26.5	1	1	2651	1	1	28	4587
26.501	1	1	2651	2	1	28	4587
26.502	1	1	2651	3	1	28	4587
26.503	1	1	2651	4	1	28	4587
26.699	1	1	2670	10	1	28	4587
26.7	1	1	2671	1	1	28	4587
26.701	1	1	2671	2	1	28	4587
26.702	1	1	2671	3	1	28	4587
26.703	1	1	2671	4	1	28	4587
26.704	1	1	2671	5	1	28	4587
26.705	1	1	2671	6	1	28	4587
26.706	1	1	2671	7	1	28	4587
26.707	1	1	2671	8	1	28	4587
26.716	1	1	2672	7	1	28	4587
26.717	1	1	2672	8	1	28	4587
26.718	1	1	2672	9	1	28	4587
26.719	1	1	2672	10	1	28	4587
26.72	1	1	2673	1	1	28	4587
26.916	1	1	2692	7	1	28	4587
26.917	1	1	2692	8	1	28	4587
26.918	1	1	2692	9	1	28	4587
26.919	1	1	2692	10	1	28	4587
26.92	1	1	2693	1	1	28	4587
26.921	1	1	2693	2	1	28	4587
26.922	1	1	2693	3	1	28	4587
26.923	1	1	2693	4	1	28	4587
26.924	1	1	2693	5	1	28	4587
26.933	1	1	2694	4	1	28	4587
26.934	1	1	2694	5	1	28	4587
26.935	1	1	2694	6	1	28	4587
26.936	1	1	2694	7	1	28	4587
26.937	1	1	2694	8	1	28	4587
27.133	1	1	2714	4	1	28	4587
27.134	1	1	2714	5	1	28	4587
27.135	1	1	2714	6	1	28	4587
27.136	1	1	2714	7	1	28	4587
27.137	1	1	2714	8	1	28	4587
27.138	1	1	2714	9	1	28	4587
27.139	1	1	2714	10	1	28	4587
27.14	1	1	2715	1	1	28	4587
27.141	1	1	2715	2	1	28	4587
27.15	1	1	2716	1	1	28	4587
27.151	1	1	2716	2	1	28	4587
27.152	1	1	2716	3	1	28	4587
27.153	1	1	2716	4	1	28	4587
27.154	1	1	2716	5	1	28	4587
27.35	1	1	2736	1	1	28	4587
27.351	1	1	2736	2	1	28	4587
27.352	1	1	2736	3	1	28	4587
27.353	1	1	2736	4	1	28	4587
27.354	1	1	2736	5	1	28	4587
27.355	1	1	2736	6	1	28	4587
27.356	1	1	2736	7	1	28	4587
27.357	1	1	2736	8	1	28	4587
27.358	1	1	2736	9	1	28	4587
27.367	1	1	2737	8	1	28	4587
27.368	1	1	2737	9	1	28	4587
27.369	1	1	2737	10	1	28	4587
27.37	1	1	2738	1	1	28	4587
27.371	1	1	2738	2	1	28	4587
27.567	1	1	2757	8	1	28	4587
27.568	1	1	2757	9	1	28	4587
27.569	1	1	2757	10	1	28	4587
27.57	1	1	2758	1	1	28	4587
27.571	1	1	2758	2	1	28	4587
27.572	1	1	2758	3	1	28	4587
27.573	1	1	2758	4	1	28	4587
27.574	1	1	2758	5	1	28	4587
27.575	1	1	2758	6	1	28	4587
27.584	1	1	2759	5	1	28	4587
27.585	1	1	2759	6	1	28	4587
27.586	1	1	2759	7	1	28	4587
27.587	1	1	2759	8	1	28	4587
27.588	1	1	2759	9	1	28	4587
27.784	1	1	2779	5	1	28	4587
27.785	1	1	2779	6	1	28	4587
27.786	1	1	2779	7	1	28	4587
27.787	1	1	2779	8	1	28	4587
27.788	1	1	2779	9	1	28	4587
27.789	1	1	2779	10	1	28	4587
27.79	1	1	2780	1	1	28	4587
27.791	1	1	2780	2	1	28	4587
27.792	1	1	2780	3	1	28	4587
27.801	1	1	2781	2	1	28	4587
27.802	1	1	2781	3	1	28	4587
27.803	1	1	2781	4	1	28	4587
27.804	1	1	2781	5	1	28	4587
27.805	1	1	2781	6	1	28	4587
28.001	1	1	2801	2	1	28	4587
28.002	1	1	2801	3	1	28	4587
28.003	1	1	2801	4	1	28	4587
28.004	1	1	2801	5	1	28	4587
28.005	1	1	2801	6	1	28	4587
28.006	1	1	2801	7	1	28	4587
28.007	1	1	2801	8	1	28	4587
28.008	1	1	2801	9	1	28	4587
28.009	1	1	2801	10	1	28	4587
28.018	1	1	2802	9	1	28	4587
28.019	1	1	2802	10	1	28	4587
28.02	1	1	2803	1	1	28	4587
28.021	1	1	2803	2	1	28	4587
28.022	1	1	2803	3	1	28	4587
28.218	1	1	2822	9	1	28	4587
28.219	1	1	2822	10	1	28	4587
28.22	1	1	2823	1	1	28	4587
28.221	1	1	2823	2	1	28	4587
28.222	1	1	2823	3	1	28	4587
28.223	1	1	2823	4	1	28	4587
28.224	1	1	2823	5	1	28	4587
28.225	1	1	2823	6	1	28	4587
28.226	1	1	2823	7	1	28	4587
28.235	1	1	2824	6	1	28	4587
28.236	1	1	2824	7	1	28	4587
28.237	1	1	2824	8	1	28	4587
28.238	1	1	2824	9	1	28	4587
28.239	1	1	2824	10	1	28	4587
28.435	1	1	2844	6	1	28	4587
28.436	1	1	2844	7	1	28	4587
28.437	1	1	2844	8	1	28	4587
28.438	1	1	2844	9	1	28	4587
28.439	1	1	2844	10	1	28	4587
28.44	1	1	2845	1	1	28	4587
28.441	1	1	2845	2	1	28	4587
28.442	1	1	2845	3	1	28	4587
28.443	1	1	2845	4	1	28	4587
28.452	1	1	2846	3	1	28	4587
28.453	1	1	2846	4	1	28	4587
28.454	1	1	2846	5	1	28	4587
28.455	1	1	2846	6	1	28	4587
28.456	1	1	2846	7	1	28	4587
28.652	1	1	2866	3	1	28	4587
28.653	1	1	2866	4	1	28	4587
28.654	1	1	2866	5	1	28	4587
28.655	1	1	2866	6	1	28	4587
28.656	1	1	2866	7	1	28	4587
28.657	1	1	2866	8	1	28	4587
28.658	1	1	2866	9	1	28	4587
28.659	1	1	2866	10	1	28	4587
28.66	1	1	2867	1	1	28	4587
28.669	1	1	2867	10	1	28	4587
28.67	1	1	2868	1	1	28	4587
28.671	1	1	2868	2	1	28	4587
28.672	1	1	2868	3	1	28	4587
28.673	1	1	2868	4	1	28	4587
28.869	1	1	2887	10	1	28	4587
28.87	1	1	2888	1	1	28	4587
28.871	1	1	2888	2	1	28	4587
28.872	1	1	2888	3	1	28	4587
28.873	1	1	2888	4	1	28	4587
28.874	1	1	2888	5	1	28	4587
28.875	1	1	2888	6	1	28	4587
28.876	1	1	2888	7	1	28	4587
28.877	1	1	2888	8	1	28	4587
28.886	1	1	2889	7	1	28	4587
28.887	1	1	2889	8	1	28	4587
28.888	1	1	2889	9	1	28	4587
28.889	1	1	2889	10	1	28	4587
28.89	1	1	2890	1	1	28	4587
29.086	1	1	2909	7	1	28	4587
29.087	1	1	2909	8	1	28	4587
29.088	1	1	2909	9	1	28	4587
29.089	1	1	2909	10	1	28	4587
29.09	1	1	2910	1	1	28	4587
29.091	1	1	2910	2	1	28	4587
29.092	1	1	2910	3	1	28	4587
29.093	1	1	2910	4	1	28	4587
29.094	1	1	2910	5	1	28	4587
29.103	1	1	2911	4	1	28	4587
29.104	1	1	2911	5	1	28	4587
29.105	1	1	2911	6	1	28	4587
29.106	1	1	2911	7	1	28	4587
29.107	1	1	2911	8	1	28	4587
29.303	1	1	2931	4	1	28	4587
29.304	1	1	2931	5	1	28	4587
29.305	1	1	2931	6	1	28	4587
29.306	1	1	2931	7	1	28	4587
29.307	1	1	2931	8	1	28	4587
29.308	1	1	2931	9	1	28	4587
29.309	1	1	2931	10	1	28	4587
29.31	1	1	2932	1	1	28	4587
29.311	1	1	2932	2	1	28	4587
29.32	1	1	2933	1	1	28	4587
29.321	1	1	2933	2	1	28	4587
29.322	1	1	2933	3	1	28	4587
29.323	1	1	2933	4	1	28	4587
29.324	1	1	2933	5	1	28	4587
29.52	1	1	2953	1	1	28	4587
29.521	1	1	2953	2	1	28	4587
29.522	1	1	2953	3	1	28	4587
29.523	1	1	2953	4	1	28	4587
29.524	1	1	2953	5	1	28	4587
29.525	1	1	2953	6	1	28	4587
29.526	1	1	2953	7	1	28	4587
29.527	1	1	2953	8	1	28	4587
29.528	1	1	2953	9	1	28	4587
29.537	1	1	2954	8	1	28	4587
29.538	1	1	2954	9	1	28	4587
29.539	1	1	2954	10	1	28	4587
29.54	1	1	2955	1	1	28	4587
29.541	1	1	2955	2	1	28	4587
29.737	1	1	2974	8	1	28	4587
29.738	1	1	2974	9	1	28	4587
29.739	1	1	2974	10	1	28	4587
29.74	1	1	2975	1	1	28	4587
29.741	1	1	2975	2	1	28	4587
29.742	1	1	2975	3	1	28	4587
29.743	1	1	2975	4	1	28	4587
29.744	1	1	2975	5	1	28	4587
29.745	1	1	2975	6	1	28	4587
29.754	1	1	2976	5	1	28	4587
29.755	1	1	2976	6	1	28	4587
29.756	1	1	2976	7	1	28	4587
29.757	1	1	2976	8	1	28	4587
29.758	1	1	2976	9	1	28	4587
29.954	1	1	2996	5	1	28	4587
29.955	1	1	2996	6	1	28	4587
29.956	1	1	2996	7	1	28	4587
29.957	1	1	2996	8	1	28	4587
29.958	1	1	2996	9	1	28	4587
29.959	1	1	2996	10	1	28	4587
29.96	1	1	2997	1	1	28	4587
29.961	1	1	2997	2	1	28	4587
29.962	1	1	2997	3	1	28	4587
29.971	1	1	2998	2	1	28	4587
29.972	1	1	2998	3	1	28	4587
29.973	1	1	2998	4	1	28	4587
29.974	1	1	2998	5	1	28	4587
29.975	1	1	2998	6	1	28	4587
30.171	1	1	3018	2	1	28	4587
30.172	1	1	3018	3	1	28	4587
30.173	1	1	3018	4	1	28	4587
30.174	1	1	3018	5	1	28	4587
30.175	1	1	3018	6	1	28	4587
30.176	1	1	3018	7	1	28	4587
30.177	1	1	3018	8	1	28	4587
30.178	1	1	3018	9	1	28	4587
30.179	1	1	3018	10	1	28	4587
30.188	1	1	3019	9	1	28	4587
30.189	1	1	3019	10	1	28	4587
30.19	1	1	3020	1	1	28	4587
30.191	1	1	3020	2	1	28	4587
30.192	1	1	3020	3	1	28	4587
30.388	1	1	3039	9	1	28	4587
30.389	1	1	3039	10	1	28	4587
30.39	1	1	3040	1	1	28	4587
30.391	1	1	3040	2	1	28	4587
30.392	1	1	3040	3	1	28	4587
30.393	1	1	3040	4	1	28	4587
30.394	1	1	3040	5	1	28	4587
30.395	1	1	3040	6	1	28	4587
30.396	1	1	3040	7	1	28	4587
30.405	1	1	3041	6	1	28	4587
30.406	1	1	3041	7	1	28	4587
30.407	1	1	3041	8	1	28	4587
30.408	1	1	3041	9	1	28	4587
30.409	1	1	3041	10	1	28	4587
30.605	1	1	3061	6	1	28	4587
30.606	1	1	3061	7	1	28	4587
30.607	1	1	3061	8	1	28	4587
30.608	1	1	3061	9	1	28	4587
30.609	1	1	3061	10	1	28	4587
30.61	1	1	3062	1	1	28	4587
30.611	1	1	3062	2	1	28	4587
30.612	1	1	3062	3	1	28	4587
30.613	1	1	3062	4	1	28	4587
30.622	1	1	3063	3	1	28	4587
30.623	1	1	3063	4	1	28	4587
30.624	1	1	3063	5	1	28	4587
30.625	1	1	3063	6	1	28	4587
30.626	1	1	3063	7	1	28	4587
30.822	1	1	3083	3	1	28	4587
30.823	1	1	3083	4	1	28	4587
30.824	1	1	3083	5	1	28	4587
30.825	1	1	3083	6	1	28	4587
30.826	1	1	3083	7	1	28	4587
30.827	1	1	3083	8	1	28	4587
30.828	1	1	3083	9	1	28	4587
30.829	1	1	3083	10	1	28	4587
30.83	1	1	3084	1	1	28	4587
30.839	1	1	3084	10	1	28	4587
30.84	1	1	3085	1	1	28	4587
30.841	1	1	3085	2	1	28	4587
30.842	1	1	3085	3	1	28	4587
30.843	1	1	3085	4	1	28	4587
31.039	1	1	3104	10	1	28	4587
31.04	1	1	3105	1	1	28	4587
31.041	1	1	3105	2	1	28	4587
31.042	1	1	3105	3	1	28	4587
31.043	1	1	3105	4	1	28	4587
31.044	1	1	3105	5	1	28	4587
31.045	1	1	3105	6	1	28	4587
31.046	1	1	3105	7	1	28	4587
31.047	1	1	3105	8	1	28	4587
31.056	1	1	3106	7	1	28	4587
31.057	1	1	3106	8	1	28	4587
31.058	1	1	3106	9	1	28	4587
31.059	1	1	3106	10	1	28	4587
31.06	1	1	3107	1	1	28	4587
31.256	1	1	3126	7	1	28	4587
31.257	1	1	3126	8	1	28	4587
31.258	1	1	3126	9	1	28	4587
31.259	1	1	3126	10	1	28	4587
31.26	1	1	3127	1	1	28	4587
31.261	1	1	3127	2	1	28	4587
31.262	1	1	3127	3	1	28	4587
31.263	1	1	3127	4	1	28	4587
31.264	1	1	3127	5	1	28	4587
31.273	1	1	3128	4	1	28	4587
31.274	1	1	3128	5	1	28	4587
31.275	1	1	3128	6	1	28	4587
31.276	1	1	3128	7	1	28	4587
31.277	1	1	3128	8	1	28	4587
31.473	1	1	3148	4	1	28	4587
31.474	1	1	3148	5	1	28	4587
31.475	1	1	3148	6	1	28	4587
31.476	1	1	3148	7	1	28	4587
31.477	1	1	3148	8	1	28	4587
31.478	1	1	3148	9	1	28	4587
31.479	1	1	3148	10	1	28	4587
31.48	1	1	3149	1	1	28	4587
31.481	1	1	3149	2	1	28	4587
31.49	1	1	3150	1	1	28	4587
31.491	1	1	3150	2	1	28	4587
31.492	1	1	3150	3	1	28	4587
31.493	1	1	3150	4	1	28	4587
31.494	1	1	3150	5	1	28	4587
31.69	1	1	3170	1	1	28	4587
31.691	1	1	3170	2	1	28	4587
31.692	1	1	3170	3	1	28	4587
31.693	1	1	3170	4	1	28	4587
31.694	1	1	3170	5	1	28	4587
31.695	1	1	3170	6	1	28	4587
31.696	1	1	3170	7	1	28	4587
31.697	1	1	3170	8	1	28	4587
31.698	1	1	3170	9	1	28	4587
31.707	1	1	3171	8	1	28	4587
31.708	1	1	3171	9	1	28	4587
31.709	1	1	3171	10	1	28	4587
31.71	1	1	3172	1	1	28	4587
31.711	1	1	3172	2	1	28	4587
31.907	1	1	3191	8	1	28	4587
31.908	1	1	3191	9	1	28	4587
31.909	1	1	3191	10	1	28	4587
31.91	1	1	3192	1	1	28	4587
31.911	1	1	3192	2	1	28	4587
31.912	1	1	3192	3	1	28	4587
31.913	1	1	3192	4	1	28	4587
31.914	1	1	3192	5	1	28	4587
31.915	1	1	3192	6	1	28	4587
31.924	1	1	3193	5	1	28	4587
31.925	1	1	3193	6	1	28	4587
31.926	1	1	3193	7	1	28	4587
31.927	1	1	3193	8	1	28	4587
31.928	1	1	3193	9	1	28	4587
32.124	1	1	3213	5	1	28	4587
32.125	1	1	3213	6	1	28	4587
32.126	1	1	3213	7	1	28	4587
32.127	1	1	3213	8	1	28	4587
32.128	1	1	3213	9	1	28	4587
32.129	1	1	3213	10	1	28	4587
32.13	1	1	3214	1	1	28	4587
32.131	1	1	3214	2	1	28	4587
32.132	1	1	3214	3	1	28	4587
32.141	1	1	3215	2	1	28	4587
32.142	1	1	3215	3	1	28	4587
32.143	1	1	3215	4	1	28	4587
32.144	1	1	3215	5	1	28	4587
32.145	1	1	3215	6	1	28	4587
32.341	1	1	3235	2	1	28	4587
32.342	1	1	3235	3	1	28	4587
32.343	1	1	3235	4	1	28	4587
32.344	1	1	3235	5	1	28	4587
32.345	1	1	3235	6	1	28	4587
32.346	1	1	3235	7	1	28	4587
32.347	1	1	3235	8	1	28	4587
32.348	1	1	3235	9	1	28	4587
32.349	1	1	3235	10	1	28	4587
32.358	1	1	3236	9	1	28	4587
32.359	1	1	3236	10	1	28	4587
32.36	1	1	3237	1	1	28	4587
32.361	1	1	3237	2	1	28	4587
32.362	1	1	3237	3	1	28	4587
32.558	1	1	3256	9	1	28	4587
32.559	1	1	3256	10	1	28	4587
32.56	1	1	3257	1	1	28	4587
32.561	1	1	3257	2	1	28	4587
32.562	1	1	3257	3	1	28	4587
32.563	1	1	3257	4	1	28	4587
32.564	1	1	3257	5	1	28	4587
32.565	1	1	3257	6	1	28	4587
32.566	1	1	3257	7	1	28	4587
32.575	1	1	3258	6	1	28	4587
32.576	1	1	3258	7	1	28	4587
32.577	1	1	3258	8	1	28	4587
32.578	1	1	3258	9	1	28	4587
32.579	1	1	3258	10	1	28	4587
32.775	1	1	3278	6	1	28	4587
32.776	1	1	3278	7	1	28	4587
32.777	1	1	3278	8	1	28	4587
32.778	1	1	3278	9	1	28	4587
32.779	1	1	3278	10	1	28	4587
32.78	1	1	3279	1	1	28	4587
32.781	1	1	3279	2	1	28	4587
32.782	1	1	3279	3	1	28	4587
32.783	1	1	3279	4	1	28	4587
32.792	1	1	3280	3	1	28	4587
32.793	1	1	3280	4	1	28	4587
32.794	1	1	3280	5	1	28	4587
32.795	1	1	3280	6	1	28	4587
32.796	1	1	3280	7	1	28	4587
32.992	1	1	3300	3	1	28	4587
32.993	1	1	3300	4	1	28	4587
32.994	1	1	3300	5	1	28	4587
32.995	1	1	3300	6	1	28	4587
32.996	1	1	3300	7	1	28	4587
32.997	1	1	3300	8	1	28	4587
32.998	1	1	3300	9	1	28	4587
32.999	1	1	3300	10	1	28	4587
33	1	1	3301	1	1	28	4587
33.009	1	1	3301	10	1	28	4587
33.01	1	1	3302	1	1	28	4587
33.011	1	1	3302	2	1	28	4587
33.012	1	1	3302	3	1	28	4587
33.013	1	1	3302	4	1	28	4587
33.209	1	1	3321	10	1	28	4587
33.21	1	1	3322	1	1	28	4587
33.211	1	1	3322	2	1	28	4587
33.212	1	1	3322	3	1	28	4587
33.213	1	1	3322	4	1	28	4587
33.214	1	1	3322	5	1	28	4587
33.215	1	1	3322	6	1	28	4587
33.216	1	1	3322	7	1	28	4587
33.217	1	1	3322	8	1	28	4587
33.226	1	1	3323	7	1	28	4587
33.227	1	1	3323	8	1	28	4587
33.228	1	1	3323	9	1	28	4587
33.229	1	1	3323	10	1	28	4587
33.23	1	1	3324	1	1	28	4587
33.426	1	1	3343	7	1	28	4587
33.427	1	1	3343	8	1	28	4587
33.428	1	1	3343	9	1	28	4587
33.429	1	1	3343	10	1	28	4587
33.43	1	1	3344	1	1	28	4587
33.431	1	1	3344	2	1	28	4587
33.432	1	1	3344	3	1	28	4587
33.433	1	1	3344	4	1	28	4587
33.434	1	1	3344	5	1	28	4587
33.443	1	1	3345	4	1	28	4587
33.444	1	1	3345	5	1	28	4587
33.445	1	1	3345	6	1	28	4587
33.446	1	1	3345	7	1	28	4587
33.447	1	1	3345	8	1	28	4587
33.643	1	1	3365	4	1	28	4587
33.644	1	1	3365	5	1	28	4587
33.645	1	1	3365	6	1	28	4587
33.646	1	1	3365	7	1	28	4587
33.647	1	1	3365	8	1	28	4587
33.648	1	1	3365	9	1	28	4587
33.649	1	1	3365	10	1	28	4587
33.65	1	1	3366	1	1	28	4587
33.651	1	1	3366	2	1	28	4587
33.66	1	1	3367	1	1	28	4587
33.661	1	1	3367	2	1	28	4587
33.662	1	1	3367	3	1	28	4587
33.663	1	1	3367	4	1	28	4587
33.664	1	1	3367	5	1	28	4587
33.86	1	1	3387	1	1	28	4587
33.861	1	1	3387	2	1	28	4587
33.862	1	1	3387	3	1	28	4587
33.863	1	1	3387	4	1	28	4587
33.864	1	1	3387	5	1	28	4587
33.865	1	1	3387	6	1	28	4587
33.866	1	1	3387	7	1	28	4587
33.867	1	1	3387	8	1	28	4587
33.868	1	1	3387	9	1	28	4587
33.877	1	1	3388	8	1	28	4587
33.878	1	1	3388	9	1	28	4587
33.879	1	1	3388	10	1	28	4587
33.88	1	1	3389	1	1	28	4587
33.881	1	1	3389	2	1	28	4587
34.077	1	1	3408	8	1	28	4587
34.078	1	1	3408	9	1	28	4587
34.079	1	1	3408	10	1	28	4587
34.08	1	1	3409	1	1	28	4587
34.081	1	1	3409	2	1	28	4587
34.082	1	1	3409	3	1	28	4587
34.083	1	1	3409	4	1	28	4587
34.084	1	1	3409	5	1	28	4587
34.085	1	1	3409	6	1	28	4587
34.094	1	1	3410	5	1	28	4587
34.095	1	1	3410	6	1	28	4587
34.096	1	1	3410	7	1	28	4587
34.097	1	1	3410	8	1	28	4587
34.098	1	1	3410	9	1	28	4587
34.294	1	1	3430	5	1	28	4587
34.295	1	1	3430	6	1	28	4587
34.296	1	1	3430	7	1	28	4587
34.297	1	1	3430	8	1	28	4587
34.298	1	1	3430	9	1	28	4587
34.299	1	1	3430	10	1	28	4587
34.3	1	1	3431	1	1	28	4587
34.301	1	1	3431	2	1	28	4587
34.302	1	1	3431	3	1	28	4587
34.311	1	1	3432	2	1	28	4587
34.312	1	1	3432	3	1	28	4587
34.313	1	1	3432	4	1	28	4587
34.314	1	1	3432	5	1	28	4587
34.315	1	1	3432	6	1	28	4587
34.511	1	1	3452	2	1	28	4587
34.512	1	1	3452	3	1	28	4587
34.513	1	1	3452	4	1	28	4587
34.514	1	1	3452	5	1	28	4587
34.515	1	1	3452	6	1	28	4587
34.516	1	1	3452	7	1	28	4587
34.517	1	1	3452	8	1	28	4587
34.518	1	1	3452	9	1	28	4587
34.519	1	1	3452	10	1	28	4587
34.528	1	1	3453	9	1	28	4587
34.529	1	1	3453	10	1	28	4587
34.53	1	1	3454	1	1	28	4587
34.531	1	1	3454	2	1	28	4587
34.532	1	1	3454	3	1	28	4587
34.728	1	1	3473	9	1	28	4587
34.729	1	1	3473	10	1	28	4587
34.73	1	1	3474	1	1	28	4587
34.731	1	1	3474	2	1	28	4587
34.732	1	1	3474	3	1	28	4587
34.733	1	1	3474	4	1	28	4587
34.734	1	1	3474	5	1	28	4587
34.735	1	1	3474	6	1	28	4587
34.736	1	1	3474	7	1	28	4587
34.745	1	1	3475	6	1	28	4587
34.746	1	1	3475	7	1	28	4587
34.747	1	1	3475	8	1	28	4587
34.748	1	1	3475	9	1	28	4587
34.749	1	1	3475	10	1	28	4587
34.945	1	1	3495	6	1	28	4587
34.946	1	1	3495	7	1	28	4587
34.947	1	1	3495	8	1	28	4587
34.948	1	1	3495	9	1	28	4587
34.949	1	1	3495	10	1	28	4587
34.95	1	1	3496	1	1	28	4587
34.951	1	1	3496	2	1	28	4587
34.952	1	1	3496	3	1	28	4587
34.953	1	1	3496	4	1	28	4587
34.962	1	1	3497	3	1	28	4587
34.963	1	1	3497	4	1	28	4587
34.964	1	1	3497	5	1	28	4587
34.965	1	1	3497	6	1	28	4587
34.966	1	1	3497	7	1	28	4587
35.162	1	1	3517	3	1	28	4587
35.163	1	1	3517	4	1	28	4587
35.164	1	1	3517	5	1	28	4587
35.165	1	1	3517	6	1	28	4587
35.166	1	1	3517	7	1	28	4587
35.167	1	1	3517	8	1	28	4587
35.168	1	1	3517	9	1	28	4587
35.169	1	1	3517	10	1	28	4587
35.17	1	1	3518	1	1	28	4587
35.179	1	1	3518	10	1	28	4587
35.18	1	1	3519	1	1	28	4587
35.181	1	1	3519	2	1	28	4587
35.182	1	1	3519	3	1	28	4587
35.183	1	1	3519	4	1	28	4587
35.379	1	1	3538	10	1	28	4587
35.38	1	1	3539	1	1	28	4587
35.381	1	1	3539	2	1	28	4587
35.382	1	1	3539	3	1	28	4587
35.383	1	1	3539	4	1	28	4587
35.384	1	1	3539	5	1	28	4587
35.385	1	1	3539	6	1	28	4587
35.386	1	1	3539	7	1	28	4587
35.387	1	1	3539	8	1	28	4587
35.396	1	1	3540	7	1	28	4587
35.397	1	1	3540	8	1	28	4587
35.398	1	1	3540	9	1	28	4587
35.399	1	1	3540	10	1	28	4587
35.4	1	1	3541	1	1	28	4587
35.596	1	1	3560	7	1	28	4587
35.597	1	1	3560	8	1	28	4587
35.598	1	1	3560	9	1	28	4587
35.599	1	1	3560	10	1	28	4587
35.6	1	1	3561	1	1	28	4587
35.601	1	1	3561	2	1	28	4587
35.602	1	1	3561	3	1	28	4587
35.603	1	1	3561	4	1	28	4587
35.604	1	1	3561	5	1	28	4587
35.613	1	1	3562	4	1	28	4587
35.614	1	1	3562	5	1	28	4587
35.615	1	1	3562	6	1	28	4587
35.616	1	1	3562	7	1	28	4587
35.617	1	1	3562	8	1	28	4587
35.813	1	1	3582	4	1	28	4587
35.814	1	1	3582	5	1	28	4587
35.815	1	1	3582	6	1	28	4587
35.816	1	1	3582	7	1	28	4587
35.817	1	1	3582	8	1	28	4587
35.818	1	1	3582	9	1	28	4587
35.819	1	1	3582	10	1	28	4587
35.82	1	1	3583	1	1	28	4587
35.821	1	1	3583	2	1	28	4587
35.83	1	1	3584	1	1	28	4587
35.831	1	1	3584	2	1	28	4587
35.832	1	1	3584	3	1	28	4587
35.833	1	1	3584	4	1	28	4587
35.834	1	1	3584	5	1	28	4587
36.03	1	1	3604	1	1	28	4587
36.031	1	1	3604	2	1	28	4587
36.032	1	1	3604	3	1	28	4587
36.033	1	1	3604	4	1	28	4587
36.034	1	1	3604	5	1	28	4587
36.035	1	1	3604	6	1	28	4587
36.036	1	1	3604	7	1	28	4587
36.037	1	1	3604	8	1	28	4587
36.038	1	1	3604	9	1	28	4587
36.047	1	1	3605	8	1	28	4587
36.048	1	1	3605	9	1	28	4587
36.049	1	1	3605	10	1	28	4587
36.05	1	1	3606	1	1	28	4587
36.051	1	1	3606	2	1	28	4587
36.247	1	1	3625	8	1	28	4587
36.248	1	1	3625	9	1	28	4587
36.249	1	1	3625	10	1	28	4587
36.25	1	1	3626	1	1	28	4587
36.251	1	1	3626	2	1	28	4587
36.252	1	1	3626	3	1	28	4587
36.253	1	1	3626	4	1	28	4587
36.254	1	1	3626	5	1	28	4587
36.255	1	1	3626	6	1	28	4587
36.264	1	1	3627	5	1	28	4587
36.265	1	1	3627	6	1	28	4587
36.266	1	1	3627	7	1	28	4587
36.267	1	1	3627	8	1	28	4587
36.268	1	1	3627	9	1	28	4587
36.464	1	1	3647	5	1	28	4587
36.465	1	1	3647	6	1	28	4587
36.466	1	1	3647	7	1	28	4587
36.467	1	1	3647	8	1	28	4587
36.468	1	1	3647	9	1	28	4587
36.469	1	1	3647	10	1	28	4587
36.47	1	1	3648	1	1	28	4587
36.471	1	1	3648	2	1	28	4587
36.472	1	1	3648	3	1	28	4587
36.481	1	1	3649	2	1	28	4587
36.482	1	1	3649	3	1	28	4587
36.483	1	1	3649	4	1	28	4587
36.484	1	1	3649	5	1	28	4587
36.485	1	1	3649	6	1	28	4587
36.681	1	1	3669	2	1	28	4587
36.682	1	1	3669	3	1	28	4587
36.683	1	1	3669	4	1	28	4587
36.684	1	1	3669	5	1	28	4587
36.685	1	1	3669	6	1	28	4587
36.686	1	1	3669	7	1	28	4587
36.687	1	1	3669	8	1	28	4587
36.688	1	1	3669	9	1	28	4587
36.689	1	1	3669	10	1	28	4587
36.698	1	1	3670	9	1	28	4587
36.699	1	1	3670	10	1	28	4587
36.7	1	1	3671	1	1	28	4587
36.701	1	1	3671	2	1	28	4587
36.702	1	1	3671	3	1	28	4587
36.898	1	1	3690	9	1	28	4587
36.899	1	1	3690	10	1	28	4587
36.9	1	1	3691	1	1	28	4587
36.901	1	1	3691	2	1	28	4587
36.902	1	1	3691	3	1	28	4587
36.903	1	1	3691	4	1	28	4587
36.904	1	1	3691	5	1	28	4587
36.905	1	1	3691	6	1	28	4587
36.906	1	1	3691	7	1	28	4587
36.915	1	1	3692	6	1	28	4587
36.916	1	1	3692	7	1	28	4587
36.917	1	1	3692	8	1	28	4587
36.918	1	1	3692	9	1	28	4587
36.919	1	1	3692	10	1	28	4587
37.115	1	1	3712	6	1	28	4587
37.116	1	1	3712	7	1	28	4587
37.117	1	1	3712	8	1	28	4587
37.118	1	1	3712	9	1	28	4587
37.119	1	1	3712	10	1	28	4587
37.12	1	1	3713	1	1	28	4587
37.121	1	1	3713	2	1	28	4587
37.122	1	1	3713	3	1	28	4587
37.123	1	1	3713	4	1	28	4587
37.132	1	1	3714	3	1	28	4587
37.133	1	1	3714	4	1	28	4587
37.134	1	1	3714	5	1	28	4587
37.135	1	1	3714	6	1	28	4587
37.136	1	1	3714	7	1	28	4587
37.332	1	1	3734	3	1	28	4587
37.333	1	1	3734	4	1	28	4587
37.334	1	1	3734	5	1	28	4587
37.335	1	1	3734	6	1	28	4587
37.336	1	1	3734	7	1	28	4587
37.337	1	1	3734	8	1	28	4587
37.338	1	1	3734	9	1	28	4587
37.339	1	1	3734	10	1	28	4587
37.34	1	1	3735	1	1	28	4587
37.349	1	1	3735	10	1	28	4587
37.35	1	1	3736	1	1	28	4587
37.351	1	1	3736	2	1	28	4587
37.352	1	1	3736	3	1	28	4587
37.353	1	1	3736	4	1	28	4587
37.549	1	1	3755	10	1	28	4587
37.55	1	1	3756	1	1	28	4587
37.551	1	1	3756	2	1	28	4587
37.552	1	1	3756	3	1	28	4587
37.553	1	1	3756	4	1	28	4587
37.554	1	1	3756	5	1	28	4587
37.555	1	1	3756	6	1	28	4587
37.556	1	1	3756	7	1	28	4587
37.557	1	1	3756	8	1	28	4587
37.566	1	1	3757	7	1	28	4587
37.567	1	1	3757	8	1	28	4587
37.568	1	1	3757	9	1	28	4587
37.569	1	1	3757	10	1	28	4587
37.57	1	1	3758	1	1	28	4587
37.766	1	1	3777	7	1	28	4587
37.767	1	1	3777	8	1	28	4587
37.768	1	1	3777	9	1	28	4587
37.769	1	1	3777	10	1	28	4587
37.77	1	1	3778	1	1	28	4587
37.771	1	1	3778	2	1	28	4587
37.772	1	1	3778	3	1	28	4587
37.773	1	1	3778	4	1	28	4587
37.774	1	1	3778	5	1	28	4587
37.783	1	1	3779	4	1	28	4587
37.784	1	1	3779	5	1	28	4587
37.785	1	1	3779	6	1	28	4587
37.786	1	1	3779	7	1	28	4587
37.787	1	1	3779	8	1	28	4587
37.983	1	1	3799	4	1	28	4587
37.984	1	1	3799	5	1	28	4587
37.985	1	1	3799	6	1	28	4587
37.986	1	1	3799	7	1	28	4587
37.987	1	1	3799	8	1	28	4587
37.988	1	1	3799	9	1	28	4587
