RTT(ms) RWND(Bytes) MCS Peak(Mbps)_1UE Avg(Mbps)_1UE Peak(Mbps)_PerUE Avg(Mbps)_PerUE Peak(Mbps)_System Avg(Mbps)_System
30.0 64000.0 HtMcs1 14.784 4.018412060301507 47.264 6.027618090452262 141.792 48.22094472361808
200.0 64000.0 HtMcs1 16.912 4.018412060301507 15.008 3.2856454849498333 53.984 26.285163879598663
30.0 1024000.0 HtMcs1 16.912 4.018412060301507 114.128 6.027618090452262 272.16 48.220944723618096
200.0 1024000.0 HtMcs1 14.784 4.018412060301507 114.016 6.029306532663316 274.17600000000004 48.23445226130654
30.0 64000.0 HtMcs7 5.04 2.2227692307692304    
200.0 64000.0 HtMcs7 5.04 2.2377525083612038    
30.0 1024000.0 HtMcs7 5.04 2.2377525083612038    
200.0 1024000.0 HtMcs7 5.04 2.2227692307692304    
   114.688 4.018412060301507    
   24.08 4.018412060301507    
   114.688 4.018412060301507    
   25.088 10.557473684210526    
   122.08 51.296    
   122.08 51.296    
   25.088 10.557473684210526    
   24.08 4.018412060301507    
   25.2 9.237052631578948    
   122.416 44.88252631578948    
   122.416 44.88252631578948    
   23.856 4.019537688442211    
   60.032 4.0195376884422105    
   23.856 4.019537688442211    
   25.2 9.237052631578948    
   60.032 4.0195376884422105    
        
        
        
        
