0.1 0
0.2 0
0.3 0
0.4 0
0.5 0
0.6 0
0.7 0
0.8 0
0.9 0
1 0
1.1 0
1.2 0
1.3 0
1.4 0
1.5 0
1.6 0.224
1.7 0
1.8 0.336
1.9 0
2 0.336
2.1 0
2.2 0.56
2.3 0
2.4 1.008
2.5 0
2.6 1.344
2.7 0
2.8 2.016
2.9 0
3 3.024
3.1 0
3.2 2.8
3.3 1.904
3.4 1.904
3.5 3.136
3.6 1.792
3.7 3.136
3.8 1.792
3.9 3.136
4 1.792
4.1 3.136
4.2 1.792
4.3 2.464
4.4 2.464
4.5 0.672
4.6 3.248
4.7 1.68
4.8 2.464
4.9 2.464
5 2.464
5.1 1.792
5.2 3.136
5.3 1.792
5.4 3.136
5.5 1.792
5.6 3.136
5.7 1.792
5.8 3.136
5.9 1.792
6 1.12
6.1 3.808
6.2 0.896
6.3 4.032
6.4 0.784
6.5 4.144
6.6 0.672
6.7 4.256
6.8 0.672
6.9 4.256
7 0.672
7.1 4.256
7.2 0.672
7.3 2.688
7.4 1.68
7.5 3.248
7.6 1.568
7.7 3.36
7.8 1.568
7.9 3.36
8 1.568
8.1 3.36
8.2 1.568
8.3 3.36
8.4 0
8.5 4.928
8.6 0
8.7 4.928
8.8 0
8.9 3.808
9 1.12
9.1 1.568
9.2 3.36
9.3 1.568
9.4 3.36
9.5 1.568
9.6 3.36
9.7 1.568
9.8 3.36
9.9 1.568
10 3.36
10.1 1.568
10.2 3.36
10.3 1.568
10.4 3.36
10.5 1.568
10.6 0.56
10.7 4.256
10.8 0.56
10.9 4.256
11 0.672
11.1 3.36
11.2 1.12
11.3 3.36
11.4 1.568
11.5 3.36
11.6 1.568
11.7 3.36
11.8 1.568
11.9 3.36
12 1.568
12.1 3.36
12.2 1.568
12.3 3.36
12.4 1.568
12.5 1.568
12.6 3.36
12.7 1.568
12.8 3.36
12.9 1.568
13 1.792
13.1 3.136
13.2 1.792
13.3 3.136
13.4 1.792
13.5 3.136
13.6 1.792
13.7 3.136
13.8 1.792
13.9 3.136
14 1.792
14.1 3.136
14.2 1.792
14.3 3.136
14.4 1.792
14.5 2.912
14.6 2.016
14.7 2.912
14.8 2.016
14.9 2.912
15 2.016
15.1 1.344
15.2 3.584
15.3 0.224
15.4 4.704
15.5 0.224
15.6 4.368
15.7 0.56
15.8 4.256
15.9 0.672
16 2.8
16.1 2.128
16.2 2.688
16.3 2.24
16.4 2.688
16.5 2.24
16.6 2.688
16.7 2.24
16.8 2.688
16.9 2.24
17 2.688
17.1 2.24
17.2 1.456
17.3 3.472
17.4 1.12
17.5 3.808
17.6 1.12
17.7 3.584
17.8 1.344
17.9 3.472
18 0.896
18.1 2.128
18.2 2.24
18.3 2.688
18.4 2.24
18.5 2.688
18.6 2.24
18.7 2.688
18.8 2.24
18.9 2.688
19 2.24
19.1 2.688
19.2 2.24
19.3 2.688
19.4 2.016
19.5 2.912
19.6 2.016
19.7 2.912
19.8 2.016
19.9 2.912
20 2.016
20.1 2.912
20.2 2.016
20.3 2.912
20.4 2.016
20.5 2.688
20.6 1.568
20.7 2.576
20.8 2.352
20.9 1.12
21 3.808
21.1 1.12
21.2 3.808
21.3 1.12
21.4 3.808
21.5 1.12
21.6 3.696
21.7 1.232
21.8 3.584
21.9 1.344
22 3.584
22.1 1.344
22.2 3.584
22.3 1.344
22.4 3.024
22.5 1.904
22.6 2.464
22.7 2.464
22.8 2.464
22.9 2.464
23 1.568
23.1 3.36
23.2 0.448
23.3 4.48
23.4 0.448
23.5 4.48
23.6 0.448
23.7 4.48
23.8 0.448
23.9 4.48
24 0.448
24.1 2.24
24.2 2.688
24.3 2.016
24.4 2.912
24.5 2.016
24.6 2.912
24.7 2.016
24.8 2.576
24.9 2.352
25 2.464
25.1 2.464
25.2 2.464
25.3 2.464
25.4 2.464
25.5 2.464
25.6 0.224
25.7 4.704
25.8 0.224
25.9 4.704
26 0
26.1 4.368
26.2 0.56
26.3 4.256
26.4 0.672
26.5 4.256
26.6 0.672
26.7 2.576
26.8 2.352
26.9 1.12
27 3.808
27.1 1.12
27.2 3.808
27.3 1.12
27.4 3.808
27.5 0.448
27.6 4.48
27.7 0.448
27.8 4.48
27.9 0.448
28 4.032
28.1 0.896
28.2 4.032
28.3 0.896
28.4 4.032
28.5 0.896
28.6 2.24
28.7 2.688
28.8 1.792
28.9 3.136
29 1.792
29.1 3.136
29.2 1.792
29.3 3.136
29.4 1.792
29.5 2.8
29.6 2.128
29.7 2.24
29.8 2.464
29.9 2.464
30 2.464
30.1 2.464
30.2 1.344
30.3 3.584
30.4 1.344
30.5 3.584
30.6 1.344
30.7 1.792
30.8 3.136
30.9 1.792
31 3.136
31.1 1.792
31.2 3.136
31.3 1.792
31.4 3.136
31.5 1.792
31.6 2.016
31.7 2.912
31.8 1.792
31.9 3.136
32 1.792
32.1 3.136
32.2 1.792
32.3 3.136
32.4 1.792
32.5 3.136
32.6 1.792
32.7 3.136
32.8 1.792
32.9 3.136
33 1.792
33.1 3.024
33.2 1.904
33.3 0.112
33.4 4.816
33.5 0
33.6 4.928
33.7 0
33.8 4.928
33.9 0
34 4.928
34.1 0
34.2 4.032
34.3 0.896
34.4 0.224
34.5 4.704
34.6 0.224
34.7 1.904
34.8 3.024
34.9 0.224
35 4.704
35.1 0.224
35.2 4.704
35.3 0.224
35.4 4.704
35.5 0.224
35.6 4.704
35.7 0.224
35.8 4.704
35.9 0.224
36 4.704
36.1 0.224
36.2 4.256
36.3 0.448
36.4 2.912
36.5 2.016
36.6 2.8
36.7 1.888
36.8 0
36.9 0
37 0
37.1 0
37.2 0
37.3 0
37.4 0
37.5 0
37.6 0
37.7 0
37.8 0
37.9 0
38 0
38.1 0
38.2 0
38.3 0
38.4 0
38.5 0
38.6 0
38.7 0
38.8 0
38.9 0
39 0
39.1 0
39.2 0
39.3 0
39.4 0
39.5 0
39.6 0
39.7 0
39.8 0
39.9 0
40 0
40.1 0
40.2 0
40.3 0
40.4 0
40.5 0
40.6 0
40.7 0
40.8 0
40.9 0
41 0
41.1 0
41.2 0
41.3 0
41.4 0
41.5 0
41.6 0
41.7 0
41.8 0
41.9 0
42 0
42.1 0
42.2 0
42.3 0
42.4 0
42.5 0
42.6 0
42.7 0
42.8 0
42.9 0
43 0
43.1 0
43.2 0
43.3 0
43.4 0
43.5 0
43.6 0
43.7 0
43.8 0
43.9 0
44 0
44.1 0
44.2 0
44.3 0
44.4 0
44.5 0
44.6 0
44.7 0
44.8 0
44.9 0
45 0
45.1 0
45.2 0
45.3 0
45.4 0
45.5 0
45.6 0
45.7 0
45.8 0
45.9 0
46 0
46.1 0
46.2 0
46.3 0
46.4 0
46.5 0
46.6 0
46.7 0
46.8 0
46.9 0
47 0
47.1 0
47.2 0
47.3 0
47.4 0
47.5 0
47.6 0
47.7 0
47.8 0
47.9 0
48 0
48.1 0
48.2 0
48.3 0
48.4 0
48.5 0
48.6 0
48.7 0
48.8 0
48.9 0
49 0
49.1 0
49.2 0
49.3 0
49.4 0
49.5 0
49.6 0
49.7 0
49.8 0
49.9 0
50 0
50.1 0
50.2 0
50.3 0
50.4 0
50.5 0
50.6 0
50.7 0
50.8 0
50.9 0
51 0
51.1 0
51.2 0
51.3 0
51.4 0
51.5 0
51.6 0
51.7 0
51.8 0
51.9 0
52 0
52.1 0
52.2 0
52.3 0
52.4 0
52.5 0
52.6 0
52.7 0
52.8 0
52.9 0
53 0
53.1 0
53.2 0
53.3 0
53.4 0
53.5 0
53.6 0
53.7 0
53.8 0
53.9 0
54 0
54.1 0
54.2 0
54.3 0
54.4 0
54.5 0
54.6 0
54.7 0
54.8 0
54.9 0
55 0
55.1 0
55.2 0
55.3 0
55.4 0
55.5 0
55.6 0
55.7 0
55.8 0
55.9 0
56 0
56.1 0
56.2 0
56.3 0
56.4 0
56.5 0
56.6 0
56.7 0
56.8 0
56.9 0
57 0
57.1 0
57.2 0
57.3 0
57.4 0
57.5 0
57.6 0
57.7 0
57.8 0
57.9 0
58 0
58.1 0
58.2 0
58.3 0
58.4 0
58.5 0
58.6 0
58.7 0
58.8 0
58.9 0
59 0
59.1 0
59.2 0
59.3 0
59.4 0
59.5 0
59.6 0
59.7 0
59.8 0
59.9 0
