0.1 0
0.2 0
0.3 0
0.4 0
0.5 0
0.6 0
0.7 0
0.8 0
0.9 0
1 0
1.1 0
1.2 0
1.3 0
1.4 0
1.5 0
1.6 0.224
1.7 0
1.8 0.336
1.9 0
2 0.336
2.1 0
2.2 0.56
2.3 0
2.4 1.008
2.5 0
2.6 1.344
2.7 0
2.8 2.24
2.9 0
3 3.36
3.1 0
3.2 5.04
3.3 0
3.4 0.672
3.5 4.256
3.6 0.672
3.7 4.256
3.8 0.672
3.9 4.256
4 0
4.1 4.928
4.2 0
4.3 4.928
4.4 0
4.5 3.36
4.6 1.568
4.7 3.36
4.8 1.568
4.9 3.36
5 1.568
5.1 2.688
5.2 2.24
5.3 1.792
5.4 3.136
5.5 1.792
5.6 3.136
5.7 1.792
5.8 3.136
5.9 1.792
6 3.136
6.1 1.68
6.2 3.248
6.3 1.12
6.4 3.808
6.5 0.448
6.6 4.48
6.7 0.448
6.8 4.48
6.9 0.224
7 4.704
7.1 0
7.2 4.928
7.3 0
7.4 4.928
7.5 0
7.6 4.816
7.7 0.112
7.8 4.592
7.9 0.336
8 2.688
8.1 2.24
8.2 0
8.3 4.928
8.4 0
8.5 4.928
8.6 0
8.7 4.928
8.8 0
8.9 5.04
9 0
9.1 3.584
9.2 1.344
9.3 1.232
9.4 3.808
9.5 0
9.6 4.928
9.7 0
9.8 4.928
9.9 0
10 4.928
10.1 0
10.2 4.032
10.3 0.896
10.4 2.464
10.5 2.464
10.6 2.464
10.7 2.464
10.8 2.464
10.9 2.464
11 2.464
11.1 2.464
11.2 2.24
11.3 2.688
11.4 1.12
11.5 3.808
11.6 1.12
11.7 3.808
11.8 1.12
11.9 2.688
12 2.24
12.1 2.24
12.2 2.688
12.3 2.24
12.4 2.688
12.5 1.904
12.6 3.024
12.7 1.792
12.8 3.136
12.9 1.792
13 2.016
13.1 2.8
13.2 2.128
13.3 2.688
13.4 2.24
13.5 2.688
13.6 2.24
13.7 2.688
13.8 2.24
13.9 2.688
14 2.24
14.1 2.688
14.2 2.24
14.3 2.464
14.4 2.464
14.5 0.224
14.6 3.92
14.7 0.784
14.8 3.36
14.9 1.568
15 3.36
15.1 1.568
15.2 3.36
15.3 1.568
15.4 3.36
15.5 1.568
15.6 3.36
15.7 1.568
15.8 3.36
15.9 1.568
16 3.36
16.1 1.568
16.2 0.896
16.3 4.032
16.4 0.672
16.5 4.256
16.6 0.672
16.7 4.256
16.8 0.672
16.9 4.256
17 0.672
17.1 4.256
17.2 0
17.3 4.928
17.4 0
17.5 4.928
17.6 0
17.7 4.928
17.8 0
17.9 3.36
18 1.568
18.1 2.24
18.2 2.688
18.3 1.568
18.4 3.36
18.5 1.568
18.6 3.36
18.7 1.568
18.8 3.36
18.9 1.344
19 3.584
19.1 1.344
19.2 3.584
19.3 1.344
19.4 2.464
19.5 2.464
19.6 2.016
19.7 2.912
19.8 2.016
19.9 2.912
20 2.016
20.1 2.912
20.2 2.016
20.3 2.912
20.4 2.016
20.5 2.912
20.6 2.016
20.7 1.568
20.8 3.36
20.9 1.568
21 3.36
21.1 1.568
21.2 3.36
21.3 1.568
21.4 3.36
21.5 1.568
21.6 3.36
21.7 1.568
21.8 3.36
21.9 1.568
22 3.36
22.1 1.568
22.2 3.36
22.3 1.568
22.4 3.36
22.5 1.568
22.6 1.12
22.7 3.808
22.8 0.448
22.9 4.48
23 0.448
23.1 3.36
23.2 1.568
23.3 3.36
23.4 1.568
23.5 3.36
23.6 1.568
23.7 3.36
23.8 1.568
23.9 3.36
24 1.568
24.1 2.912
24.2 2.016
24.3 2.464
24.4 2.464
24.5 1.12
24.6 3.808
24.7 1.12
24.8 3.808
24.9 1.12
25 3.808
25.1 1.12
25.2 3.696
25.3 1.232
25.4 3.36
25.5 1.568
25.6 2.688
25.7 2.24
25.8 2.24
25.9 1.68
26 3.248
26.1 1.568
26.2 3.024
26.3 1.904
26.4 1.792
26.5 3.136
26.6 1.792
26.7 2.688
26.8 2.24
26.9 2.688
27 2.24
27.1 2.688
27.2 2.24
27.3 2.688
27.4 2.24
27.5 2.688
27.6 2.24
27.7 2.688
27.8 2.24
27.9 2.688
28 2.24
28.1 2.688
28.2 0.672
28.3 4.256
28.4 0.672
28.5 4.256
28.6 0.672
28.7 4.256
28.8 0.672
28.9 4.256
29 0.672
29.1 4.256
29.2 0.672
29.3 4.256
29.4 0.672
29.5 4.256
29.6 0.672
29.7 2.688
29.8 1.568
29.9 1.12
30 3.808
30.1 1.12
30.2 3.808
30.3 1.12
30.4 3.808
30.5 0.672
30.6 4.256
30.7 0.672
30.8 4.256
30.9 0.672
31 4.256
31.1 0.672
31.2 4.256
31.3 0.672
31.4 4.256
31.5 0.672
31.6 4.256
31.7 0.672
31.8 4.256
31.9 0.672
32 3.136
32.1 1.792
32.2 0.784
32.3 4.144
32.4 0.448
32.5 4.48
32.6 0.336
32.7 4.592
32.8 0.224
32.9 4.704
33 0.224
33.1 4.032
33.2 0.896
33.3 4.032
33.4 0.896
33.5 0.448
33.6 4.48
33.7 0.448
33.8 4.48
33.9 0.448
34 4.48
34.1 0.448
34.2 3.584
34.3 1.344
34.4 3.584
34.5 1.344
34.6 3.584
34.7 1.344
34.8 1.792
34.9 2.576
35 1.008
35.1 3.136
35.2 1.792
35.3 3.136
35.4 1.792
35.5 3.136
35.6 1.792
35.7 3.136
35.8 1.792
35.9 3.136
36 1.792
36.1 3.136
36.2 1.568
36.3 3.136
36.4 1.792
36.5 0.896
36.6 3.808
36.7 0.32
36.8 0
36.9 0
37 0
37.1 0
37.2 0
37.3 0
37.4 0
37.5 0
37.6 0
37.7 0
37.8 0
37.9 0
38 0
38.1 0
38.2 0
38.3 0
38.4 0
38.5 0
38.6 0
38.7 0
38.8 0
38.9 0
39 0
39.1 0
39.2 0
39.3 0
39.4 0
39.5 0
39.6 0
39.7 0
39.8 0
39.9 0
40 0
40.1 0
40.2 0
40.3 0
40.4 0
40.5 0
40.6 0
40.7 0
40.8 0
40.9 0
41 0
41.1 0
41.2 0
41.3 0
41.4 0
41.5 0
41.6 0
41.7 0
41.8 0
41.9 0
42 0
42.1 0
42.2 0
42.3 0
42.4 0
42.5 0
42.6 0
42.7 0
42.8 0
42.9 0
43 0
43.1 0
43.2 0
43.3 0
43.4 0
43.5 0
43.6 0
43.7 0
43.8 0
43.9 0
44 0
44.1 0
44.2 0
44.3 0
44.4 0
44.5 0
44.6 0
44.7 0
44.8 0
44.9 0
45 0
45.1 0
45.2 0
45.3 0
45.4 0
45.5 0
45.6 0
45.7 0
45.8 0
45.9 0
46 0
46.1 0
46.2 0
46.3 0
46.4 0
46.5 0
46.6 0
46.7 0
46.8 0
46.9 0
47 0
47.1 0
47.2 0
47.3 0
47.4 0
47.5 0
47.6 0
47.7 0
47.8 0
47.9 0
48 0
48.1 0
48.2 0
48.3 0
48.4 0
48.5 0
48.6 0
48.7 0
48.8 0
48.9 0
49 0
49.1 0
49.2 0
49.3 0
49.4 0
49.5 0
49.6 0
49.7 0
49.8 0
49.9 0
50 0
50.1 0
50.2 0
50.3 0
50.4 0
50.5 0
50.6 0
50.7 0
50.8 0
50.9 0
51 0
51.1 0
51.2 0
51.3 0
51.4 0
51.5 0
51.6 0
51.7 0
51.8 0
51.9 0
52 0
52.1 0
52.2 0
52.3 0
52.4 0
52.5 0
52.6 0
52.7 0
52.8 0
52.9 0
53 0
53.1 0
53.2 0
53.3 0
53.4 0
53.5 0
53.6 0
53.7 0
53.8 0
53.9 0
54 0
54.1 0
54.2 0
54.3 0
54.4 0
54.5 0
54.6 0
54.7 0
54.8 0
54.9 0
55 0
55.1 0
55.2 0
55.3 0
55.4 0
55.5 0
55.6 0
55.7 0
55.8 0
55.9 0
56 0
56.1 0
56.2 0
56.3 0
56.4 0
56.5 0
56.6 0
56.7 0
56.8 0
56.9 0
57 0
57.1 0
57.2 0
57.3 0
57.4 0
57.5 0
57.6 0
57.7 0
57.8 0
57.9 0
58 0
58.1 0
58.2 0
58.3 0
58.4 0
58.5 0
58.6 0
58.7 0
58.8 0
58.9 0
59 0
59.1 0
59.2 0
59.3 0
59.4 0
59.5 0
59.6 0
59.7 0
59.8 0
59.9 0
