0.1 0
0.2 0
0.3 0
0.4 0
0.5 0
0.6 0
0.7 0
0.8 0
0.9 0
1 0
1.1 0
1.2 0
1.3 0
1.4 0
1.5 0
1.6 0.672
1.7 0
1.8 1.008
1.9 0
2 1.008
2.1 0
2.2 1.68
2.3 0
2.4 3.024
2.5 0
2.6 4.032
2.7 0
2.8 6.272
2.9 0
3 9.408
3.1 0
3.2 12.544
3.3 1.904
3.4 7.616
3.5 7.392
3.6 7.392
3.7 7.392
3.8 7.392
3.9 7.392
4 6.72
4.1 8.064
4.2 4.704
4.3 9.408
4.4 5.376
4.5 6.048
4.6 7.504
4.7 7.28
4.8 6.72
4.9 8.064
5 6.72
5.1 6.72
5.2 8.064
5.3 5.824
5.4 8.96
5.5 5.824
5.6 8.96
5.7 5.824
5.8 6.72
5.9 8.064
6 4.256
6.1 10.416
6.2 4.144
6.3 10.08
6.4 4.592
6.5 9.52
6.6 5.152
6.7 9.632
6.8 5.152
6.9 9.408
7 5.376
7.1 6.72
7.2 8.064
7.3 3.136
7.4 11.088
7.5 3.696
7.6 10.864
7.7 3.92
7.8 10.64
7.9 4.144
8 8.736
8.1 6.048
8.2 6.048
8.3 8.736
8.4 2.464
8.5 12.32
8.6 2.464
8.7 12.32
8.8 1.12
8.9 12.656
9 2.016
9.1 8.736
9.2 6.048
9.3 6.384
9.4 8.512
9.5 5.152
9.6 9.632
9.7 5.152
9.8 9.632
9.9 5.152
10 9.632
10.1 5.152
10.2 8.064
10.3 6.72
10.4 5.824
10.5 8.96
10.6 3.024
10.7 11.648
10.8 3.024
10.9 11.648
11 3.136
11.1 10.752
11.2 3.36
11.3 9.072
11.4 4.592
11.5 8.064
11.6 6.72
11.7 7.616
11.8 7.168
11.9 6.048
12 8.736
12.1 5.6
12.2 9.184
12.3 5.6
12.4 9.184
12.5 3.472
12.6 11.312
12.7 3.36
12.8 11.424
12.9 3.36
13 8.512
13.1 6.16
13.2 7.728
13.3 6.944
13.4 5.824
13.5 8.96
13.6 5.6
13.7 9.184
13.8 5.488
13.9 9.296
14 5.376
14.1 9.408
14.2 5.376
14.3 9.184
14.4 5.6
14.5 6.72
14.6 6.832
14.7 7.728
14.8 6.272
14.9 8.512
15 6.272
15.1 6.944
15.2 7.84
15.3 5.152
15.4 9.184
15.5 4.032
15.6 9.968
15.7 4.816
15.8 9.856
15.9 4.928
16 8.4
16.1 6.384
16.2 5.824
16.3 8.96
16.4 5.6
16.5 9.184
16.6 5.6
16.7 9.184
16.8 5.6
16.9 9.072
17 5.712
17.1 8.96
17.2 3.92
17.3 10.864
17.4 3.584
17.5 10.976
17.6 3.808
17.7 9.744
17.8 5.04
17.9 6.832
18 7.392
18.1 4.368
18.2 9.408
18.3 4.704
18.4 9.632
18.5 5.152
18.6 9.632
18.7 5.152
18.8 9.632
18.9 4.928
19 9.856
19.1 4.928
19.2 9.632
19.3 5.152
19.4 6.944
19.5 7.84
19.6 6.048
19.7 8.736
19.8 4.928
19.9 9.856
20 4.928
20.1 9.856
20.2 4.928
20.3 9.856
20.4 4.48
20.5 10.08
20.6 3.584
20.7 9.072
20.8 5.712
20.9 7.616
21 7.168
21.1 5.824
21.2 8.96
21.3 5.6
21.4 9.184
21.5 5.6
21.6 9.072
21.7 5.712
21.8 8.96
21.9 5.824
22 8.96
22.1 5.824
22.2 8.96
22.3 5.824
22.4 8.4
22.5 6.384
22.6 5.6
22.7 9.184
22.8 4.928
22.9 9.632
23 4.256
23.1 9.072
23.2 4.592
23.3 8.96
23.4 5.824
23.5 8.96
23.6 5.824
23.7 8.96
23.8 5.824
23.9 8.96
24 5.824
24.1 6.048
24.2 8.736
24.3 4.48
24.4 10.304
24.5 3.136
24.6 11.648
24.7 3.136
24.8 11.312
24.9 3.472
25 11.2
25.1 3.584
25.2 11.088
25.3 3.696
25.4 8.624
25.5 6.16
25.6 5.376
25.7 9.408
25.8 4.928
25.9 8.848
26 3.248
26.1 10.864
26.2 3.584
26.3 11.088
26.4 2.464
26.5 12.32
26.6 2.464
26.7 7.728
26.8 7.056
26.9 6.272
27 8.512
27.1 6.272
27.2 8.512
27.3 6.272
27.4 8.512
27.5 5.264
27.6 9.52
27.7 3.584
27.8 11.2
27.9 3.584
28 10.752
28.1 4.032
28.2 7.056
28.3 7.728
28.4 6.944
28.5 7.84
28.6 4.928
28.7 9.856
28.8 4.48
28.9 10.192
29 4.592
29.1 10.08
29.2 4.704
29.3 10.08
29.4 4.704
29.5 9.52
29.6 5.264
29.7 7.392
29.8 6.496
29.9 6.048
30 7.616
30.1 7.168
30.2 6.496
30.3 8.288
30.4 6.496
30.5 7.84
30.6 6.944
30.7 4.928
30.8 9.856
30.9 4.928
31 9.856
31.1 4.928
31.2 9.856
31.3 4.928
31.4 9.856
31.5 4.928
31.6 8.736
31.7 6.048
31.8 7.616
31.9 7.168
32 6.048
32.1 8.736
32.2 3.696
32.3 11.088
32.4 3.36
32.5 11.424
32.6 3.248
32.7 11.536
32.8 3.136
32.9 11.424
33 3.36
33.1 8.4
33.2 6.384
33.3 5.488
33.4 9.296
33.5 0.448
33.6 14.336
33.7 0.448
33.8 14.336
33.9 0.448
34 14.336
34.1 0.448
34.2 8.96
34.3 5.824
34.4 5.152
34.5 9.632
34.6 5.152
34.7 6.832
34.8 4.816
34.9 7.728
35 5.712
35.1 5.712
35.2 9.072
35.3 5.152
35.4 9.632
35.5 5.152
35.6 9.632
35.7 5.04
35.8 9.744
35.9 4.928
36 9.856
36.1 4.928
36.2 9.184
36.3 3.584
36.4 9.632
36.5 2.912
36.6 9.28
36.7 2.208
36.8 0
36.9 0
37 0
37.1 0
37.2 0
37.3 0
37.4 0
37.5 0
37.6 0
37.7 0
37.8 0
37.9 0
38 0
38.1 0
38.2 0
38.3 0
38.4 0
38.5 0
38.6 0
38.7 0
38.8 0
38.9 0
39 0
39.1 0
39.2 0
39.3 0
39.4 0
39.5 0
39.6 0
39.7 0
39.8 0
39.9 0
40 0
40.1 0
40.2 0
40.3 0
40.4 0
40.5 0
40.6 0
40.7 0
40.8 0
40.9 0
41 0
41.1 0
41.2 0
41.3 0
41.4 0
41.5 0
41.6 0
41.7 0
41.8 0
41.9 0
42 0
42.1 0
42.2 0
42.3 0
42.4 0
42.5 0
42.6 0
42.7 0
42.8 0
42.9 0
43 0
43.1 0
43.2 0
43.3 0
43.4 0
43.5 0
43.6 0
43.7 0
43.8 0
43.9 0
44 0
44.1 0
44.2 0
44.3 0
44.4 0
44.5 0
44.6 0
44.7 0
44.8 0
44.9 0
45 0
45.1 0
45.2 0
45.3 0
45.4 0
45.5 0
45.6 0
45.7 0
45.8 0
45.9 0
46 0
46.1 0
46.2 0
46.3 0
46.4 0
46.5 0
46.6 0
46.7 0
46.8 0
46.9 0
47 0
47.1 0
47.2 0
47.3 0
47.4 0
47.5 0
47.6 0
47.7 0
47.8 0
47.9 0
48 0
48.1 0
48.2 0
48.3 0
48.4 0
48.5 0
48.6 0
48.7 0
48.8 0
48.9 0
49 0
49.1 0
49.2 0
49.3 0
49.4 0
49.5 0
49.6 0
49.7 0
49.8 0
49.9 0
50 0
50.1 0
50.2 0
50.3 0
50.4 0
50.5 0
50.6 0
50.7 0
50.8 0
50.9 0
51 0
51.1 0
51.2 0
51.3 0
51.4 0
51.5 0
51.6 0
51.7 0
51.8 0
51.9 0
52 0
52.1 0
52.2 0
52.3 0
52.4 0
52.5 0
52.6 0
52.7 0
52.8 0
52.9 0
53 0
53.1 0
53.2 0
53.3 0
53.4 0
53.5 0
53.6 0
53.7 0
53.8 0
53.9 0
54 0
54.1 0
54.2 0
54.3 0
54.4 0
54.5 0
54.6 0
54.7 0
54.8 0
54.9 0
55 0
55.1 0
55.2 0
55.3 0
55.4 0
55.5 0
55.6 0
55.7 0
55.8 0
55.9 0
56 0
56.1 0
56.2 0
56.3 0
56.4 0
56.5 0
56.6 0
56.7 0
56.8 0
56.9 0
57 0
57.1 0
57.2 0
57.3 0
57.4 0
57.5 0
57.6 0
57.7 0
57.8 0
57.9 0
58 0
58.1 0
58.2 0
58.3 0
58.4 0
58.5 0
58.6 0
58.7 0
58.8 0
58.9 0
59 0
59.1 0
59.2 0
59.3 0
59.4 0
59.5 0
59.6 0
59.7 0
59.8 0
59.9 0
