% time	cellId	IMSI	frame	sframe	RNTI	mcsTb1	sizeTb1	mcsTb2	sizeTb2	Nprb
1.017	1	1	102	8	1	28	9422	0	0	100
1.064	1	1	107	5	1	28	9422	0	0	100
1.111	1	1	112	2	1	28	9422	0	0	100
1.158	1	1	116	9	1	28	9422	0	0	100
1.205	1	1	121	6	1	28	9422	0	0	100
1.252	1	1	126	3	1	28	9422	0	0	100
1.299	1	1	130	10	1	28	9422	0	0	100
1.3	1	1	131	1	1	28	9422	0	0	100
1.346	1	1	135	7	1	28	9422	0	0	100
1.347	1	1	135	8	1	28	9422	0	0	100
1.393	1	1	140	4	1	28	9422	0	0	100
1.394	1	1	140	5	1	28	9422	0	0	100
1.395	1	1	140	6	1	28	9422	0	0	100
1.44	1	1	145	1	1	28	9422	0	0	100
1.441	1	1	145	2	1	28	9422	0	0	100
1.442	1	1	145	3	1	28	9422	0	0	100
1.443	1	1	145	4	1	28	9422	0	0	100
1.444	1	1	145	5	1	28	9422	0	0	100
1.487	1	1	149	8	1	28	9422	0	0	100
1.488	1	1	149	9	1	28	9422	0	0	100
1.489	1	1	149	10	1	28	9422	0	0	100
1.49	1	1	150	1	1	28	9422	0	0	100
1.491	1	1	150	2	1	28	9422	0	0	100
1.492	1	1	150	3	1	28	9422	0	0	100
1.493	1	1	150	4	1	28	9422	0	0	100
1.534	1	1	154	5	1	28	9422	0	0	100
1.535	1	1	154	6	1	28	9422	0	0	100
1.536	1	1	154	7	1	28	9422	0	0	100
1.537	1	1	154	8	1	28	9422	0	0	100
1.538	1	1	154	9	1	28	9422	0	0	100
1.539	1	1	154	10	1	28	9422	0	0	100
1.54	1	1	155	1	1	28	9422	0	0	100
1.581	1	1	159	2	1	28	9422	0	0	100
1.582	1	1	159	3	1	28	9422	0	0	100
1.583	1	1	159	4	1	28	9422	0	0	100
1.584	1	1	159	5	1	28	9422	0	0	100
1.585	1	1	159	6	1	28	9422	0	0	100
1.586	1	1	159	7	1	28	9422	0	0	100
1.587	1	1	159	8	1	28	9422	0	0	100
1.628	1	1	163	9	1	28	9422	0	0	100
1.629	1	1	163	10	1	28	9422	0	0	100
1.63	1	1	164	1	1	28	9422	0	0	100
1.631	1	1	164	2	1	28	9422	0	0	100
1.632	1	1	164	3	1	28	9422	0	0	100
1.633	1	1	164	4	1	28	9422	0	0	100
1.634	1	1	164	5	1	28	9422	0	0	100
1.675	1	1	168	6	1	28	9422	0	0	100
1.676	1	1	168	7	1	28	9422	0	0	100
1.677	1	1	168	8	1	28	9422	0	0	100
1.678	1	1	168	9	1	28	9422	0	0	100
1.679	1	1	168	10	1	28	9422	0	0	100
1.68	1	1	169	1	1	28	9422	0	0	100
1.681	1	1	169	2	1	28	9422	0	0	100
1.722	1	1	173	3	1	28	9422	0	0	100
1.723	1	1	173	4	1	28	9422	0	0	100
1.724	1	1	173	5	1	28	9422	0	0	100
1.725	1	1	173	6	1	28	9422	0	0	100
1.726	1	1	173	7	1	28	9422	0	0	100
1.727	1	1	173	8	1	28	9422	0	0	100
1.728	1	1	173	9	1	28	9422	0	0	100
1.769	1	1	177	10	1	28	9422	0	0	100
1.77	1	1	178	1	1	28	9422	0	0	100
1.771	1	1	178	2	1	28	9422	0	0	100
1.772	1	1	178	3	1	28	9422	0	0	100
1.773	1	1	178	4	1	28	9422	0	0	100
1.774	1	1	178	5	1	28	9422	0	0	100
1.775	1	1	178	6	1	28	9422	0	0	100
1.816	1	1	182	7	1	28	9422	0	0	100
1.817	1	1	182	8	1	28	9422	0	0	100
1.818	1	1	182	9	1	28	9422	0	0	100
1.819	1	1	182	10	1	28	9422	0	0	100
1.82	1	1	183	1	1	28	9422	0	0	100
1.821	1	1	183	2	1	28	9422	0	0	100
1.822	1	1	183	3	1	28	9422	0	0	100
1.863	1	1	187	4	1	28	9422	0	0	100
1.864	1	1	187	5	1	28	9422	0	0	100
1.865	1	1	187	6	1	28	9422	0	0	100
1.866	1	1	187	7	1	28	9422	0	0	100
1.867	1	1	187	8	1	28	9422	0	0	100
1.868	1	1	187	9	1	28	9422	0	0	100
1.869	1	1	187	10	1	28	9422	0	0	100
1.91	1	1	192	1	1	28	9422	0	0	100
1.911	1	1	192	2	1	28	9422	0	0	100
1.912	1	1	192	3	1	28	9422	0	0	100
1.913	1	1	192	4	1	28	9422	0	0	100
1.914	1	1	192	5	1	28	9422	0	0	100
1.915	1	1	192	6	1	28	9422	0	0	100
1.916	1	1	192	7	1	28	9422	0	0	100
1.957	1	1	196	8	1	28	9422	0	0	100
1.958	1	1	196	9	1	28	9422	0	0	100
1.959	1	1	196	10	1	28	9422	0	0	100
1.96	1	1	197	1	1	28	9422	0	0	100
1.961	1	1	197	2	1	28	9422	0	0	100
1.962	1	1	197	3	1	28	9422	0	0	100
1.963	1	1	197	4	1	28	9422	0	0	100
2.004	1	1	201	5	1	28	9422	0	0	100
2.005	1	1	201	6	1	28	9422	0	0	100
2.006	1	1	201	7	1	28	9422	0	0	100
2.007	1	1	201	8	1	28	9422	0	0	100
2.008	1	1	201	9	1	28	9422	0	0	100
2.009	1	1	201	10	1	28	9422	0	0	100
2.01	1	1	202	1	1	28	9422	0	0	100
2.051	1	1	206	2	1	28	9422	0	0	100
2.052	1	1	206	3	1	28	9422	0	0	100
2.053	1	1	206	4	1	28	9422	0	0	100
2.054	1	1	206	5	1	28	9422	0	0	100
2.055	1	1	206	6	1	28	9422	0	0	100
2.056	1	1	206	7	1	28	9422	0	0	100
2.057	1	1	206	8	1	28	9422	0	0	100
2.098	1	1	210	9	1	28	9422	0	0	100
2.099	1	1	210	10	1	28	9422	0	0	100
2.1	1	1	211	1	1	28	9422	0	0	100
2.101	1	1	211	2	1	28	9422	0	0	100
2.102	1	1	211	3	1	28	9422	0	0	100
2.103	1	1	211	4	1	28	9422	0	0	100
2.104	1	1	211	5	1	28	9422	0	0	100
2.145	1	1	215	6	1	28	9422	0	0	100
2.146	1	1	215	7	1	28	9422	0	0	100
2.147	1	1	215	8	1	28	9422	0	0	100
2.148	1	1	215	9	1	28	9422	0	0	100
2.149	1	1	215	10	1	28	9422	0	0	100
2.15	1	1	216	1	1	28	9422	0	0	100
2.151	1	1	216	2	1	28	9422	0	0	100
2.192	1	1	220	3	1	28	9422	0	0	100
2.193	1	1	220	4	1	28	9422	0	0	100
2.194	1	1	220	5	1	28	9422	0	0	100
2.195	1	1	220	6	1	28	9422	0	0	100
2.196	1	1	220	7	1	28	9422	0	0	100
2.197	1	1	220	8	1	28	9422	0	0	100
2.198	1	1	220	9	1	28	9422	0	0	100
2.239	1	1	224	10	1	28	9422	0	0	100
2.24	1	1	225	1	1	28	9422	0	0	100
2.241	1	1	225	2	1	28	9422	0	0	100
2.242	1	1	225	3	1	28	9422	0	0	100
2.243	1	1	225	4	1	28	9422	0	0	100
2.244	1	1	225	5	1	28	9422	0	0	100
2.245	1	1	225	6	1	28	9422	0	0	100
2.286	1	1	229	7	1	28	9422	0	0	100
2.287	1	1	229	8	1	28	9422	0	0	100
2.288	1	1	229	9	1	28	9422	0	0	100
2.289	1	1	229	10	1	28	9422	0	0	100
2.29	1	1	230	1	1	28	9422	0	0	100
2.291	1	1	230	2	1	28	9422	0	0	100
2.292	1	1	230	3	1	28	9422	0	0	100
2.333	1	1	234	4	1	28	9422	0	0	100
2.334	1	1	234	5	1	28	9422	0	0	100
2.335	1	1	234	6	1	28	9422	0	0	100
2.336	1	1	234	7	1	28	9422	0	0	100
2.337	1	1	234	8	1	28	9422	0	0	100
2.338	1	1	234	9	1	28	9422	0	0	100
2.339	1	1	234	10	1	28	9422	0	0	100
2.38	1	1	239	1	1	28	9422	0	0	100
2.381	1	1	239	2	1	28	9422	0	0	100
2.382	1	1	239	3	1	28	9422	0	0	100
2.383	1	1	239	4	1	28	9422	0	0	100
2.384	1	1	239	5	1	28	9422	0	0	100
2.385	1	1	239	6	1	28	9422	0	0	100
2.386	1	1	239	7	1	28	9422	0	0	100
2.427	1	1	243	8	1	28	9422	0	0	100
2.428	1	1	243	9	1	28	9422	0	0	100
2.429	1	1	243	10	1	28	9422	0	0	100
2.43	1	1	244	1	1	28	9422	0	0	100
2.431	1	1	244	2	1	28	9422	0	0	100
2.432	1	1	244	3	1	28	9422	0	0	100
2.433	1	1	244	4	1	28	9422	0	0	100
2.474	1	1	248	5	1	28	9422	0	0	100
2.475	1	1	248	6	1	28	9422	0	0	100
2.476	1	1	248	7	1	28	9422	0	0	100
2.477	1	1	248	8	1	28	9422	0	0	100
2.478	1	1	248	9	1	28	9422	0	0	100
2.479	1	1	248	10	1	28	9422	0	0	100
2.48	1	1	249	1	1	28	9422	0	0	100
2.521	1	1	253	2	1	28	9422	0	0	100
2.522	1	1	253	3	1	28	9422	0	0	100
2.523	1	1	253	4	1	28	9422	0	0	100
2.524	1	1	253	5	1	28	9422	0	0	100
2.525	1	1	253	6	1	28	9422	0	0	100
2.526	1	1	253	7	1	28	9422	0	0	100
2.527	1	1	253	8	1	28	9422	0	0	100
2.568	1	1	257	9	1	28	9422	0	0	100
2.569	1	1	257	10	1	28	9422	0	0	100
2.57	1	1	258	1	1	28	9422	0	0	100
2.571	1	1	258	2	1	28	9422	0	0	100
2.572	1	1	258	3	1	28	9422	0	0	100
2.573	1	1	258	4	1	28	9422	0	0	100
2.574	1	1	258	5	1	28	9422	0	0	100
2.615	1	1	262	6	1	28	9422	0	0	100
2.616	1	1	262	7	1	28	9422	0	0	100
2.617	1	1	262	8	1	28	9422	0	0	100
2.618	1	1	262	9	1	28	9422	0	0	100
2.619	1	1	262	10	1	28	9422	0	0	100
2.62	1	1	263	1	1	28	9422	0	0	100
2.621	1	1	263	2	1	28	9422	0	0	100
2.662	1	1	267	3	1	28	9422	0	0	100
2.663	1	1	267	4	1	28	9422	0	0	100
2.664	1	1	267	5	1	28	9422	0	0	100
2.665	1	1	267	6	1	28	9422	0	0	100
2.666	1	1	267	7	1	28	9422	0	0	100
2.667	1	1	267	8	1	28	9422	0	0	100
2.668	1	1	267	9	1	28	9422	0	0	100
2.709	1	1	271	10	1	28	9422	0	0	100
2.71	1	1	272	1	1	28	9422	0	0	100
2.711	1	1	272	2	1	28	9422	0	0	100
2.712	1	1	272	3	1	28	9422	0	0	100
2.713	1	1	272	4	1	28	9422	0	0	100
2.714	1	1	272	5	1	28	9422	0	0	100
2.715	1	1	272	6	1	28	9422	0	0	100
2.756	1	1	276	7	1	28	9422	0	0	100
2.757	1	1	276	8	1	28	9422	0	0	100
2.758	1	1	276	9	1	28	9422	0	0	100
2.759	1	1	276	10	1	28	9422	0	0	100
2.76	1	1	277	1	1	28	9422	0	0	100
2.761	1	1	277	2	1	28	9422	0	0	100
2.762	1	1	277	3	1	28	9422	0	0	100
2.803	1	1	281	4	1	28	9422	0	0	100
2.804	1	1	281	5	1	28	9422	0	0	100
2.805	1	1	281	6	1	28	9422	0	0	100
2.806	1	1	281	7	1	28	9422	0	0	100
2.807	1	1	281	8	1	28	9422	0	0	100
2.808	1	1	281	9	1	28	9422	0	0	100
2.809	1	1	281	10	1	28	9422	0	0	100
2.85	1	1	286	1	1	28	9422	0	0	100
2.851	1	1	286	2	1	28	9422	0	0	100
2.852	1	1	286	3	1	28	9422	0	0	100
2.853	1	1	286	4	1	28	9422	0	0	100
2.854	1	1	286	5	1	28	9422	0	0	100
2.855	1	1	286	6	1	28	9422	0	0	100
2.856	1	1	286	7	1	28	9422	0	0	100
2.897	1	1	290	8	1	28	9422	0	0	100
2.898	1	1	290	9	1	28	9422	0	0	100
2.899	1	1	290	10	1	28	9422	0	0	100
2.9	1	1	291	1	1	28	9422	0	0	100
2.901	1	1	291	2	1	28	9422	0	0	100
2.902	1	1	291	3	1	28	9422	0	0	100
2.903	1	1	291	4	1	28	9422	0	0	100
2.944	1	1	295	5	1	28	9422	0	0	100
2.945	1	1	295	6	1	28	9422	0	0	100
2.946	1	1	295	7	1	28	9422	0	0	100
2.947	1	1	295	8	1	28	9422	0	0	100
2.948	1	1	295	9	1	28	9422	0	0	100
2.949	1	1	295	10	1	28	9422	0	0	100
2.95	1	1	296	1	1	28	9422	0	0	100
2.991	1	1	300	2	1	28	9422	0	0	100
2.992	1	1	300	3	1	28	9422	0	0	100
2.993	1	1	300	4	1	28	9422	0	0	100
2.994	1	1	300	5	1	28	9422	0	0	100
2.995	1	1	300	6	1	28	9422	0	0	100
2.996	1	1	300	7	1	28	9422	0	0	100
2.997	1	1	300	8	1	28	9422	0	0	100
3.038	1	1	304	9	1	28	9422	0	0	100
3.039	1	1	304	10	1	28	9422	0	0	100
3.04	1	1	305	1	1	28	9422	0	0	100
3.041	1	1	305	2	1	28	9422	0	0	100
3.042	1	1	305	3	1	28	9422	0	0	100
3.043	1	1	305	4	1	28	9422	0	0	100
3.044	1	1	305	5	1	28	9422	0	0	100
3.085	1	1	309	6	1	28	9422	0	0	100
3.086	1	1	309	7	1	28	9422	0	0	100
3.087	1	1	309	8	1	28	9422	0	0	100
3.088	1	1	309	9	1	28	9422	0	0	100
3.089	1	1	309	10	1	28	9422	0	0	100
3.09	1	1	310	1	1	28	9422	0	0	100
3.091	1	1	310	2	1	28	9422	0	0	100
3.132	1	1	314	3	1	28	9422	0	0	100
3.133	1	1	314	4	1	28	9422	0	0	100
3.134	1	1	314	5	1	28	9422	0	0	100
3.135	1	1	314	6	1	28	9422	0	0	100
3.136	1	1	314	7	1	28	9422	0	0	100
3.137	1	1	314	8	1	28	9422	0	0	100
3.138	1	1	314	9	1	28	9422	0	0	100
3.179	1	1	318	10	1	28	9422	0	0	100
3.18	1	1	319	1	1	28	9422	0	0	100
3.181	1	1	319	2	1	28	9422	0	0	100
3.182	1	1	319	3	1	28	9422	0	0	100
3.183	1	1	319	4	1	28	9422	0	0	100
3.184	1	1	319	5	1	28	9422	0	0	100
3.185	1	1	319	6	1	28	9422	0	0	100
3.226	1	1	323	7	1	28	9422	0	0	100
3.227	1	1	323	8	1	28	9422	0	0	100
3.228	1	1	323	9	1	28	9422	0	0	100
3.229	1	1	323	10	1	28	9422	0	0	100
3.23	1	1	324	1	1	28	9422	0	0	100
3.231	1	1	324	2	1	28	9422	0	0	100
3.232	1	1	324	3	1	28	9422	0	0	100
3.273	1	1	328	4	1	28	9422	0	0	100
3.274	1	1	328	5	1	28	9422	0	0	100
3.275	1	1	328	6	1	28	9422	0	0	100
3.276	1	1	328	7	1	28	9422	0	0	100
3.277	1	1	328	8	1	28	9422	0	0	100
3.278	1	1	328	9	1	28	9422	0	0	100
3.279	1	1	328	10	1	28	9422	0	0	100
3.32	1	1	333	1	1	28	9422	0	0	100
3.321	1	1	333	2	1	28	9422	0	0	100
3.322	1	1	333	3	1	28	9422	0	0	100
3.323	1	1	333	4	1	28	9422	0	0	100
3.324	1	1	333	5	1	28	9422	0	0	100
3.325	1	1	333	6	1	28	9422	0	0	100
3.326	1	1	333	7	1	28	9422	0	0	100
3.367	1	1	337	8	1	28	9422	0	0	100
3.368	1	1	337	9	1	28	9422	0	0	100
3.369	1	1	337	10	1	28	9422	0	0	100
3.37	1	1	338	1	1	28	9422	0	0	100
3.371	1	1	338	2	1	28	9422	0	0	100
3.372	1	1	338	3	1	28	9422	0	0	100
3.373	1	1	338	4	1	28	9422	0	0	100
3.414	1	1	342	5	1	28	9422	0	0	100
3.415	1	1	342	6	1	28	9422	0	0	100
3.416	1	1	342	7	1	28	9422	0	0	100
3.417	1	1	342	8	1	28	9422	0	0	100
3.418	1	1	342	9	1	28	9422	0	0	100
3.419	1	1	342	10	1	28	9422	0	0	100
3.42	1	1	343	1	1	28	9422	0	0	100
3.461	1	1	347	2	1	28	9422	0	0	100
3.462	1	1	347	3	1	28	9422	0	0	100
3.463	1	1	347	4	1	28	9422	0	0	100
3.464	1	1	347	5	1	28	9422	0	0	100
3.465	1	1	347	6	1	28	9422	0	0	100
3.466	1	1	347	7	1	28	9422	0	0	100
3.467	1	1	347	8	1	28	9422	0	0	100
3.508	1	1	351	9	1	28	9422	0	0	100
3.509	1	1	351	10	1	28	9422	0	0	100
3.51	1	1	352	1	1	28	9422	0	0	100
3.511	1	1	352	2	1	28	9422	0	0	100
3.512	1	1	352	3	1	28	9422	0	0	100
3.513	1	1	352	4	1	28	9422	0	0	100
3.514	1	1	352	5	1	28	9422	0	0	100
3.555	1	1	356	6	1	28	9422	0	0	100
3.556	1	1	356	7	1	28	9422	0	0	100
3.557	1	1	356	8	1	28	9422	0	0	100
3.558	1	1	356	9	1	28	9422	0	0	100
3.559	1	1	356	10	1	28	9422	0	0	100
3.56	1	1	357	1	1	28	9422	0	0	100
3.561	1	1	357	2	1	28	9422	0	0	100
3.602	1	1	361	3	1	28	9422	0	0	100
3.603	1	1	361	4	1	28	9422	0	0	100
3.604	1	1	361	5	1	28	9422	0	0	100
3.605	1	1	361	6	1	28	9422	0	0	100
3.606	1	1	361	7	1	28	9422	0	0	100
3.607	1	1	361	8	1	28	9422	0	0	100
3.608	1	1	361	9	1	28	9422	0	0	100
3.649	1	1	365	10	1	28	9422	0	0	100
3.65	1	1	366	1	1	28	9422	0	0	100
3.651	1	1	366	2	1	28	9422	0	0	100
3.652	1	1	366	3	1	28	9422	0	0	100
3.653	1	1	366	4	1	28	9422	0	0	100
3.654	1	1	366	5	1	28	9422	0	0	100
3.655	1	1	366	6	1	28	9422	0	0	100
3.696	1	1	370	7	1	28	9422	0	0	100
3.697	1	1	370	8	1	28	9422	0	0	100
3.698	1	1	370	9	1	28	9422	0	0	100
3.699	1	1	370	10	1	28	9422	0	0	100
3.7	1	1	371	1	1	28	9422	0	0	100
3.701	1	1	371	2	1	28	9422	0	0	100
3.702	1	1	371	3	1	28	9422	0	0	100
3.743	1	1	375	4	1	28	9422	0	0	100
3.744	1	1	375	5	1	28	9422	0	0	100
3.745	1	1	375	6	1	28	9422	0	0	100
3.746	1	1	375	7	1	28	9422	0	0	100
3.747	1	1	375	8	1	28	9422	0	0	100
3.748	1	1	375	9	1	28	9422	0	0	100
3.749	1	1	375	10	1	28	9422	0	0	100
3.79	1	1	380	1	1	28	9422	0	0	100
3.791	1	1	380	2	1	28	9422	0	0	100
3.792	1	1	380	3	1	28	9422	0	0	100
3.793	1	1	380	4	1	28	9422	0	0	100
3.794	1	1	380	5	1	28	9422	0	0	100
3.795	1	1	380	6	1	28	9422	0	0	100
3.796	1	1	380	7	1	28	9422	0	0	100
3.837	1	1	384	8	1	28	9422	0	0	100
3.838	1	1	384	9	1	28	9422	0	0	100
3.839	1	1	384	10	1	28	9422	0	0	100
3.84	1	1	385	1	1	28	9422	0	0	100
3.841	1	1	385	2	1	28	9422	0	0	100
3.842	1	1	385	3	1	28	9422	0	0	100
3.843	1	1	385	4	1	28	9422	0	0	100
3.884	1	1	389	5	1	28	9422	0	0	100
3.885	1	1	389	6	1	28	9422	0	0	100
3.886	1	1	389	7	1	28	9422	0	0	100
3.887	1	1	389	8	1	28	9422	0	0	100
3.888	1	1	389	9	1	28	9422	0	0	100
3.889	1	1	389	10	1	28	9422	0	0	100
3.89	1	1	390	1	1	28	9422	0	0	100
3.931	1	1	394	2	1	28	9422	0	0	100
3.932	1	1	394	3	1	28	9422	0	0	100
3.933	1	1	394	4	1	28	9422	0	0	100
3.934	1	1	394	5	1	28	9422	0	0	100
3.935	1	1	394	6	1	28	9422	0	0	100
3.936	1	1	394	7	1	28	9422	0	0	100
3.937	1	1	394	8	1	28	9422	0	0	100
3.978	1	1	398	9	1	28	9422	0	0	100
3.979	1	1	398	10	1	28	9422	0	0	100
3.98	1	1	399	1	1	28	9422	0	0	100
3.981	1	1	399	2	1	28	9422	0	0	100
3.982	1	1	399	3	1	28	9422	0	0	100
3.983	1	1	399	4	1	28	9422	0	0	100
3.984	1	1	399	5	1	28	9422	0	0	100
4.025	1	1	403	6	1	28	9422	0	0	100
4.026	1	1	403	7	1	28	9422	0	0	100
4.027	1	1	403	8	1	28	9422	0	0	100
4.028	1	1	403	9	1	28	9422	0	0	100
4.029	1	1	403	10	1	28	9422	0	0	100
4.03	1	1	404	1	1	28	9422	0	0	100
4.031	1	1	404	2	1	28	9422	0	0	100
4.072	1	1	408	3	1	28	9422	0	0	100
4.073	1	1	408	4	1	28	9422	0	0	100
4.074	1	1	408	5	1	28	9422	0	0	100
4.075	1	1	408	6	1	28	9422	0	0	100
4.076	1	1	408	7	1	28	9422	0	0	100
4.077	1	1	408	8	1	28	9422	0	0	100
4.078	1	1	408	9	1	28	9422	0	0	100
4.119	1	1	412	10	1	28	9422	0	0	100
4.12	1	1	413	1	1	28	9422	0	0	100
4.121	1	1	413	2	1	28	9422	0	0	100
4.122	1	1	413	3	1	28	9422	0	0	100
4.123	1	1	413	4	1	28	9422	0	0	100
4.124	1	1	413	5	1	28	9422	0	0	100
4.125	1	1	413	6	1	28	9422	0	0	100
4.166	1	1	417	7	1	28	9422	0	0	100
4.167	1	1	417	8	1	28	9422	0	0	100
4.168	1	1	417	9	1	28	9422	0	0	100
4.169	1	1	417	10	1	28	9422	0	0	100
4.17	1	1	418	1	1	28	9422	0	0	100
4.171	1	1	418	2	1	28	9422	0	0	100
4.172	1	1	418	3	1	28	9422	0	0	100
4.213	1	1	422	4	1	28	9422	0	0	100
4.214	1	1	422	5	1	28	9422	0	0	100
4.215	1	1	422	6	1	28	9422	0	0	100
4.216	1	1	422	7	1	28	9422	0	0	100
4.217	1	1	422	8	1	28	9422	0	0	100
4.218	1	1	422	9	1	28	9422	0	0	100
4.219	1	1	422	10	1	28	9422	0	0	100
4.26	1	1	427	1	1	28	9422	0	0	100
4.261	1	1	427	2	1	28	9422	0	0	100
4.262	1	1	427	3	1	28	9422	0	0	100
4.263	1	1	427	4	1	28	9422	0	0	100
4.264	1	1	427	5	1	28	9422	0	0	100
4.265	1	1	427	6	1	28	9422	0	0	100
4.266	1	1	427	7	1	28	9422	0	0	100
4.307	1	1	431	8	1	28	9422	0	0	100
4.308	1	1	431	9	1	28	9422	0	0	100
4.309	1	1	431	10	1	28	9422	0	0	100
4.31	1	1	432	1	1	28	9422	0	0	100
4.311	1	1	432	2	1	28	9422	0	0	100
4.312	1	1	432	3	1	28	9422	0	0	100
4.313	1	1	432	4	1	28	9422	0	0	100
4.354	1	1	436	5	1	28	9422	0	0	100
4.355	1	1	436	6	1	28	9422	0	0	100
4.356	1	1	436	7	1	28	9422	0	0	100
4.357	1	1	436	8	1	28	9422	0	0	100
4.358	1	1	436	9	1	28	9422	0	0	100
4.359	1	1	436	10	1	28	9422	0	0	100
4.36	1	1	437	1	1	28	9422	0	0	100
4.401	1	1	441	2	1	28	9422	0	0	100
4.402	1	1	441	3	1	28	9422	0	0	100
4.403	1	1	441	4	1	28	9422	0	0	100
4.404	1	1	441	5	1	28	9422	0	0	100
4.405	1	1	441	6	1	28	9422	0	0	100
4.406	1	1	441	7	1	28	9422	0	0	100
4.407	1	1	441	8	1	28	9422	0	0	100
4.448	1	1	445	9	1	28	9422	0	0	100
4.449	1	1	445	10	1	28	9422	0	0	100
4.45	1	1	446	1	1	28	9422	0	0	100
4.451	1	1	446	2	1	28	9422	0	0	100
4.452	1	1	446	3	1	28	9422	0	0	100
4.453	1	1	446	4	1	28	9422	0	0	100
4.454	1	1	446	5	1	28	9422	0	0	100
4.495	1	1	450	6	1	28	9422	0	0	100
4.496	1	1	450	7	1	28	9422	0	0	100
4.497	1	1	450	8	1	28	9422	0	0	100
4.498	1	1	450	9	1	28	9422	0	0	100
4.499	1	1	450	10	1	28	9422	0	0	100
4.5	1	1	451	1	1	28	9422	0	0	100
4.501	1	1	451	2	1	28	9422	0	0	100
4.542	1	1	455	3	1	28	9422	0	0	100
4.543	1	1	455	4	1	28	9422	0	0	100
4.544	1	1	455	5	1	28	9422	0	0	100
4.545	1	1	455	6	1	28	9422	0	0	100
4.546	1	1	455	7	1	28	9422	0	0	100
4.547	1	1	455	8	1	28	9422	0	0	100
4.548	1	1	455	9	1	28	9422	0	0	100
4.589	1	1	459	10	1	28	9422	0	0	100
4.59	1	1	460	1	1	28	9422	0	0	100
4.591	1	1	460	2	1	28	9422	0	0	100
4.592	1	1	460	3	1	28	9422	0	0	100
4.593	1	1	460	4	1	28	9422	0	0	100
4.594	1	1	460	5	1	28	9422	0	0	100
4.595	1	1	460	6	1	28	9422	0	0	100
4.636	1	1	464	7	1	28	9422	0	0	100
4.637	1	1	464	8	1	28	9422	0	0	100
4.638	1	1	464	9	1	28	9422	0	0	100
4.639	1	1	464	10	1	28	9422	0	0	100
4.64	1	1	465	1	1	28	9422	0	0	100
4.641	1	1	465	2	1	28	9422	0	0	100
4.642	1	1	465	3	1	28	9422	0	0	100
4.683	1	1	469	4	1	28	9422	0	0	100
4.684	1	1	469	5	1	28	9422	0	0	100
4.685	1	1	469	6	1	28	9422	0	0	100
4.686	1	1	469	7	1	28	9422	0	0	100
4.687	1	1	469	8	1	28	9422	0	0	100
4.688	1	1	469	9	1	28	9422	0	0	100
4.689	1	1	469	10	1	28	9422	0	0	100
4.73	1	1	474	1	1	28	9422	0	0	100
4.731	1	1	474	2	1	28	9422	0	0	100
4.732	1	1	474	3	1	28	9422	0	0	100
4.733	1	1	474	4	1	28	9422	0	0	100
4.734	1	1	474	5	1	28	9422	0	0	100
4.735	1	1	474	6	1	28	9422	0	0	100
4.736	1	1	474	7	1	28	9422	0	0	100
4.777	1	1	478	8	1	28	9422	0	0	100
4.778	1	1	478	9	1	28	9422	0	0	100
4.779	1	1	478	10	1	28	9422	0	0	100
4.78	1	1	479	1	1	28	9422	0	0	100
4.781	1	1	479	2	1	28	9422	0	0	100
4.782	1	1	479	3	1	28	9422	0	0	100
4.783	1	1	479	4	1	28	9422	0	0	100
4.824	1	1	483	5	1	28	9422	0	0	100
4.825	1	1	483	6	1	28	9422	0	0	100
4.826	1	1	483	7	1	28	9422	0	0	100
4.827	1	1	483	8	1	28	9422	0	0	100
4.828	1	1	483	9	1	28	9422	0	0	100
4.829	1	1	483	10	1	28	9422	0	0	100
4.83	1	1	484	1	1	28	9422	0	0	100
4.871	1	1	488	2	1	28	9422	0	0	100
4.872	1	1	488	3	1	28	9422	0	0	100
4.873	1	1	488	4	1	28	9422	0	0	100
4.874	1	1	488	5	1	28	9422	0	0	100
4.875	1	1	488	6	1	28	9422	0	0	100
4.876	1	1	488	7	1	28	9422	0	0	100
4.877	1	1	488	8	1	28	9422	0	0	100
4.918	1	1	492	9	1	28	9422	0	0	100
4.919	1	1	492	10	1	28	9422	0	0	100
4.92	1	1	493	1	1	28	9422	0	0	100
4.921	1	1	493	2	1	28	9422	0	0	100
4.922	1	1	493	3	1	28	9422	0	0	100
4.923	1	1	493	4	1	28	9422	0	0	100
4.924	1	1	493	5	1	28	9422	0	0	100
4.965	1	1	497	6	1	28	9422	0	0	100
4.966	1	1	497	7	1	28	9422	0	0	100
4.967	1	1	497	8	1	28	9422	0	0	100
4.968	1	1	497	9	1	28	9422	0	0	100
4.969	1	1	497	10	1	28	9422	0	0	100
4.97	1	1	498	1	1	28	9422	0	0	100
4.971	1	1	498	2	1	28	9422	0	0	100
5.012	1	1	502	3	1	28	9422	0	0	100
5.013	1	1	502	4	1	28	9422	0	0	100
5.014	1	1	502	5	1	28	9422	0	0	100
5.015	1	1	502	6	1	28	9422	0	0	100
5.016	1	1	502	7	1	28	9422	0	0	100
5.017	1	1	502	8	1	28	9422	0	0	100
5.018	1	1	502	9	1	28	9422	0	0	100
5.059	1	1	506	10	1	28	9422	0	0	100
5.06	1	1	507	1	1	28	9422	0	0	100
5.061	1	1	507	2	1	28	9422	0	0	100
5.062	1	1	507	3	1	28	9422	0	0	100
5.063	1	1	507	4	1	28	9422	0	0	100
5.064	1	1	507	5	1	28	9422	0	0	100
5.065	1	1	507	6	1	28	9422	0	0	100
5.106	1	1	511	7	1	28	9422	0	0	100
5.107	1	1	511	8	1	28	9422	0	0	100
5.108	1	1	511	9	1	28	9422	0	0	100
5.109	1	1	511	10	1	28	9422	0	0	100
5.11	1	1	512	1	1	28	9422	0	0	100
5.111	1	1	512	2	1	28	9422	0	0	100
5.112	1	1	512	3	1	28	9422	0	0	100
5.153	1	1	516	4	1	28	9422	0	0	100
5.154	1	1	516	5	1	28	9422	0	0	100
5.155	1	1	516	6	1	28	9422	0	0	100
5.156	1	1	516	7	1	28	9422	0	0	100
5.157	1	1	516	8	1	28	9422	0	0	100
5.158	1	1	516	9	1	28	9422	0	0	100
5.159	1	1	516	10	1	28	9422	0	0	100
5.2	1	1	521	1	1	28	9422	0	0	100
5.201	1	1	521	2	1	28	9422	0	0	100
5.202	1	1	521	3	1	28	9422	0	0	100
5.203	1	1	521	4	1	28	9422	0	0	100
5.204	1	1	521	5	1	28	9422	0	0	100
5.205	1	1	521	6	1	28	9422	0	0	100
5.206	1	1	521	7	1	28	9422	0	0	100
5.247	1	1	525	8	1	28	9422	0	0	100
5.248	1	1	525	9	1	28	9422	0	0	100
5.249	1	1	525	10	1	28	9422	0	0	100
5.25	1	1	526	1	1	28	9422	0	0	100
5.251	1	1	526	2	1	28	9422	0	0	100
5.252	1	1	526	3	1	28	9422	0	0	100
5.253	1	1	526	4	1	28	9422	0	0	100
5.294	1	1	530	5	1	28	9422	0	0	100
5.295	1	1	530	6	1	28	9422	0	0	100
5.296	1	1	530	7	1	28	9422	0	0	100
5.297	1	1	530	8	1	28	9422	0	0	100
5.298	1	1	530	9	1	28	9422	0	0	100
5.299	1	1	530	10	1	28	9422	0	0	100
5.3	1	1	531	1	1	28	9422	0	0	100
5.341	1	1	535	2	1	28	9422	0	0	100
5.342	1	1	535	3	1	28	9422	0	0	100
5.343	1	1	535	4	1	28	9422	0	0	100
5.344	1	1	535	5	1	28	9422	0	0	100
5.345	1	1	535	6	1	28	9422	0	0	100
5.346	1	1	535	7	1	28	9422	0	0	100
5.347	1	1	535	8	1	28	9422	0	0	100
5.388	1	1	539	9	1	28	9422	0	0	100
5.389	1	1	539	10	1	28	9422	0	0	100
5.39	1	1	540	1	1	28	9422	0	0	100
5.391	1	1	540	2	1	28	9422	0	0	100
5.392	1	1	540	3	1	28	9422	0	0	100
5.393	1	1	540	4	1	28	9422	0	0	100
5.394	1	1	540	5	1	28	9422	0	0	100
5.435	1	1	544	6	1	28	9422	0	0	100
5.436	1	1	544	7	1	28	9422	0	0	100
5.437	1	1	544	8	1	28	9422	0	0	100
5.438	1	1	544	9	1	28	9422	0	0	100
5.439	1	1	544	10	1	28	9422	0	0	100
5.44	1	1	545	1	1	28	9422	0	0	100
5.441	1	1	545	2	1	28	9422	0	0	100
5.482	1	1	549	3	1	28	9422	0	0	100
5.483	1	1	549	4	1	28	9422	0	0	100
5.484	1	1	549	5	1	28	9422	0	0	100
5.485	1	1	549	6	1	28	9422	0	0	100
5.486	1	1	549	7	1	28	9422	0	0	100
5.487	1	1	549	8	1	28	9422	0	0	100
5.488	1	1	549	9	1	28	9422	0	0	100
5.529	1	1	553	10	1	28	9422	0	0	100
5.53	1	1	554	1	1	28	9422	0	0	100
5.531	1	1	554	2	1	28	9422	0	0	100
5.532	1	1	554	3	1	28	9422	0	0	100
5.533	1	1	554	4	1	28	9422	0	0	100
5.534	1	1	554	5	1	28	9422	0	0	100
5.535	1	1	554	6	1	28	9422	0	0	100
5.576	1	1	558	7	1	28	9422	0	0	100
5.577	1	1	558	8	1	28	9422	0	0	100
5.578	1	1	558	9	1	28	9422	0	0	100
5.579	1	1	558	10	1	28	9422	0	0	100
5.58	1	1	559	1	1	28	9422	0	0	100
5.581	1	1	559	2	1	28	9422	0	0	100
5.582	1	1	559	3	1	28	9422	0	0	100
5.623	1	1	563	4	1	28	9422	0	0	100
5.624	1	1	563	5	1	28	9422	0	0	100
5.625	1	1	563	6	1	28	9422	0	0	100
5.626	1	1	563	7	1	28	9422	0	0	100
5.627	1	1	563	8	1	28	9422	0	0	100
5.628	1	1	563	9	1	28	9422	0	0	100
5.629	1	1	563	10	1	28	9422	0	0	100
5.67	1	1	568	1	1	28	9422	0	0	100
5.671	1	1	568	2	1	28	9422	0	0	100
5.672	1	1	568	3	1	28	9422	0	0	100
5.673	1	1	568	4	1	28	9422	0	0	100
5.674	1	1	568	5	1	28	9422	0	0	100
5.675	1	1	568	6	1	28	9422	0	0	100
5.676	1	1	568	7	1	28	9422	0	0	100
5.717	1	1	572	8	1	28	9422	0	0	100
5.718	1	1	572	9	1	28	9422	0	0	100
5.719	1	1	572	10	1	28	9422	0	0	100
5.72	1	1	573	1	1	28	9422	0	0	100
5.721	1	1	573	2	1	28	9422	0	0	100
5.722	1	1	573	3	1	28	9422	0	0	100
5.723	1	1	573	4	1	28	9422	0	0	100
5.764	1	1	577	5	1	28	9422	0	0	100
5.765	1	1	577	6	1	28	9422	0	0	100
5.766	1	1	577	7	1	28	9422	0	0	100
5.767	1	1	577	8	1	28	9422	0	0	100
5.768	1	1	577	9	1	28	9422	0	0	100
5.769	1	1	577	10	1	28	9422	0	0	100
5.77	1	1	578	1	1	28	9422	0	0	100
5.811	1	1	582	2	1	28	9422	0	0	100
5.812	1	1	582	3	1	28	9422	0	0	100
5.813	1	1	582	4	1	28	9422	0	0	100
5.814	1	1	582	5	1	28	9422	0	0	100
5.815	1	1	582	6	1	28	9422	0	0	100
5.816	1	1	582	7	1	28	9422	0	0	100
5.817	1	1	582	8	1	28	9422	0	0	100
5.858	1	1	586	9	1	28	9422	0	0	100
5.859	1	1	586	10	1	28	9422	0	0	100
5.86	1	1	587	1	1	28	9422	0	0	100
5.861	1	1	587	2	1	28	9422	0	0	100
5.862	1	1	587	3	1	28	9422	0	0	100
5.863	1	1	587	4	1	28	9422	0	0	100
5.864	1	1	587	5	1	28	9422	0	0	100
5.905	1	1	591	6	1	28	9422	0	0	100
5.906	1	1	591	7	1	28	9422	0	0	100
5.907	1	1	591	8	1	28	9422	0	0	100
5.908	1	1	591	9	1	28	9422	0	0	100
5.909	1	1	591	10	1	28	9422	0	0	100
5.91	1	1	592	1	1	28	9422	0	0	100
5.911	1	1	592	2	1	28	9422	0	0	100
5.952	1	1	596	3	1	28	9422	0	0	100
5.953	1	1	596	4	1	28	9422	0	0	100
5.954	1	1	596	5	1	28	9422	0	0	100
5.955	1	1	596	6	1	28	9422	0	0	100
5.956	1	1	596	7	1	28	9422	0	0	100
5.957	1	1	596	8	1	28	9422	0	0	100
5.958	1	1	596	9	1	28	9422	0	0	100
5.999	1	1	600	10	1	28	9422	0	0	100
6	1	1	601	1	1	28	9422	0	0	100
6.001	1	1	601	2	1	28	9422	0	0	100
6.002	1	1	601	3	1	28	9422	0	0	100
6.003	1	1	601	4	1	28	9422	0	0	100
6.004	1	1	601	5	1	28	9422	0	0	100
6.005	1	1	601	6	1	28	9422	0	0	100
6.046	1	1	605	7	1	28	9422	0	0	100
6.047	1	1	605	8	1	28	9422	0	0	100
6.048	1	1	605	9	1	28	9422	0	0	100
6.049	1	1	605	10	1	28	9422	0	0	100
6.05	1	1	606	1	1	28	9422	0	0	100
6.051	1	1	606	2	1	28	9422	0	0	100
6.052	1	1	606	3	1	28	9422	0	0	100
6.093	1	1	610	4	1	28	9422	0	0	100
6.094	1	1	610	5	1	28	9422	0	0	100
6.095	1	1	610	6	1	28	9422	0	0	100
6.096	1	1	610	7	1	28	9422	0	0	100
6.097	1	1	610	8	1	28	9422	0	0	100
6.098	1	1	610	9	1	28	9422	0	0	100
6.099	1	1	610	10	1	28	9422	0	0	100
6.14	1	1	615	1	1	28	9422	0	0	100
6.141	1	1	615	2	1	28	9422	0	0	100
6.142	1	1	615	3	1	28	9422	0	0	100
6.143	1	1	615	4	1	28	9422	0	0	100
6.144	1	1	615	5	1	28	9422	0	0	100
6.145	1	1	615	6	1	28	9422	0	0	100
6.146	1	1	615	7	1	28	9422	0	0	100
6.187	1	1	619	8	1	28	9422	0	0	100
6.188	1	1	619	9	1	28	9422	0	0	100
6.189	1	1	619	10	1	28	9422	0	0	100
6.19	1	1	620	1	1	28	9422	0	0	100
6.191	1	1	620	2	1	28	9422	0	0	100
6.192	1	1	620	3	1	28	9422	0	0	100
6.193	1	1	620	4	1	28	9422	0	0	100
6.234	1	1	624	5	1	28	9422	0	0	100
6.235	1	1	624	6	1	28	9422	0	0	100
6.236	1	1	624	7	1	28	9422	0	0	100
6.237	1	1	624	8	1	28	9422	0	0	100
6.238	1	1	624	9	1	28	9422	0	0	100
6.239	1	1	624	10	1	28	9422	0	0	100
6.24	1	1	625	1	1	28	9422	0	0	100
6.281	1	1	629	2	1	28	9422	0	0	100
6.282	1	1	629	3	1	28	9422	0	0	100
6.283	1	1	629	4	1	28	9422	0	0	100
6.284	1	1	629	5	1	28	9422	0	0	100
6.285	1	1	629	6	1	28	9422	0	0	100
6.286	1	1	629	7	1	28	9422	0	0	100
6.287	1	1	629	8	1	28	9422	0	0	100
6.328	1	1	633	9	1	28	9422	0	0	100
6.329	1	1	633	10	1	28	9422	0	0	100
6.33	1	1	634	1	1	28	9422	0	0	100
6.331	1	1	634	2	1	28	9422	0	0	100
6.332	1	1	634	3	1	28	9422	0	0	100
6.333	1	1	634	4	1	28	9422	0	0	100
6.334	1	1	634	5	1	28	9422	0	0	100
6.375	1	1	638	6	1	28	9422	0	0	100
6.376	1	1	638	7	1	28	9422	0	0	100
6.377	1	1	638	8	1	28	9422	0	0	100
6.378	1	1	638	9	1	28	9422	0	0	100
6.379	1	1	638	10	1	28	9422	0	0	100
6.38	1	1	639	1	1	28	9422	0	0	100
6.381	1	1	639	2	1	28	9422	0	0	100
6.422	1	1	643	3	1	28	9422	0	0	100
6.423	1	1	643	4	1	28	9422	0	0	100
6.424	1	1	643	5	1	28	9422	0	0	100
6.425	1	1	643	6	1	28	9422	0	0	100
6.426	1	1	643	7	1	28	9422	0	0	100
6.427	1	1	643	8	1	28	9422	0	0	100
6.428	1	1	643	9	1	28	9422	0	0	100
6.469	1	1	647	10	1	28	9422	0	0	100
6.47	1	1	648	1	1	28	9422	0	0	100
6.471	1	1	648	2	1	28	9422	0	0	100
6.472	1	1	648	3	1	28	9422	0	0	100
6.473	1	1	648	4	1	28	9422	0	0	100
6.474	1	1	648	5	1	28	9422	0	0	100
6.475	1	1	648	6	1	28	9422	0	0	100
6.516	1	1	652	7	1	28	9422	0	0	100
6.517	1	1	652	8	1	28	9422	0	0	100
6.518	1	1	652	9	1	28	9422	0	0	100
6.519	1	1	652	10	1	28	9422	0	0	100
6.52	1	1	653	1	1	28	9422	0	0	100
6.521	1	1	653	2	1	28	9422	0	0	100
6.522	1	1	653	3	1	28	9422	0	0	100
6.563	1	1	657	4	1	28	9422	0	0	100
6.564	1	1	657	5	1	28	9422	0	0	100
6.565	1	1	657	6	1	28	9422	0	0	100
6.566	1	1	657	7	1	28	9422	0	0	100
6.567	1	1	657	8	1	28	9422	0	0	100
6.568	1	1	657	9	1	28	9422	0	0	100
6.569	1	1	657	10	1	28	9422	0	0	100
6.61	1	1	662	1	1	28	9422	0	0	100
6.611	1	1	662	2	1	28	9422	0	0	100
6.612	1	1	662	3	1	28	9422	0	0	100
6.613	1	1	662	4	1	28	9422	0	0	100
6.614	1	1	662	5	1	28	9422	0	0	100
6.615	1	1	662	6	1	28	9422	0	0	100
6.616	1	1	662	7	1	28	9422	0	0	100
6.657	1	1	666	8	1	28	9422	0	0	100
6.658	1	1	666	9	1	28	9422	0	0	100
6.659	1	1	666	10	1	28	9422	0	0	100
6.66	1	1	667	1	1	28	9422	0	0	100
6.661	1	1	667	2	1	28	9422	0	0	100
6.662	1	1	667	3	1	28	9422	0	0	100
6.663	1	1	667	4	1	28	9422	0	0	100
6.704	1	1	671	5	1	28	9422	0	0	100
6.705	1	1	671	6	1	28	9422	0	0	100
6.706	1	1	671	7	1	28	9422	0	0	100
6.707	1	1	671	8	1	28	9422	0	0	100
6.708	1	1	671	9	1	28	9422	0	0	100
6.709	1	1	671	10	1	28	9422	0	0	100
6.71	1	1	672	1	1	28	9422	0	0	100
6.751	1	1	676	2	1	28	9422	0	0	100
6.752	1	1	676	3	1	28	9422	0	0	100
6.753	1	1	676	4	1	28	9422	0	0	100
6.754	1	1	676	5	1	28	9422	0	0	100
6.755	1	1	676	6	1	28	9422	0	0	100
6.756	1	1	676	7	1	28	9422	0	0	100
6.757	1	1	676	8	1	28	9422	0	0	100
6.798	1	1	680	9	1	28	9422	0	0	100
6.799	1	1	680	10	1	28	9422	0	0	100
6.8	1	1	681	1	1	28	9422	0	0	100
6.801	1	1	681	2	1	28	9422	0	0	100
6.802	1	1	681	3	1	28	9422	0	0	100
6.803	1	1	681	4	1	28	9422	0	0	100
6.804	1	1	681	5	1	28	9422	0	0	100
6.845	1	1	685	6	1	28	9422	0	0	100
6.846	1	1	685	7	1	28	9422	0	0	100
6.847	1	1	685	8	1	28	9422	0	0	100
6.848	1	1	685	9	1	28	9422	0	0	100
6.849	1	1	685	10	1	28	9422	0	0	100
6.85	1	1	686	1	1	28	9422	0	0	100
6.851	1	1	686	2	1	28	9422	0	0	100
6.892	1	1	690	3	1	28	9422	0	0	100
6.893	1	1	690	4	1	28	9422	0	0	100
6.894	1	1	690	5	1	28	9422	0	0	100
6.895	1	1	690	6	1	28	9422	0	0	100
6.896	1	1	690	7	1	28	9422	0	0	100
6.897	1	1	690	8	1	28	9422	0	0	100
6.898	1	1	690	9	1	28	9422	0	0	100
6.939	1	1	694	10	1	28	9422	0	0	100
6.94	1	1	695	1	1	28	9422	0	0	100
6.941	1	1	695	2	1	28	9422	0	0	100
6.942	1	1	695	3	1	28	9422	0	0	100
6.943	1	1	695	4	1	28	9422	0	0	100
6.944	1	1	695	5	1	28	9422	0	0	100
6.945	1	1	695	6	1	28	9422	0	0	100
6.986	1	1	699	7	1	28	9422	0	0	100
6.987	1	1	699	8	1	28	9422	0	0	100
6.988	1	1	699	9	1	28	9422	0	0	100
6.989	1	1	699	10	1	28	9422	0	0	100
6.99	1	1	700	1	1	28	9422	0	0	100
6.991	1	1	700	2	1	28	9422	0	0	100
6.992	1	1	700	3	1	28	9422	0	0	100
7.033	1	1	704	4	1	28	9422	0	0	100
7.034	1	1	704	5	1	28	9422	0	0	100
7.035	1	1	704	6	1	28	9422	0	0	100
7.036	1	1	704	7	1	28	9422	0	0	100
7.037	1	1	704	8	1	28	9422	0	0	100
7.038	1	1	704	9	1	28	9422	0	0	100
7.039	1	1	704	10	1	28	9422	0	0	100
7.08	1	1	709	1	1	28	9422	0	0	100
7.081	1	1	709	2	1	28	9422	0	0	100
7.082	1	1	709	3	1	28	9422	0	0	100
7.083	1	1	709	4	1	28	9422	0	0	100
7.084	1	1	709	5	1	28	9422	0	0	100
7.085	1	1	709	6	1	28	9422	0	0	100
7.086	1	1	709	7	1	28	9422	0	0	100
7.127	1	1	713	8	1	28	9422	0	0	100
7.128	1	1	713	9	1	28	9422	0	0	100
7.129	1	1	713	10	1	28	9422	0	0	100
7.13	1	1	714	1	1	28	9422	0	0	100
7.131	1	1	714	2	1	28	9422	0	0	100
7.132	1	1	714	3	1	28	9422	0	0	100
7.133	1	1	714	4	1	28	9422	0	0	100
7.174	1	1	718	5	1	28	9422	0	0	100
7.175	1	1	718	6	1	28	9422	0	0	100
7.176	1	1	718	7	1	28	9422	0	0	100
7.177	1	1	718	8	1	28	9422	0	0	100
7.178	1	1	718	9	1	28	9422	0	0	100
7.179	1	1	718	10	1	28	9422	0	0	100
7.18	1	1	719	1	1	28	9422	0	0	100
7.221	1	1	723	2	1	28	9422	0	0	100
7.222	1	1	723	3	1	28	9422	0	0	100
7.223	1	1	723	4	1	28	9422	0	0	100
7.224	1	1	723	5	1	28	9422	0	0	100
7.225	1	1	723	6	1	28	9422	0	0	100
7.226	1	1	723	7	1	28	9422	0	0	100
7.227	1	1	723	8	1	28	9422	0	0	100
7.268	1	1	727	9	1	28	9422	0	0	100
7.269	1	1	727	10	1	28	9422	0	0	100
7.27	1	1	728	1	1	28	9422	0	0	100
7.271	1	1	728	2	1	28	9422	0	0	100
7.272	1	1	728	3	1	28	9422	0	0	100
7.273	1	1	728	4	1	28	9422	0	0	100
7.274	1	1	728	5	1	28	9422	0	0	100
7.315	1	1	732	6	1	28	9422	0	0	100
7.316	1	1	732	7	1	28	9422	0	0	100
7.317	1	1	732	8	1	28	9422	0	0	100
7.318	1	1	732	9	1	28	9422	0	0	100
7.319	1	1	732	10	1	28	9422	0	0	100
7.32	1	1	733	1	1	28	9422	0	0	100
7.321	1	1	733	2	1	28	9422	0	0	100
7.362	1	1	737	3	1	28	9422	0	0	100
7.363	1	1	737	4	1	28	9422	0	0	100
7.364	1	1	737	5	1	28	9422	0	0	100
7.365	1	1	737	6	1	28	9422	0	0	100
7.366	1	1	737	7	1	28	9422	0	0	100
7.367	1	1	737	8	1	28	9422	0	0	100
7.368	1	1	737	9	1	28	9422	0	0	100
7.409	1	1	741	10	1	28	9422	0	0	100
7.41	1	1	742	1	1	28	9422	0	0	100
7.411	1	1	742	2	1	28	9422	0	0	100
7.412	1	1	742	3	1	28	9422	0	0	100
7.413	1	1	742	4	1	28	9422	0	0	100
7.414	1	1	742	5	1	28	9422	0	0	100
7.415	1	1	742	6	1	28	9422	0	0	100
7.456	1	1	746	7	1	28	9422	0	0	100
7.457	1	1	746	8	1	28	9422	0	0	100
7.458	1	1	746	9	1	28	9422	0	0	100
7.459	1	1	746	10	1	28	9422	0	0	100
7.46	1	1	747	1	1	28	9422	0	0	100
7.461	1	1	747	2	1	28	9422	0	0	100
7.462	1	1	747	3	1	28	9422	0	0	100
7.503	1	1	751	4	1	28	9422	0	0	100
7.504	1	1	751	5	1	28	9422	0	0	100
7.505	1	1	751	6	1	28	9422	0	0	100
7.506	1	1	751	7	1	28	9422	0	0	100
7.507	1	1	751	8	1	28	9422	0	0	100
7.508	1	1	751	9	1	28	9422	0	0	100
7.509	1	1	751	10	1	28	9422	0	0	100
7.55	1	1	756	1	1	28	9422	0	0	100
7.551	1	1	756	2	1	28	9422	0	0	100
7.552	1	1	756	3	1	28	9422	0	0	100
7.553	1	1	756	4	1	28	9422	0	0	100
7.554	1	1	756	5	1	28	9422	0	0	100
7.555	1	1	756	6	1	28	9422	0	0	100
7.556	1	1	756	7	1	28	9422	0	0	100
7.597	1	1	760	8	1	28	9422	0	0	100
7.598	1	1	760	9	1	28	9422	0	0	100
7.599	1	1	760	10	1	28	9422	0	0	100
7.6	1	1	761	1	1	28	9422	0	0	100
7.601	1	1	761	2	1	28	9422	0	0	100
7.602	1	1	761	3	1	28	9422	0	0	100
7.603	1	1	761	4	1	28	9422	0	0	100
7.644	1	1	765	5	1	28	9422	0	0	100
7.645	1	1	765	6	1	28	9422	0	0	100
7.646	1	1	765	7	1	28	9422	0	0	100
7.647	1	1	765	8	1	28	9422	0	0	100
7.648	1	1	765	9	1	28	9422	0	0	100
7.649	1	1	765	10	1	28	9422	0	0	100
7.65	1	1	766	1	1	28	9422	0	0	100
7.691	1	1	770	2	1	28	9422	0	0	100
7.692	1	1	770	3	1	28	9422	0	0	100
7.693	1	1	770	4	1	28	9422	0	0	100
7.694	1	1	770	5	1	28	9422	0	0	100
7.695	1	1	770	6	1	28	9422	0	0	100
7.696	1	1	770	7	1	28	9422	0	0	100
7.697	1	1	770	8	1	28	9422	0	0	100
7.738	1	1	774	9	1	28	9422	0	0	100
7.739	1	1	774	10	1	28	9422	0	0	100
7.74	1	1	775	1	1	28	9422	0	0	100
7.741	1	1	775	2	1	28	9422	0	0	100
7.742	1	1	775	3	1	28	9422	0	0	100
7.743	1	1	775	4	1	28	9422	0	0	100
7.744	1	1	775	5	1	28	9422	0	0	100
7.785	1	1	779	6	1	28	9422	0	0	100
7.786	1	1	779	7	1	28	9422	0	0	100
7.787	1	1	779	8	1	28	9422	0	0	100
7.788	1	1	779	9	1	28	9422	0	0	100
7.789	1	1	779	10	1	28	9422	0	0	100
7.79	1	1	780	1	1	28	9422	0	0	100
7.791	1	1	780	2	1	28	9422	0	0	100
7.832	1	1	784	3	1	28	9422	0	0	100
7.833	1	1	784	4	1	28	9422	0	0	100
7.834	1	1	784	5	1	28	9422	0	0	100
7.835	1	1	784	6	1	28	9422	0	0	100
7.836	1	1	784	7	1	28	9422	0	0	100
7.837	1	1	784	8	1	28	9422	0	0	100
7.838	1	1	784	9	1	28	9422	0	0	100
7.879	1	1	788	10	1	28	9422	0	0	100
7.88	1	1	789	1	1	28	9422	0	0	100
7.881	1	1	789	2	1	28	9422	0	0	100
7.882	1	1	789	3	1	28	9422	0	0	100
7.883	1	1	789	4	1	28	9422	0	0	100
7.884	1	1	789	5	1	28	9422	0	0	100
7.885	1	1	789	6	1	28	9422	0	0	100
7.926	1	1	793	7	1	28	9422	0	0	100
7.927	1	1	793	8	1	28	9422	0	0	100
7.928	1	1	793	9	1	28	9422	0	0	100
7.929	1	1	793	10	1	28	9422	0	0	100
7.93	1	1	794	1	1	28	9422	0	0	100
7.931	1	1	794	2	1	28	9422	0	0	100
7.932	1	1	794	3	1	28	9422	0	0	100
7.973	1	1	798	4	1	28	9422	0	0	100
7.974	1	1	798	5	1	28	9422	0	0	100
7.975	1	1	798	6	1	28	9422	0	0	100
7.976	1	1	798	7	1	28	9422	0	0	100
7.977	1	1	798	8	1	28	9422	0	0	100
7.978	1	1	798	9	1	28	9422	0	0	100
7.979	1	1	798	10	1	28	9422	0	0	100
8.02	1	1	803	1	1	28	9422	0	0	100
8.021	1	1	803	2	1	28	9422	0	0	100
8.022	1	1	803	3	1	28	9422	0	0	100
8.023	1	1	803	4	1	28	9422	0	0	100
8.024	1	1	803	5	1	28	9422	0	0	100
8.025	1	1	803	6	1	28	9422	0	0	100
8.026	1	1	803	7	1	28	9422	0	0	100
8.067	1	1	807	8	1	28	9422	0	0	100
8.068	1	1	807	9	1	28	9422	0	0	100
8.069	1	1	807	10	1	28	9422	0	0	100
8.07	1	1	808	1	1	28	9422	0	0	100
8.071	1	1	808	2	1	28	9422	0	0	100
8.072	1	1	808	3	1	28	9422	0	0	100
8.073	1	1	808	4	1	28	9422	0	0	100
8.114	1	1	812	5	1	28	9422	0	0	100
8.115	1	1	812	6	1	28	9422	0	0	100
8.116	1	1	812	7	1	28	9422	0	0	100
8.117	1	1	812	8	1	28	9422	0	0	100
8.118	1	1	812	9	1	28	9422	0	0	100
8.119	1	1	812	10	1	28	9422	0	0	100
8.12	1	1	813	1	1	28	9422	0	0	100
8.161	1	1	817	2	1	28	9422	0	0	100
8.162	1	1	817	3	1	28	9422	0	0	100
8.163	1	1	817	4	1	28	9422	0	0	100
8.164	1	1	817	5	1	28	9422	0	0	100
8.165	1	1	817	6	1	28	9422	0	0	100
8.166	1	1	817	7	1	28	9422	0	0	100
8.167	1	1	817	8	1	28	9422	0	0	100
8.208	1	1	821	9	1	28	9422	0	0	100
8.209	1	1	821	10	1	28	9422	0	0	100
8.21	1	1	822	1	1	28	9422	0	0	100
8.211	1	1	822	2	1	28	9422	0	0	100
8.212	1	1	822	3	1	28	9422	0	0	100
8.213	1	1	822	4	1	28	9422	0	0	100
8.214	1	1	822	5	1	28	9422	0	0	100
8.255	1	1	826	6	1	28	9422	0	0	100
8.256	1	1	826	7	1	28	9422	0	0	100
8.257	1	1	826	8	1	28	9422	0	0	100
8.258	1	1	826	9	1	28	9422	0	0	100
8.259	1	1	826	10	1	28	9422	0	0	100
8.26	1	1	827	1	1	28	9422	0	0	100
8.261	1	1	827	2	1	28	9422	0	0	100
8.302	1	1	831	3	1	28	9422	0	0	100
8.303	1	1	831	4	1	28	9422	0	0	100
8.304	1	1	831	5	1	28	9422	0	0	100
8.305	1	1	831	6	1	28	9422	0	0	100
8.306	1	1	831	7	1	28	9422	0	0	100
8.307	1	1	831	8	1	28	9422	0	0	100
8.308	1	1	831	9	1	28	9422	0	0	100
8.349	1	1	835	10	1	28	9422	0	0	100
8.35	1	1	836	1	1	28	9422	0	0	100
8.351	1	1	836	2	1	28	9422	0	0	100
8.352	1	1	836	3	1	28	9422	0	0	100
8.353	1	1	836	4	1	28	9422	0	0	100
8.354	1	1	836	5	1	28	9422	0	0	100
8.355	1	1	836	6	1	28	9422	0	0	100
8.396	1	1	840	7	1	28	9422	0	0	100
8.397	1	1	840	8	1	28	9422	0	0	100
8.398	1	1	840	9	1	28	9422	0	0	100
8.399	1	1	840	10	1	28	9422	0	0	100
8.4	1	1	841	1	1	28	9422	0	0	100
8.401	1	1	841	2	1	28	9422	0	0	100
8.402	1	1	841	3	1	28	9422	0	0	100
8.443	1	1	845	4	1	28	9422	0	0	100
8.444	1	1	845	5	1	28	9422	0	0	100
8.445	1	1	845	6	1	28	9422	0	0	100
8.446	1	1	845	7	1	28	9422	0	0	100
8.447	1	1	845	8	1	28	9422	0	0	100
8.448	1	1	845	9	1	28	9422	0	0	100
8.449	1	1	845	10	1	28	9422	0	0	100
8.49	1	1	850	1	1	28	9422	0	0	100
8.491	1	1	850	2	1	28	9422	0	0	100
8.492	1	1	850	3	1	28	9422	0	0	100
8.493	1	1	850	4	1	28	9422	0	0	100
8.494	1	1	850	5	1	28	9422	0	0	100
8.495	1	1	850	6	1	28	9422	0	0	100
8.496	1	1	850	7	1	28	9422	0	0	100
8.537	1	1	854	8	1	28	9422	0	0	100
8.538	1	1	854	9	1	28	9422	0	0	100
8.539	1	1	854	10	1	28	9422	0	0	100
8.54	1	1	855	1	1	28	9422	0	0	100
8.541	1	1	855	2	1	28	9422	0	0	100
8.542	1	1	855	3	1	28	9422	0	0	100
8.543	1	1	855	4	1	28	9422	0	0	100
8.584	1	1	859	5	1	28	9422	0	0	100
8.585	1	1	859	6	1	28	9422	0	0	100
8.586	1	1	859	7	1	28	9422	0	0	100
8.587	1	1	859	8	1	28	9422	0	0	100
8.588	1	1	859	9	1	28	9422	0	0	100
8.589	1	1	859	10	1	28	9422	0	0	100
8.59	1	1	860	1	1	28	9422	0	0	100
8.631	1	1	864	2	1	28	9422	0	0	100
8.632	1	1	864	3	1	28	9422	0	0	100
8.633	1	1	864	4	1	28	9422	0	0	100
8.634	1	1	864	5	1	28	9422	0	0	100
8.635	1	1	864	6	1	28	9422	0	0	100
8.636	1	1	864	7	1	28	9422	0	0	100
8.637	1	1	864	8	1	28	9422	0	0	100
8.678	1	1	868	9	1	28	9422	0	0	100
8.679	1	1	868	10	1	28	9422	0	0	100
8.68	1	1	869	1	1	28	9422	0	0	100
8.681	1	1	869	2	1	28	9422	0	0	100
8.682	1	1	869	3	1	28	9422	0	0	100
8.683	1	1	869	4	1	28	9422	0	0	100
8.684	1	1	869	5	1	28	9422	0	0	100
8.725	1	1	873	6	1	28	9422	0	0	100
8.726	1	1	873	7	1	28	9422	0	0	100
8.727	1	1	873	8	1	28	9422	0	0	100
8.728	1	1	873	9	1	28	9422	0	0	100
8.729	1	1	873	10	1	28	9422	0	0	100
8.73	1	1	874	1	1	28	9422	0	0	100
8.731	1	1	874	2	1	28	9422	0	0	100
8.772	1	1	878	3	1	28	9422	0	0	100
8.773	1	1	878	4	1	28	9422	0	0	100
8.774	1	1	878	5	1	28	9422	0	0	100
8.775	1	1	878	6	1	28	9422	0	0	100
8.776	1	1	878	7	1	28	9422	0	0	100
8.777	1	1	878	8	1	28	9422	0	0	100
8.778	1	1	878	9	1	28	9422	0	0	100
8.819	1	1	882	10	1	28	9422	0	0	100
8.82	1	1	883	1	1	28	9422	0	0	100
8.821	1	1	883	2	1	28	9422	0	0	100
8.822	1	1	883	3	1	28	9422	0	0	100
8.823	1	1	883	4	1	28	9422	0	0	100
8.824	1	1	883	5	1	28	9422	0	0	100
8.825	1	1	883	6	1	28	9422	0	0	100
8.866	1	1	887	7	1	28	9422	0	0	100
8.867	1	1	887	8	1	28	9422	0	0	100
8.868	1	1	887	9	1	28	9422	0	0	100
8.869	1	1	887	10	1	28	9422	0	0	100
8.87	1	1	888	1	1	28	9422	0	0	100
8.871	1	1	888	2	1	28	9422	0	0	100
8.872	1	1	888	3	1	28	9422	0	0	100
8.913	1	1	892	4	1	28	9422	0	0	100
8.914	1	1	892	5	1	28	9422	0	0	100
8.915	1	1	892	6	1	28	9422	0	0	100
8.916	1	1	892	7	1	28	9422	0	0	100
8.917	1	1	892	8	1	28	9422	0	0	100
8.918	1	1	892	9	1	28	9422	0	0	100
8.919	1	1	892	10	1	28	9422	0	0	100
8.96	1	1	897	1	1	28	9422	0	0	100
8.961	1	1	897	2	1	28	9422	0	0	100
8.962	1	1	897	3	1	28	9422	0	0	100
8.963	1	1	897	4	1	28	9422	0	0	100
8.964	1	1	897	5	1	28	9422	0	0	100
8.965	1	1	897	6	1	28	9422	0	0	100
8.966	1	1	897	7	1	28	9422	0	0	100
9.007	1	1	901	8	1	28	9422	0	0	100
9.008	1	1	901	9	1	28	9422	0	0	100
9.009	1	1	901	10	1	28	9422	0	0	100
9.01	1	1	902	1	1	28	9422	0	0	100
9.054	1	1	906	5	1	28	9422	0	0	100
