% time	cellId	IMSI	frame	sframe	RNTI	mcsTb1	sizeTb1	mcsTb2	sizeTb2	Nprb
1.102	1	1	111	3	1	28	9422	0	0	100
1.319	1	1	132	10	1	28	9422	0	0	100
1.536	1	1	154	7	1	28	9422	0	0	100
1.753	1	1	176	4	1	28	9422	0	0	100
1.97	1	1	198	1	1	28	9422	0	0	100
2.17	1	1	218	1	1	28	9422	0	0	100
2.187	1	1	219	8	1	28	9422	0	0	100
2.387	1	1	239	8	1	28	9422	0	0	100
2.404	1	1	241	5	1	28	9422	0	0	100
2.604	1	1	261	5	1	28	9422	0	0	100
2.605	1	1	261	6	1	28	9422	0	0	100
2.621	1	1	263	2	1	28	9422	0	0	100
2.821	1	1	283	2	1	28	9422	0	0	100
2.822	1	1	283	3	1	28	9422	0	0	100
2.838	1	1	284	9	1	28	9422	0	0	100
2.839	1	1	284	10	1	28	9422	0	0	100
3.038	1	1	304	9	1	28	9422	0	0	100
3.039	1	1	304	10	1	28	9422	0	0	100
3.04	1	1	305	1	1	28	9422	0	0	100
3.055	1	1	306	6	1	28	9422	0	0	100
3.056	1	1	306	7	1	28	9422	0	0	100
3.255	1	1	326	6	1	28	9422	0	0	100
3.256	1	1	326	7	1	28	9422	0	0	100
3.257	1	1	326	8	1	28	9422	0	0	100
3.258	1	1	326	9	1	28	9422	0	0	100
3.259	1	1	326	10	1	28	9422	0	0	100
3.272	1	1	328	3	1	28	9422	0	0	100
3.273	1	1	328	4	1	28	9422	0	0	100
3.274	1	1	328	5	1	28	9422	0	0	100
3.472	1	1	348	3	1	28	9422	0	0	100
3.473	1	1	348	4	1	28	9422	0	0	100
3.474	1	1	348	5	1	28	9422	0	0	100
3.475	1	1	348	6	1	28	9422	0	0	100
3.476	1	1	348	7	1	28	9422	0	0	100
3.489	1	1	349	10	1	28	9422	0	0	100
3.49	1	1	350	1	1	28	9422	0	0	100
3.491	1	1	350	2	1	28	9422	0	0	100
3.689	1	1	369	10	1	28	9422	0	0	100
3.69	1	1	370	1	1	28	9422	0	0	100
3.691	1	1	370	2	1	28	9422	0	0	100
3.692	1	1	370	3	1	28	9422	0	0	100
3.693	1	1	370	4	1	28	9422	0	0	100
3.706	1	1	371	7	1	28	9422	0	0	100
3.707	1	1	371	8	1	28	9422	0	0	100
3.708	1	1	371	9	1	28	9422	0	0	100
3.906	1	1	391	7	1	28	9422	0	0	100
3.907	1	1	391	8	1	28	9422	0	0	100
3.908	1	1	391	9	1	28	9422	0	0	100
3.909	1	1	391	10	1	28	9422	0	0	100
3.91	1	1	392	1	1	28	9422	0	0	100
3.923	1	1	393	4	1	28	9422	0	0	100
3.924	1	1	393	5	1	28	9422	0	0	100
3.925	1	1	393	6	1	28	9422	0	0	100
4.123	1	1	413	4	1	28	9422	0	0	100
4.124	1	1	413	5	1	28	9422	0	0	100
4.125	1	1	413	6	1	28	9422	0	0	100
4.126	1	1	413	7	1	28	9422	0	0	100
4.127	1	1	413	8	1	28	9422	0	0	100
4.14	1	1	415	1	1	28	9422	0	0	100
4.141	1	1	415	2	1	28	9422	0	0	100
4.142	1	1	415	3	1	28	9422	0	0	100
4.34	1	1	435	1	1	28	9422	0	0	100
4.341	1	1	435	2	1	28	9422	0	0	100
4.342	1	1	435	3	1	28	9422	0	0	100
4.343	1	1	435	4	1	28	9422	0	0	100
4.344	1	1	435	5	1	28	9422	0	0	100
4.357	1	1	436	8	1	28	9422	0	0	100
4.358	1	1	436	9	1	28	9422	0	0	100
4.359	1	1	436	10	1	28	9422	0	0	100
4.557	1	1	456	8	1	28	9422	0	0	100
4.558	1	1	456	9	1	28	9422	0	0	100
4.559	1	1	456	10	1	28	9422	0	0	100
4.56	1	1	457	1	1	28	9422	0	0	100
4.561	1	1	457	2	1	28	9422	0	0	100
4.574	1	1	458	5	1	28	9422	0	0	100
4.575	1	1	458	6	1	28	9422	0	0	100
4.576	1	1	458	7	1	28	9422	0	0	100
4.774	1	1	478	5	1	28	9422	0	0	100
4.775	1	1	478	6	1	28	9422	0	0	100
4.776	1	1	478	7	1	28	9422	0	0	100
4.777	1	1	478	8	1	28	9422	0	0	100
4.778	1	1	478	9	1	28	9422	0	0	100
4.791	1	1	480	2	1	28	9422	0	0	100
4.792	1	1	480	3	1	28	9422	0	0	100
4.793	1	1	480	4	1	28	9422	0	0	100
4.991	1	1	500	2	1	28	9422	0	0	100
4.992	1	1	500	3	1	28	9422	0	0	100
4.993	1	1	500	4	1	28	9422	0	0	100
4.994	1	1	500	5	1	28	9422	0	0	100
4.995	1	1	500	6	1	28	9422	0	0	100
5.008	1	1	501	9	1	28	9422	0	0	100
5.009	1	1	501	10	1	28	9422	0	0	100
5.01	1	1	502	1	1	28	9422	0	0	100
5.208	1	1	521	9	1	28	9422	0	0	100
5.209	1	1	521	10	1	28	9422	0	0	100
5.21	1	1	522	1	1	28	9422	0	0	100
5.211	1	1	522	2	1	28	9422	0	0	100
5.212	1	1	522	3	1	28	9422	0	0	100
5.225	1	1	523	6	1	28	9422	0	0	100
5.226	1	1	523	7	1	28	9422	0	0	100
5.227	1	1	523	8	1	28	9422	0	0	100
5.425	1	1	543	6	1	28	9422	0	0	100
5.426	1	1	543	7	1	28	9422	0	0	100
5.427	1	1	543	8	1	28	9422	0	0	100
5.428	1	1	543	9	1	28	9422	0	0	100
5.429	1	1	543	10	1	28	9422	0	0	100
5.442	1	1	545	3	1	28	9422	0	0	100
5.443	1	1	545	4	1	28	9422	0	0	100
5.444	1	1	545	5	1	28	9422	0	0	100
5.642	1	1	565	3	1	28	9422	0	0	100
5.643	1	1	565	4	1	28	9422	0	0	100
5.644	1	1	565	5	1	28	9422	0	0	100
5.645	1	1	565	6	1	28	9422	0	0	100
5.646	1	1	565	7	1	28	9422	0	0	100
5.659	1	1	566	10	1	28	9422	0	0	100
5.66	1	1	567	1	1	28	9422	0	0	100
5.661	1	1	567	2	1	28	9422	0	0	100
5.859	1	1	586	10	1	28	9422	0	0	100
5.86	1	1	587	1	1	28	9422	0	0	100
5.861	1	1	587	2	1	28	9422	0	0	100
5.862	1	1	587	3	1	28	9422	0	0	100
5.863	1	1	587	4	1	28	9422	0	0	100
5.876	1	1	588	7	1	28	9422	0	0	100
5.877	1	1	588	8	1	28	9422	0	0	100
5.878	1	1	588	9	1	28	9422	0	0	100
6.076	1	1	608	7	1	28	9422	0	0	100
6.077	1	1	608	8	1	28	9422	0	0	100
6.078	1	1	608	9	1	28	9422	0	0	100
6.079	1	1	608	10	1	28	9422	0	0	100
6.08	1	1	609	1	1	28	9422	0	0	100
6.093	1	1	610	4	1	28	9422	0	0	100
6.094	1	1	610	5	1	28	9422	0	0	100
6.095	1	1	610	6	1	28	9422	0	0	100
6.293	1	1	630	4	1	28	9422	0	0	100
6.294	1	1	630	5	1	28	9422	0	0	100
6.295	1	1	630	6	1	28	9422	0	0	100
6.296	1	1	630	7	1	28	9422	0	0	100
6.297	1	1	630	8	1	28	9422	0	0	100
6.31	1	1	632	1	1	28	9422	0	0	100
6.311	1	1	632	2	1	28	9422	0	0	100
6.312	1	1	632	3	1	28	9422	0	0	100
6.51	1	1	652	1	1	28	9422	0	0	100
6.511	1	1	652	2	1	28	9422	0	0	100
6.512	1	1	652	3	1	28	9422	0	0	100
6.513	1	1	652	4	1	28	9422	0	0	100
6.514	1	1	652	5	1	28	9422	0	0	100
6.527	1	1	653	8	1	28	9422	0	0	100
6.528	1	1	653	9	1	28	9422	0	0	100
6.529	1	1	653	10	1	28	9422	0	0	100
6.727	1	1	673	8	1	28	9422	0	0	100
6.728	1	1	673	9	1	28	9422	0	0	100
6.729	1	1	673	10	1	28	9422	0	0	100
6.73	1	1	674	1	1	28	9422	0	0	100
6.731	1	1	674	2	1	28	9422	0	0	100
6.744	1	1	675	5	1	28	9422	0	0	100
6.745	1	1	675	6	1	28	9422	0	0	100
6.746	1	1	675	7	1	28	9422	0	0	100
6.944	1	1	695	5	1	28	9422	0	0	100
6.945	1	1	695	6	1	28	9422	0	0	100
6.946	1	1	695	7	1	28	9422	0	0	100
6.947	1	1	695	8	1	28	9422	0	0	100
6.948	1	1	695	9	1	28	9422	0	0	100
6.961	1	1	697	2	1	28	9422	0	0	100
6.962	1	1	697	3	1	28	9422	0	0	100
6.963	1	1	697	4	1	28	9422	0	0	100
7.161	1	1	717	2	1	28	9422	0	0	100
7.162	1	1	717	3	1	28	9422	0	0	100
7.163	1	1	717	4	1	28	9422	0	0	100
7.164	1	1	717	5	1	28	9422	0	0	100
7.165	1	1	717	6	1	28	9422	0	0	100
7.178	1	1	718	9	1	28	9422	0	0	100
7.179	1	1	718	10	1	28	9422	0	0	100
7.18	1	1	719	1	1	28	9422	0	0	100
7.378	1	1	738	9	1	28	9422	0	0	100
7.379	1	1	738	10	1	28	9422	0	0	100
7.38	1	1	739	1	1	28	9422	0	0	100
7.381	1	1	739	2	1	28	9422	0	0	100
7.382	1	1	739	3	1	28	9422	0	0	100
7.395	1	1	740	6	1	28	9422	0	0	100
7.396	1	1	740	7	1	28	9422	0	0	100
7.397	1	1	740	8	1	28	9422	0	0	100
7.595	1	1	760	6	1	28	9422	0	0	100
7.596	1	1	760	7	1	28	9422	0	0	100
7.597	1	1	760	8	1	28	9422	0	0	100
7.598	1	1	760	9	1	28	9422	0	0	100
7.599	1	1	760	10	1	28	9422	0	0	100
7.612	1	1	762	3	1	28	9422	0	0	100
7.613	1	1	762	4	1	28	9422	0	0	100
7.614	1	1	762	5	1	28	9422	0	0	100
7.812	1	1	782	3	1	28	9422	0	0	100
7.813	1	1	782	4	1	28	9422	0	0	100
7.814	1	1	782	5	1	28	9422	0	0	100
7.815	1	1	782	6	1	28	9422	0	0	100
7.816	1	1	782	7	1	28	9422	0	0	100
7.829	1	1	783	10	1	28	9422	0	0	100
7.83	1	1	784	1	1	28	9422	0	0	100
7.831	1	1	784	2	1	28	9422	0	0	100
8.029	1	1	803	10	1	28	9422	0	0	100
8.03	1	1	804	1	1	28	9422	0	0	100
8.031	1	1	804	2	1	28	9422	0	0	100
8.032	1	1	804	3	1	28	9422	0	0	100
8.033	1	1	804	4	1	28	9422	0	0	100
8.046	1	1	805	7	1	28	9422	0	0	100
8.047	1	1	805	8	1	28	9422	0	0	100
8.048	1	1	805	9	1	28	9422	0	0	100
8.246	1	1	825	7	1	28	9422	0	0	100
8.247	1	1	825	8	1	28	9422	0	0	100
8.248	1	1	825	9	1	28	9422	0	0	100
8.249	1	1	825	10	1	28	9422	0	0	100
8.25	1	1	826	1	1	28	9422	0	0	100
8.263	1	1	827	4	1	28	9422	0	0	100
8.264	1	1	827	5	1	28	9422	0	0	100
8.265	1	1	827	6	1	28	9422	0	0	100
8.463	1	1	847	4	1	28	9422	0	0	100
8.464	1	1	847	5	1	28	9422	0	0	100
8.465	1	1	847	6	1	28	9422	0	0	100
8.466	1	1	847	7	1	28	9422	0	0	100
8.467	1	1	847	8	1	28	9422	0	0	100
8.48	1	1	849	1	1	28	9422	0	0	100
8.481	1	1	849	2	1	28	9422	0	0	100
8.482	1	1	849	3	1	28	9422	0	0	100
8.68	1	1	869	1	1	28	9422	0	0	100
8.681	1	1	869	2	1	28	9422	0	0	100
8.682	1	1	869	3	1	28	9422	0	0	100
8.683	1	1	869	4	1	28	9422	0	0	100
8.684	1	1	869	5	1	28	9422	0	0	100
8.697	1	1	870	8	1	28	9422	0	0	100
8.698	1	1	870	9	1	28	9422	0	0	100
8.699	1	1	870	10	1	28	9422	0	0	100
8.897	1	1	890	8	1	28	9422	0	0	100
8.898	1	1	890	9	1	28	9422	0	0	100
8.899	1	1	890	10	1	28	9422	0	0	100
8.9	1	1	891	1	1	28	9422	0	0	100
8.901	1	1	891	2	1	28	9422	0	0	100
8.914	1	1	892	5	1	28	9422	0	0	100
8.915	1	1	892	6	1	28	9422	0	0	100
8.916	1	1	892	7	1	28	9422	0	0	100
9.114	1	1	912	5	1	28	9422	0	0	100
9.115	1	1	912	6	1	28	9422	0	0	100
9.116	1	1	912	7	1	28	9422	0	0	100
9.117	1	1	912	8	1	28	9422	0	0	100
9.118	1	1	912	9	1	28	9422	0	0	100
9.131	1	1	914	2	1	28	9422	0	0	100
9.132	1	1	914	3	1	28	9422	0	0	100
9.133	1	1	914	4	1	28	9422	0	0	100
9.331	1	1	934	2	1	28	9422	0	0	100
9.332	1	1	934	3	1	28	9422	0	0	100
9.333	1	1	934	4	1	28	9422	0	0	100
9.334	1	1	934	5	1	28	9422	0	0	100
9.335	1	1	934	6	1	28	9422	0	0	100
9.348	1	1	935	9	1	28	9422	0	0	100
9.349	1	1	935	10	1	28	9422	0	0	100
9.35	1	1	936	1	1	28	9422	0	0	100
9.548	1	1	955	9	1	28	9422	0	0	100
9.549	1	1	955	10	1	28	9422	0	0	100
9.55	1	1	956	1	1	28	9422	0	0	100
9.551	1	1	956	2	1	28	9422	0	0	100
9.552	1	1	956	3	1	28	9422	0	0	100
9.565	1	1	957	6	1	28	9422	0	0	100
9.566	1	1	957	7	1	28	9422	0	0	100
9.567	1	1	957	8	1	28	9422	0	0	100
9.765	1	1	977	6	1	28	9422	0	0	100
9.766	1	1	977	7	1	28	9422	0	0	100
9.767	1	1	977	8	1	28	9422	0	0	100
9.768	1	1	977	9	1	28	9422	0	0	100
9.769	1	1	977	10	1	28	9422	0	0	100
9.782	1	1	979	3	1	28	9422	0	0	100
9.783	1	1	979	4	1	28	9422	0	0	100
9.784	1	1	979	5	1	28	9422	0	0	100
9.982	1	1	999	3	1	28	9422	0	0	100
9.983	1	1	999	4	1	28	9422	0	0	100
9.984	1	1	999	5	1	28	9422	0	0	100
9.985	1	1	999	6	1	28	9422	0	0	100
9.986	1	1	999	7	1	28	9422	0	0	100
9.999	1	1	1000	10	1	28	9422	0	0	100
10	1	1	1001	1	1	28	9422	0	0	100
10.001	1	1	1001	2	1	28	9422	0	0	100
10.199	1	1	1020	10	1	28	9422	0	0	100
10.2	1	1	1021	1	1	28	9422	0	0	100
10.201	1	1	1021	2	1	28	9422	0	0	100
10.202	1	1	1021	3	1	28	9422	0	0	100
10.203	1	1	1021	4	1	28	9422	0	0	100
10.216	1	1	1022	7	1	28	9422	0	0	100
10.217	1	1	1022	8	1	28	9422	0	0	100
10.218	1	1	1022	9	1	28	9422	0	0	100
10.416	1	1	1042	7	1	28	9422	0	0	100
10.417	1	1	1042	8	1	28	9422	0	0	100
10.418	1	1	1042	9	1	28	9422	0	0	100
10.419	1	1	1042	10	1	28	9422	0	0	100
10.42	1	1	1043	1	1	28	9422	0	0	100
10.433	1	1	1044	4	1	28	9422	0	0	100
10.434	1	1	1044	5	1	28	9422	0	0	100
10.435	1	1	1044	6	1	28	9422	0	0	100
10.633	1	1	1064	4	1	28	9422	0	0	100
10.634	1	1	1064	5	1	28	9422	0	0	100
10.635	1	1	1064	6	1	28	9422	0	0	100
10.636	1	1	1064	7	1	28	9422	0	0	100
10.637	1	1	1064	8	1	28	9422	0	0	100
10.65	1	1	1066	1	1	28	9422	0	0	100
10.651	1	1	1066	2	1	28	9422	0	0	100
10.652	1	1	1066	3	1	28	9422	0	0	100
10.85	1	1	1086	1	1	28	9422	0	0	100
10.851	1	1	1086	2	1	28	9422	0	0	100
10.852	1	1	1086	3	1	28	9422	0	0	100
10.853	1	1	1086	4	1	28	9422	0	0	100
10.854	1	1	1086	5	1	28	9422	0	0	100
10.867	1	1	1087	8	1	28	9422	0	0	100
10.868	1	1	1087	9	1	28	9422	0	0	100
10.869	1	1	1087	10	1	28	9422	0	0	100
11.067	1	1	1107	8	1	28	9422	0	0	100
11.068	1	1	1107	9	1	28	9422	0	0	100
11.069	1	1	1107	10	1	28	9422	0	0	100
11.07	1	1	1108	1	1	28	9422	0	0	100
11.071	1	1	1108	2	1	28	9422	0	0	100
11.084	1	1	1109	5	1	28	9422	0	0	100
11.085	1	1	1109	6	1	28	9422	0	0	100
11.086	1	1	1109	7	1	28	9422	0	0	100
11.284	1	1	1129	5	1	28	9422	0	0	100
11.285	1	1	1129	6	1	28	9422	0	0	100
11.286	1	1	1129	7	1	28	9422	0	0	100
11.287	1	1	1129	8	1	28	9422	0	0	100
11.288	1	1	1129	9	1	28	9422	0	0	100
11.301	1	1	1131	2	1	28	9422	0	0	100
11.302	1	1	1131	3	1	28	9422	0	0	100
11.303	1	1	1131	4	1	28	9422	0	0	100
11.501	1	1	1151	2	1	28	9422	0	0	100
11.502	1	1	1151	3	1	28	9422	0	0	100
11.503	1	1	1151	4	1	28	9422	0	0	100
11.504	1	1	1151	5	1	28	9422	0	0	100
11.505	1	1	1151	6	1	28	9422	0	0	100
11.518	1	1	1152	9	1	28	9422	0	0	100
11.519	1	1	1152	10	1	28	9422	0	0	100
11.52	1	1	1153	1	1	28	9422	0	0	100
11.718	1	1	1172	9	1	28	9422	0	0	100
11.719	1	1	1172	10	1	28	9422	0	0	100
11.72	1	1	1173	1	1	28	9422	0	0	100
11.721	1	1	1173	2	1	28	9422	0	0	100
11.722	1	1	1173	3	1	28	9422	0	0	100
11.735	1	1	1174	6	1	28	9422	0	0	100
11.736	1	1	1174	7	1	28	9422	0	0	100
11.737	1	1	1174	8	1	28	9422	0	0	100
11.935	1	1	1194	6	1	28	9422	0	0	100
11.936	1	1	1194	7	1	28	9422	0	0	100
11.937	1	1	1194	8	1	28	9422	0	0	100
11.938	1	1	1194	9	1	28	9422	0	0	100
11.939	1	1	1194	10	1	28	9422	0	0	100
11.952	1	1	1196	3	1	28	9422	0	0	100
11.953	1	1	1196	4	1	28	9422	0	0	100
11.954	1	1	1196	5	1	28	9422	0	0	100
12.152	1	1	1216	3	1	28	9422	0	0	100
12.153	1	1	1216	4	1	28	9422	0	0	100
12.154	1	1	1216	5	1	28	9422	0	0	100
12.155	1	1	1216	6	1	28	9422	0	0	100
12.156	1	1	1216	7	1	28	9422	0	0	100
12.169	1	1	1217	10	1	28	9422	0	0	100
12.17	1	1	1218	1	1	28	9422	0	0	100
12.171	1	1	1218	2	1	28	9422	0	0	100
12.369	1	1	1237	10	1	28	9422	0	0	100
12.37	1	1	1238	1	1	28	9422	0	0	100
12.371	1	1	1238	2	1	28	9422	0	0	100
12.372	1	1	1238	3	1	28	9422	0	0	100
12.373	1	1	1238	4	1	28	9422	0	0	100
12.386	1	1	1239	7	1	28	9422	0	0	100
12.387	1	1	1239	8	1	28	9422	0	0	100
12.388	1	1	1239	9	1	28	9422	0	0	100
12.586	1	1	1259	7	1	28	9422	0	0	100
12.587	1	1	1259	8	1	28	9422	0	0	100
12.588	1	1	1259	9	1	28	9422	0	0	100
12.589	1	1	1259	10	1	28	9422	0	0	100
12.59	1	1	1260	1	1	28	9422	0	0	100
12.603	1	1	1261	4	1	28	9422	0	0	100
12.604	1	1	1261	5	1	28	9422	0	0	100
12.605	1	1	1261	6	1	28	9422	0	0	100
12.803	1	1	1281	4	1	28	9422	0	0	100
12.804	1	1	1281	5	1	28	9422	0	0	100
12.805	1	1	1281	6	1	28	9422	0	0	100
12.806	1	1	1281	7	1	28	9422	0	0	100
12.807	1	1	1281	8	1	28	9422	0	0	100
12.82	1	1	1283	1	1	28	9422	0	0	100
12.821	1	1	1283	2	1	28	9422	0	0	100
12.822	1	1	1283	3	1	28	9422	0	0	100
13.02	1	1	1303	1	1	28	9422	0	0	100
13.021	1	1	1303	2	1	28	9422	0	0	100
13.022	1	1	1303	3	1	28	9422	0	0	100
13.023	1	1	1303	4	1	28	9422	0	0	100
13.024	1	1	1303	5	1	28	9422	0	0	100
13.037	1	1	1304	8	1	28	9422	0	0	100
13.038	1	1	1304	9	1	28	9422	0	0	100
13.039	1	1	1304	10	1	28	9422	0	0	100
13.237	1	1	1324	8	1	28	9422	0	0	100
13.238	1	1	1324	9	1	28	9422	0	0	100
13.239	1	1	1324	10	1	28	9422	0	0	100
13.24	1	1	1325	1	1	28	9422	0	0	100
13.241	1	1	1325	2	1	28	9422	0	0	100
13.254	1	1	1326	5	1	28	9422	0	0	100
13.255	1	1	1326	6	1	28	9422	0	0	100
13.256	1	1	1326	7	1	28	9422	0	0	100
13.454	1	1	1346	5	1	28	9422	0	0	100
13.455	1	1	1346	6	1	28	9422	0	0	100
13.456	1	1	1346	7	1	28	9422	0	0	100
13.457	1	1	1346	8	1	28	9422	0	0	100
13.458	1	1	1346	9	1	28	9422	0	0	100
13.471	1	1	1348	2	1	28	9422	0	0	100
13.472	1	1	1348	3	1	28	9422	0	0	100
13.473	1	1	1348	4	1	28	9422	0	0	100
13.671	1	1	1368	2	1	28	9422	0	0	100
13.672	1	1	1368	3	1	28	9422	0	0	100
13.673	1	1	1368	4	1	28	9422	0	0	100
13.674	1	1	1368	5	1	28	9422	0	0	100
13.675	1	1	1368	6	1	28	9422	0	0	100
13.688	1	1	1369	9	1	28	9422	0	0	100
13.689	1	1	1369	10	1	28	9422	0	0	100
13.69	1	1	1370	1	1	28	9422	0	0	100
13.888	1	1	1389	9	1	28	9422	0	0	100
13.889	1	1	1389	10	1	28	9422	0	0	100
13.89	1	1	1390	1	1	28	9422	0	0	100
13.891	1	1	1390	2	1	28	9422	0	0	100
13.892	1	1	1390	3	1	28	9422	0	0	100
13.905	1	1	1391	6	1	28	9422	0	0	100
13.906	1	1	1391	7	1	28	9422	0	0	100
13.907	1	1	1391	8	1	28	9422	0	0	100
14.105	1	1	1411	6	1	28	9422	0	0	100
14.106	1	1	1411	7	1	28	9422	0	0	100
14.107	1	1	1411	8	1	28	9422	0	0	100
14.108	1	1	1411	9	1	28	9422	0	0	100
14.109	1	1	1411	10	1	28	9422	0	0	100
14.122	1	1	1413	3	1	28	9422	0	0	100
14.123	1	1	1413	4	1	28	9422	0	0	100
14.124	1	1	1413	5	1	28	9422	0	0	100
14.322	1	1	1433	3	1	28	9422	0	0	100
14.323	1	1	1433	4	1	28	9422	0	0	100
14.324	1	1	1433	5	1	28	9422	0	0	100
14.325	1	1	1433	6	1	28	9422	0	0	100
14.326	1	1	1433	7	1	28	9422	0	0	100
14.339	1	1	1434	10	1	28	9422	0	0	100
14.34	1	1	1435	1	1	28	9422	0	0	100
14.341	1	1	1435	2	1	28	9422	0	0	100
14.539	1	1	1454	10	1	28	9422	0	0	100
14.54	1	1	1455	1	1	28	9422	0	0	100
14.541	1	1	1455	2	1	28	9422	0	0	100
14.542	1	1	1455	3	1	28	9422	0	0	100
14.543	1	1	1455	4	1	28	9422	0	0	100
14.556	1	1	1456	7	1	28	9422	0	0	100
14.557	1	1	1456	8	1	28	9422	0	0	100
14.558	1	1	1456	9	1	28	9422	0	0	100
14.756	1	1	1476	7	1	28	9422	0	0	100
14.757	1	1	1476	8	1	28	9422	0	0	100
14.758	1	1	1476	9	1	28	9422	0	0	100
14.759	1	1	1476	10	1	28	9422	0	0	100
14.76	1	1	1477	1	1	28	9422	0	0	100
14.773	1	1	1478	4	1	28	9422	0	0	100
14.774	1	1	1478	5	1	28	9422	0	0	100
14.775	1	1	1478	6	1	28	9422	0	0	100
14.973	1	1	1498	4	1	28	9422	0	0	100
14.974	1	1	1498	5	1	28	9422	0	0	100
14.975	1	1	1498	6	1	28	9422	0	0	100
14.976	1	1	1498	7	1	28	9422	0	0	100
14.977	1	1	1498	8	1	28	9422	0	0	100
14.99	1	1	1500	1	1	28	9422	0	0	100
14.991	1	1	1500	2	1	28	9422	0	0	100
14.992	1	1	1500	3	1	28	9422	0	0	100
15.19	1	1	1520	1	1	28	9422	0	0	100
15.191	1	1	1520	2	1	28	9422	0	0	100
15.192	1	1	1520	3	1	28	9422	0	0	100
15.193	1	1	1520	4	1	28	9422	0	0	100
15.194	1	1	1520	5	1	28	9422	0	0	100
15.207	1	1	1521	8	1	28	9422	0	0	100
15.208	1	1	1521	9	1	28	9422	0	0	100
15.209	1	1	1521	10	1	28	9422	0	0	100
15.407	1	1	1541	8	1	28	9422	0	0	100
15.408	1	1	1541	9	1	28	9422	0	0	100
15.409	1	1	1541	10	1	28	9422	0	0	100
15.41	1	1	1542	1	1	28	9422	0	0	100
15.411	1	1	1542	2	1	28	9422	0	0	100
15.424	1	1	1543	5	1	28	9422	0	0	100
15.425	1	1	1543	6	1	28	9422	0	0	100
15.426	1	1	1543	7	1	28	9422	0	0	100
15.624	1	1	1563	5	1	28	9422	0	0	100
15.625	1	1	1563	6	1	28	9422	0	0	100
15.626	1	1	1563	7	1	28	9422	0	0	100
15.627	1	1	1563	8	1	28	9422	0	0	100
15.628	1	1	1563	9	1	28	9422	0	0	100
15.641	1	1	1565	2	1	28	9422	0	0	100
15.642	1	1	1565	3	1	28	9422	0	0	100
15.643	1	1	1565	4	1	28	9422	0	0	100
15.841	1	1	1585	2	1	28	9422	0	0	100
15.842	1	1	1585	3	1	28	9422	0	0	100
15.843	1	1	1585	4	1	28	9422	0	0	100
15.844	1	1	1585	5	1	28	9422	0	0	100
15.845	1	1	1585	6	1	28	9422	0	0	100
15.858	1	1	1586	9	1	28	9422	0	0	100
15.859	1	1	1586	10	1	28	9422	0	0	100
15.86	1	1	1587	1	1	28	9422	0	0	100
16.058	1	1	1606	9	1	28	9422	0	0	100
16.059	1	1	1606	10	1	28	9422	0	0	100
16.06	1	1	1607	1	1	28	9422	0	0	100
16.061	1	1	1607	2	1	28	9422	0	0	100
16.062	1	1	1607	3	1	28	9422	0	0	100
16.075	1	1	1608	6	1	28	9422	0	0	100
16.076	1	1	1608	7	1	28	9422	0	0	100
16.077	1	1	1608	8	1	28	9422	0	0	100
16.275	1	1	1628	6	1	28	9422	0	0	100
16.276	1	1	1628	7	1	28	9422	0	0	100
16.277	1	1	1628	8	1	28	9422	0	0	100
16.278	1	1	1628	9	1	28	9422	0	0	100
16.279	1	1	1628	10	1	28	9422	0	0	100
16.292	1	1	1630	3	1	28	9422	0	0	100
16.293	1	1	1630	4	1	28	9422	0	0	100
16.294	1	1	1630	5	1	28	9422	0	0	100
16.492	1	1	1650	3	1	28	9422	0	0	100
16.493	1	1	1650	4	1	28	9422	0	0	100
16.494	1	1	1650	5	1	28	9422	0	0	100
16.495	1	1	1650	6	1	28	9422	0	0	100
16.496	1	1	1650	7	1	28	9422	0	0	100
16.509	1	1	1651	10	1	28	9422	0	0	100
16.51	1	1	1652	1	1	28	9422	0	0	100
16.511	1	1	1652	2	1	28	9422	0	0	100
16.709	1	1	1671	10	1	28	9422	0	0	100
16.71	1	1	1672	1	1	28	9422	0	0	100
16.711	1	1	1672	2	1	28	9422	0	0	100
16.712	1	1	1672	3	1	28	9422	0	0	100
16.713	1	1	1672	4	1	28	9422	0	0	100
16.726	1	1	1673	7	1	28	9422	0	0	100
16.727	1	1	1673	8	1	28	9422	0	0	100
16.728	1	1	1673	9	1	28	9422	0	0	100
16.926	1	1	1693	7	1	28	9422	0	0	100
16.927	1	1	1693	8	1	28	9422	0	0	100
16.928	1	1	1693	9	1	28	9422	0	0	100
16.929	1	1	1693	10	1	28	9422	0	0	100
16.93	1	1	1694	1	1	28	9422	0	0	100
16.943	1	1	1695	4	1	28	9422	0	0	100
16.944	1	1	1695	5	1	28	9422	0	0	100
16.945	1	1	1695	6	1	28	9422	0	0	100
17.143	1	1	1715	4	1	28	9422	0	0	100
17.144	1	1	1715	5	1	28	9422	0	0	100
17.145	1	1	1715	6	1	28	9422	0	0	100
17.146	1	1	1715	7	1	28	9422	0	0	100
17.147	1	1	1715	8	1	28	9422	0	0	100
17.16	1	1	1717	1	1	28	9422	0	0	100
17.161	1	1	1717	2	1	28	9422	0	0	100
17.162	1	1	1717	3	1	28	9422	0	0	100
17.36	1	1	1737	1	1	28	9422	0	0	100
17.361	1	1	1737	2	1	28	9422	0	0	100
17.362	1	1	1737	3	1	28	9422	0	0	100
17.363	1	1	1737	4	1	28	9422	0	0	100
17.364	1	1	1737	5	1	28	9422	0	0	100
17.377	1	1	1738	8	1	28	9422	0	0	100
17.378	1	1	1738	9	1	28	9422	0	0	100
17.379	1	1	1738	10	1	28	9422	0	0	100
17.577	1	1	1758	8	1	28	9422	0	0	100
17.578	1	1	1758	9	1	28	9422	0	0	100
17.579	1	1	1758	10	1	28	9422	0	0	100
17.58	1	1	1759	1	1	28	9422	0	0	100
17.581	1	1	1759	2	1	28	9422	0	0	100
17.594	1	1	1760	5	1	28	9422	0	0	100
17.595	1	1	1760	6	1	28	9422	0	0	100
17.596	1	1	1760	7	1	28	9422	0	0	100
17.794	1	1	1780	5	1	28	9422	0	0	100
17.795	1	1	1780	6	1	28	9422	0	0	100
17.796	1	1	1780	7	1	28	9422	0	0	100
17.797	1	1	1780	8	1	28	9422	0	0	100
17.798	1	1	1780	9	1	28	9422	0	0	100
17.811	1	1	1782	2	1	28	9422	0	0	100
17.812	1	1	1782	3	1	28	9422	0	0	100
17.813	1	1	1782	4	1	28	9422	0	0	100
18.011	1	1	1802	2	1	28	9422	0	0	100
18.012	1	1	1802	3	1	28	9422	0	0	100
18.013	1	1	1802	4	1	28	9422	0	0	100
18.014	1	1	1802	5	1	28	9422	0	0	100
18.015	1	1	1802	6	1	28	9422	0	0	100
18.028	1	1	1803	9	1	28	9422	0	0	100
18.029	1	1	1803	10	1	28	9422	0	0	100
18.03	1	1	1804	1	1	28	9422	0	0	100
18.228	1	1	1823	9	1	28	9422	0	0	100
18.229	1	1	1823	10	1	28	9422	0	0	100
18.23	1	1	1824	1	1	28	9422	0	0	100
18.231	1	1	1824	2	1	28	9422	0	0	100
18.232	1	1	1824	3	1	28	9422	0	0	100
18.245	1	1	1825	6	1	28	9422	0	0	100
18.246	1	1	1825	7	1	28	9422	0	0	100
18.247	1	1	1825	8	1	28	9422	0	0	100
18.445	1	1	1845	6	1	28	9422	0	0	100
18.446	1	1	1845	7	1	28	9422	0	0	100
18.447	1	1	1845	8	1	28	9422	0	0	100
18.448	1	1	1845	9	1	28	9422	0	0	100
18.449	1	1	1845	10	1	28	9422	0	0	100
18.462	1	1	1847	3	1	28	9422	0	0	100
18.463	1	1	1847	4	1	28	9422	0	0	100
18.464	1	1	1847	5	1	28	9422	0	0	100
18.662	1	1	1867	3	1	28	9422	0	0	100
18.663	1	1	1867	4	1	28	9422	0	0	100
18.664	1	1	1867	5	1	28	9422	0	0	100
18.665	1	1	1867	6	1	28	9422	0	0	100
18.666	1	1	1867	7	1	28	9422	0	0	100
18.679	1	1	1868	10	1	28	9422	0	0	100
18.68	1	1	1869	1	1	28	9422	0	0	100
18.681	1	1	1869	2	1	28	9422	0	0	100
18.879	1	1	1888	10	1	28	9422	0	0	100
18.88	1	1	1889	1	1	28	9422	0	0	100
18.881	1	1	1889	2	1	28	9422	0	0	100
18.882	1	1	1889	3	1	28	9422	0	0	100
18.883	1	1	1889	4	1	28	9422	0	0	100
18.896	1	1	1890	7	1	28	9422	0	0	100
18.897	1	1	1890	8	1	28	9422	0	0	100
18.898	1	1	1890	9	1	28	9422	0	0	100
19.096	1	1	1910	7	1	28	9422	0	0	100
19.097	1	1	1910	8	1	28	9422	0	0	100
19.098	1	1	1910	9	1	28	9422	0	0	100
19.099	1	1	1910	10	1	28	9422	0	0	100
19.1	1	1	1911	1	1	28	9422	0	0	100
19.113	1	1	1912	4	1	28	9422	0	0	100
19.114	1	1	1912	5	1	28	9422	0	0	100
19.115	1	1	1912	6	1	28	9422	0	0	100
19.313	1	1	1932	4	1	28	9422	0	0	100
19.314	1	1	1932	5	1	28	9422	0	0	100
19.315	1	1	1932	6	1	28	9422	0	0	100
19.316	1	1	1932	7	1	28	9422	0	0	100
19.317	1	1	1932	8	1	28	9422	0	0	100
19.33	1	1	1934	1	1	28	9422	0	0	100
19.331	1	1	1934	2	1	28	9422	0	0	100
19.332	1	1	1934	3	1	28	9422	0	0	100
19.53	1	1	1954	1	1	28	9422	0	0	100
19.531	1	1	1954	2	1	28	9422	0	0	100
19.532	1	1	1954	3	1	28	9422	0	0	100
19.533	1	1	1954	4	1	28	9422	0	0	100
19.534	1	1	1954	5	1	28	9422	0	0	100
19.547	1	1	1955	8	1	28	9422	0	0	100
19.548	1	1	1955	9	1	28	9422	0	0	100
19.549	1	1	1955	10	1	28	9422	0	0	100
19.747	1	1	1975	8	1	28	9422	0	0	100
19.748	1	1	1975	9	1	28	9422	0	0	100
19.749	1	1	1975	10	1	28	9422	0	0	100
19.75	1	1	1976	1	1	28	9422	0	0	100
19.751	1	1	1976	2	1	28	9422	0	0	100
19.764	1	1	1977	5	1	28	9422	0	0	100
19.765	1	1	1977	6	1	28	9422	0	0	100
19.766	1	1	1977	7	1	28	9422	0	0	100
19.964	1	1	1997	5	1	28	9422	0	0	100
19.965	1	1	1997	6	1	28	9422	0	0	100
19.966	1	1	1997	7	1	28	9422	0	0	100
19.967	1	1	1997	8	1	28	9422	0	0	100
19.968	1	1	1997	9	1	28	9422	0	0	100
19.981	1	1	1999	2	1	28	9422	0	0	100
19.982	1	1	1999	3	1	28	9422	0	0	100
19.983	1	1	1999	4	1	28	9422	0	0	100
20.181	1	1	2019	2	1	28	9422	0	0	100
20.182	1	1	2019	3	1	28	9422	0	0	100
20.183	1	1	2019	4	1	28	9422	0	0	100
20.184	1	1	2019	5	1	28	9422	0	0	100
20.185	1	1	2019	6	1	28	9422	0	0	100
20.198	1	1	2020	9	1	28	9422	0	0	100
20.199	1	1	2020	10	1	28	9422	0	0	100
20.2	1	1	2021	1	1	28	9422	0	0	100
20.398	1	1	2040	9	1	28	9422	0	0	100
20.399	1	1	2040	10	1	28	9422	0	0	100
20.4	1	1	2041	1	1	28	9422	0	0	100
20.401	1	1	2041	2	1	28	9422	0	0	100
20.402	1	1	2041	3	1	28	9422	0	0	100
20.415	1	1	2042	6	1	28	9422	0	0	100
20.416	1	1	2042	7	1	28	9422	0	0	100
20.417	1	1	2042	8	1	28	9422	0	0	100
20.615	1	1	2062	6	1	28	9422	0	0	100
20.616	1	1	2062	7	1	28	9422	0	0	100
20.617	1	1	2062	8	1	28	9422	0	0	100
20.618	1	1	2062	9	1	28	9422	0	0	100
20.619	1	1	2062	10	1	28	9422	0	0	100
20.632	1	1	2064	3	1	28	9422	0	0	100
20.633	1	1	2064	4	1	28	9422	0	0	100
20.634	1	1	2064	5	1	28	9422	0	0	100
20.832	1	1	2084	3	1	28	9422	0	0	100
20.833	1	1	2084	4	1	28	9422	0	0	100
20.834	1	1	2084	5	1	28	9422	0	0	100
20.835	1	1	2084	6	1	28	9422	0	0	100
20.836	1	1	2084	7	1	28	9422	0	0	100
20.849	1	1	2085	10	1	28	9422	0	0	100
20.85	1	1	2086	1	1	28	9422	0	0	100
20.851	1	1	2086	2	1	28	9422	0	0	100
21.049	1	1	2105	10	1	28	9422	0	0	100
21.05	1	1	2106	1	1	28	9422	0	0	100
21.051	1	1	2106	2	1	28	9422	0	0	100
21.052	1	1	2106	3	1	28	9422	0	0	100
21.053	1	1	2106	4	1	28	9422	0	0	100
21.066	1	1	2107	7	1	28	9422	0	0	100
21.067	1	1	2107	8	1	28	9422	0	0	100
21.068	1	1	2107	9	1	28	9422	0	0	100
21.266	1	1	2127	7	1	28	9422	0	0	100
21.267	1	1	2127	8	1	28	9422	0	0	100
21.268	1	1	2127	9	1	28	9422	0	0	100
21.269	1	1	2127	10	1	28	9422	0	0	100
21.27	1	1	2128	1	1	28	9422	0	0	100
21.283	1	1	2129	4	1	28	9422	0	0	100
21.284	1	1	2129	5	1	28	9422	0	0	100
21.285	1	1	2129	6	1	28	9422	0	0	100
21.483	1	1	2149	4	1	28	9422	0	0	100
21.484	1	1	2149	5	1	28	9422	0	0	100
21.485	1	1	2149	6	1	28	9422	0	0	100
21.486	1	1	2149	7	1	28	9422	0	0	100
21.487	1	1	2149	8	1	28	9422	0	0	100
21.5	1	1	2151	1	1	28	9422	0	0	100
21.501	1	1	2151	2	1	28	9422	0	0	100
21.502	1	1	2151	3	1	28	9422	0	0	100
21.7	1	1	2171	1	1	28	9422	0	0	100
21.701	1	1	2171	2	1	28	9422	0	0	100
21.702	1	1	2171	3	1	28	9422	0	0	100
21.703	1	1	2171	4	1	28	9422	0	0	100
21.704	1	1	2171	5	1	28	9422	0	0	100
21.717	1	1	2172	8	1	28	9422	0	0	100
21.718	1	1	2172	9	1	28	9422	0	0	100
21.719	1	1	2172	10	1	28	9422	0	0	100
21.917	1	1	2192	8	1	28	9422	0	0	100
21.918	1	1	2192	9	1	28	9422	0	0	100
21.919	1	1	2192	10	1	28	9422	0	0	100
21.92	1	1	2193	1	1	28	9422	0	0	100
21.921	1	1	2193	2	1	28	9422	0	0	100
21.934	1	1	2194	5	1	28	9422	0	0	100
21.935	1	1	2194	6	1	28	9422	0	0	100
21.936	1	1	2194	7	1	28	9422	0	0	100
22.134	1	1	2214	5	1	28	9422	0	0	100
22.135	1	1	2214	6	1	28	9422	0	0	100
22.136	1	1	2214	7	1	28	9422	0	0	100
22.137	1	1	2214	8	1	28	9422	0	0	100
22.138	1	1	2214	9	1	28	9422	0	0	100
22.151	1	1	2216	2	1	28	9422	0	0	100
22.152	1	1	2216	3	1	28	9422	0	0	100
22.153	1	1	2216	4	1	28	9422	0	0	100
22.351	1	1	2236	2	1	28	9422	0	0	100
22.352	1	1	2236	3	1	28	9422	0	0	100
22.353	1	1	2236	4	1	28	9422	0	0	100
22.354	1	1	2236	5	1	28	9422	0	0	100
22.355	1	1	2236	6	1	28	9422	0	0	100
22.368	1	1	2237	9	1	28	9422	0	0	100
22.369	1	1	2237	10	1	28	9422	0	0	100
22.37	1	1	2238	1	1	28	9422	0	0	100
22.568	1	1	2257	9	1	28	9422	0	0	100
22.569	1	1	2257	10	1	28	9422	0	0	100
22.57	1	1	2258	1	1	28	9422	0	0	100
22.571	1	1	2258	2	1	28	9422	0	0	100
22.572	1	1	2258	3	1	28	9422	0	0	100
22.585	1	1	2259	6	1	28	9422	0	0	100
22.586	1	1	2259	7	1	28	9422	0	0	100
22.587	1	1	2259	8	1	28	9422	0	0	100
22.785	1	1	2279	6	1	28	9422	0	0	100
22.786	1	1	2279	7	1	28	9422	0	0	100
22.787	1	1	2279	8	1	28	9422	0	0	100
22.788	1	1	2279	9	1	28	9422	0	0	100
22.789	1	1	2279	10	1	28	9422	0	0	100
22.802	1	1	2281	3	1	28	9422	0	0	100
22.803	1	1	2281	4	1	28	9422	0	0	100
22.804	1	1	2281	5	1	28	9422	0	0	100
23.002	1	1	2301	3	1	28	9422	0	0	100
23.003	1	1	2301	4	1	28	9422	0	0	100
23.004	1	1	2301	5	1	28	9422	0	0	100
23.005	1	1	2301	6	1	28	9422	0	0	100
23.006	1	1	2301	7	1	28	9422	0	0	100
23.019	1	1	2302	10	1	28	9422	0	0	100
23.02	1	1	2303	1	1	28	9422	0	0	100
23.021	1	1	2303	2	1	28	9422	0	0	100
23.219	1	1	2322	10	1	28	9422	0	0	100
23.22	1	1	2323	1	1	28	9422	0	0	100
23.221	1	1	2323	2	1	28	9422	0	0	100
23.222	1	1	2323	3	1	28	9422	0	0	100
23.223	1	1	2323	4	1	28	9422	0	0	100
23.236	1	1	2324	7	1	28	9422	0	0	100
23.237	1	1	2324	8	1	28	9422	0	0	100
23.238	1	1	2324	9	1	28	9422	0	0	100
23.436	1	1	2344	7	1	28	9422	0	0	100
23.437	1	1	2344	8	1	28	9422	0	0	100
23.438	1	1	2344	9	1	28	9422	0	0	100
23.439	1	1	2344	10	1	28	9422	0	0	100
23.44	1	1	2345	1	1	28	9422	0	0	100
23.453	1	1	2346	4	1	28	9422	0	0	100
23.454	1	1	2346	5	1	28	9422	0	0	100
23.455	1	1	2346	6	1	28	9422	0	0	100
23.653	1	1	2366	4	1	28	9422	0	0	100
23.654	1	1	2366	5	1	28	9422	0	0	100
23.655	1	1	2366	6	1	28	9422	0	0	100
23.656	1	1	2366	7	1	28	9422	0	0	100
23.657	1	1	2366	8	1	28	9422	0	0	100
23.67	1	1	2368	1	1	28	9422	0	0	100
23.671	1	1	2368	2	1	28	9422	0	0	100
23.672	1	1	2368	3	1	28	9422	0	0	100
23.87	1	1	2388	1	1	28	9422	0	0	100
23.871	1	1	2388	2	1	28	9422	0	0	100
23.872	1	1	2388	3	1	28	9422	0	0	100
23.873	1	1	2388	4	1	28	9422	0	0	100
23.874	1	1	2388	5	1	28	9422	0	0	100
23.887	1	1	2389	8	1	28	9422	0	0	100
23.888	1	1	2389	9	1	28	9422	0	0	100
23.889	1	1	2389	10	1	28	9422	0	0	100
24.087	1	1	2409	8	1	28	9422	0	0	100
24.088	1	1	2409	9	1	28	9422	0	0	100
24.089	1	1	2409	10	1	28	9422	0	0	100
24.09	1	1	2410	1	1	28	9422	0	0	100
24.091	1	1	2410	2	1	28	9422	0	0	100
24.104	1	1	2411	5	1	28	9422	0	0	100
24.105	1	1	2411	6	1	28	9422	0	0	100
24.106	1	1	2411	7	1	28	9422	0	0	100
24.304	1	1	2431	5	1	28	9422	0	0	100
24.305	1	1	2431	6	1	28	9422	0	0	100
24.306	1	1	2431	7	1	28	9422	0	0	100
24.307	1	1	2431	8	1	28	9422	0	0	100
24.308	1	1	2431	9	1	28	9422	0	0	100
24.321	1	1	2433	2	1	28	9422	0	0	100
24.322	1	1	2433	3	1	28	9422	0	0	100
24.323	1	1	2433	4	1	28	9422	0	0	100
24.521	1	1	2453	2	1	28	9422	0	0	100
24.522	1	1	2453	3	1	28	9422	0	0	100
24.523	1	1	2453	4	1	28	9422	0	0	100
24.524	1	1	2453	5	1	28	9422	0	0	100
24.525	1	1	2453	6	1	28	9422	0	0	100
24.538	1	1	2454	9	1	28	9422	0	0	100
24.539	1	1	2454	10	1	28	9422	0	0	100
24.54	1	1	2455	1	1	28	9422	0	0	100
24.738	1	1	2474	9	1	28	9422	0	0	100
24.739	1	1	2474	10	1	28	9422	0	0	100
24.74	1	1	2475	1	1	28	9422	0	0	100
24.741	1	1	2475	2	1	28	9422	0	0	100
24.742	1	1	2475	3	1	28	9422	0	0	100
24.755	1	1	2476	6	1	28	9422	0	0	100
24.756	1	1	2476	7	1	28	9422	0	0	100
24.757	1	1	2476	8	1	28	9422	0	0	100
24.955	1	1	2496	6	1	28	9422	0	0	100
24.956	1	1	2496	7	1	28	9422	0	0	100
24.957	1	1	2496	8	1	28	9422	0	0	100
24.958	1	1	2496	9	1	28	9422	0	0	100
24.959	1	1	2496	10	1	28	9422	0	0	100
24.972	1	1	2498	3	1	28	9422	0	0	100
24.973	1	1	2498	4	1	28	9422	0	0	100
24.974	1	1	2498	5	1	28	9422	0	0	100
25.172	1	1	2518	3	1	28	9422	0	0	100
25.173	1	1	2518	4	1	28	9422	0	0	100
25.174	1	1	2518	5	1	28	9422	0	0	100
25.175	1	1	2518	6	1	28	9422	0	0	100
25.176	1	1	2518	7	1	28	9422	0	0	100
25.189	1	1	2519	10	1	28	9422	0	0	100
25.19	1	1	2520	1	1	28	9422	0	0	100
25.191	1	1	2520	2	1	28	9422	0	0	100
25.389	1	1	2539	10	1	28	9422	0	0	100
25.39	1	1	2540	1	1	28	9422	0	0	100
25.391	1	1	2540	2	1	28	9422	0	0	100
25.392	1	1	2540	3	1	28	9422	0	0	100
25.393	1	1	2540	4	1	28	9422	0	0	100
25.406	1	1	2541	7	1	28	9422	0	0	100
25.407	1	1	2541	8	1	28	9422	0	0	100
25.408	1	1	2541	9	1	28	9422	0	0	100
25.606	1	1	2561	7	1	28	9422	0	0	100
25.607	1	1	2561	8	1	28	9422	0	0	100
25.608	1	1	2561	9	1	28	9422	0	0	100
25.609	1	1	2561	10	1	28	9422	0	0	100
25.61	1	1	2562	1	1	28	9422	0	0	100
25.623	1	1	2563	4	1	28	9422	0	0	100
25.624	1	1	2563	5	1	28	9422	0	0	100
25.625	1	1	2563	6	1	28	9422	0	0	100
25.823	1	1	2583	4	1	28	9422	0	0	100
25.824	1	1	2583	5	1	28	9422	0	0	100
25.825	1	1	2583	6	1	28	9422	0	0	100
25.826	1	1	2583	7	1	28	9422	0	0	100
25.827	1	1	2583	8	1	28	9422	0	0	100
25.84	1	1	2585	1	1	28	9422	0	0	100
25.841	1	1	2585	2	1	28	9422	0	0	100
25.842	1	1	2585	3	1	28	9422	0	0	100
26.04	1	1	2605	1	1	28	9422	0	0	100
26.041	1	1	2605	2	1	28	9422	0	0	100
26.042	1	1	2605	3	1	28	9422	0	0	100
26.043	1	1	2605	4	1	28	9422	0	0	100
26.044	1	1	2605	5	1	28	9422	0	0	100
26.057	1	1	2606	8	1	28	9422	0	0	100
26.058	1	1	2606	9	1	28	9422	0	0	100
26.059	1	1	2606	10	1	28	9422	0	0	100
26.257	1	1	2626	8	1	28	9422	0	0	100
26.258	1	1	2626	9	1	28	9422	0	0	100
26.259	1	1	2626	10	1	28	9422	0	0	100
26.26	1	1	2627	1	1	28	9422	0	0	100
26.261	1	1	2627	2	1	28	9422	0	0	100
26.274	1	1	2628	5	1	28	9422	0	0	100
26.275	1	1	2628	6	1	28	9422	0	0	100
26.276	1	1	2628	7	1	28	9422	0	0	100
26.474	1	1	2648	5	1	28	9422	0	0	100
26.475	1	1	2648	6	1	28	9422	0	0	100
26.476	1	1	2648	7	1	28	9422	0	0	100
26.477	1	1	2648	8	1	28	9422	0	0	100
26.478	1	1	2648	9	1	28	9422	0	0	100
26.491	1	1	2650	2	1	28	9422	0	0	100
26.492	1	1	2650	3	1	28	9422	0	0	100
26.493	1	1	2650	4	1	28	9422	0	0	100
26.691	1	1	2670	2	1	28	9422	0	0	100
26.692	1	1	2670	3	1	28	9422	0	0	100
26.693	1	1	2670	4	1	28	9422	0	0	100
26.694	1	1	2670	5	1	28	9422	0	0	100
26.695	1	1	2670	6	1	28	9422	0	0	100
26.708	1	1	2671	9	1	28	9422	0	0	100
26.709	1	1	2671	10	1	28	9422	0	0	100
26.71	1	1	2672	1	1	28	9422	0	0	100
26.908	1	1	2691	9	1	28	9422	0	0	100
26.909	1	1	2691	10	1	28	9422	0	0	100
26.91	1	1	2692	1	1	28	9422	0	0	100
26.911	1	1	2692	2	1	28	9422	0	0	100
26.912	1	1	2692	3	1	28	9422	0	0	100
26.925	1	1	2693	6	1	28	9422	0	0	100
26.926	1	1	2693	7	1	28	9422	0	0	100
26.927	1	1	2693	8	1	28	9422	0	0	100
27.125	1	1	2713	6	1	28	9422	0	0	100
27.126	1	1	2713	7	1	28	9422	0	0	100
27.127	1	1	2713	8	1	28	9422	0	0	100
27.128	1	1	2713	9	1	28	9422	0	0	100
27.129	1	1	2713	10	1	28	9422	0	0	100
27.142	1	1	2715	3	1	28	9422	0	0	100
27.143	1	1	2715	4	1	28	9422	0	0	100
27.144	1	1	2715	5	1	28	9422	0	0	100
27.342	1	1	2735	3	1	28	9422	0	0	100
27.343	1	1	2735	4	1	28	9422	0	0	100
27.344	1	1	2735	5	1	28	9422	0	0	100
27.345	1	1	2735	6	1	28	9422	0	0	100
27.346	1	1	2735	7	1	28	9422	0	0	100
27.359	1	1	2736	10	1	28	9422	0	0	100
27.36	1	1	2737	1	1	28	9422	0	0	100
27.361	1	1	2737	2	1	28	9422	0	0	100
27.559	1	1	2756	10	1	28	9422	0	0	100
27.56	1	1	2757	1	1	28	9422	0	0	100
27.561	1	1	2757	2	1	28	9422	0	0	100
27.562	1	1	2757	3	1	28	9422	0	0	100
27.563	1	1	2757	4	1	28	9422	0	0	100
27.576	1	1	2758	7	1	28	9422	0	0	100
27.577	1	1	2758	8	1	28	9422	0	0	100
27.578	1	1	2758	9	1	28	9422	0	0	100
27.776	1	1	2778	7	1	28	9422	0	0	100
27.777	1	1	2778	8	1	28	9422	0	0	100
27.778	1	1	2778	9	1	28	9422	0	0	100
27.779	1	1	2778	10	1	28	9422	0	0	100
27.78	1	1	2779	1	1	28	9422	0	0	100
27.793	1	1	2780	4	1	28	9422	0	0	100
27.794	1	1	2780	5	1	28	9422	0	0	100
27.795	1	1	2780	6	1	28	9422	0	0	100
27.993	1	1	2800	4	1	28	9422	0	0	100
27.994	1	1	2800	5	1	28	9422	0	0	100
27.995	1	1	2800	6	1	28	9422	0	0	100
27.996	1	1	2800	7	1	28	9422	0	0	100
27.997	1	1	2800	8	1	28	9422	0	0	100
28.01	1	1	2802	1	1	28	9422	0	0	100
28.011	1	1	2802	2	1	28	9422	0	0	100
28.012	1	1	2802	3	1	28	9422	0	0	100
28.21	1	1	2822	1	1	28	9422	0	0	100
28.211	1	1	2822	2	1	28	9422	0	0	100
28.212	1	1	2822	3	1	28	9422	0	0	100
28.213	1	1	2822	4	1	28	9422	0	0	100
28.214	1	1	2822	5	1	28	9422	0	0	100
28.227	1	1	2823	8	1	28	9422	0	0	100
28.228	1	1	2823	9	1	28	9422	0	0	100
28.229	1	1	2823	10	1	28	9422	0	0	100
28.427	1	1	2843	8	1	28	9422	0	0	100
28.428	1	1	2843	9	1	28	9422	0	0	100
28.429	1	1	2843	10	1	28	9422	0	0	100
28.43	1	1	2844	1	1	28	9422	0	0	100
28.431	1	1	2844	2	1	28	9422	0	0	100
28.444	1	1	2845	5	1	28	9422	0	0	100
28.445	1	1	2845	6	1	28	9422	0	0	100
28.446	1	1	2845	7	1	28	9422	0	0	100
28.644	1	1	2865	5	1	28	9422	0	0	100
28.645	1	1	2865	6	1	28	9422	0	0	100
28.646	1	1	2865	7	1	28	9422	0	0	100
28.647	1	1	2865	8	1	28	9422	0	0	100
28.648	1	1	2865	9	1	28	9422	0	0	100
28.661	1	1	2867	2	1	28	9422	0	0	100
28.662	1	1	2867	3	1	28	9422	0	0	100
28.663	1	1	2867	4	1	28	9422	0	0	100
28.861	1	1	2887	2	1	28	9422	0	0	100
28.862	1	1	2887	3	1	28	9422	0	0	100
28.863	1	1	2887	4	1	28	9422	0	0	100
28.864	1	1	2887	5	1	28	9422	0	0	100
28.865	1	1	2887	6	1	28	9422	0	0	100
28.878	1	1	2888	9	1	28	9422	0	0	100
28.879	1	1	2888	10	1	28	9422	0	0	100
28.88	1	1	2889	1	1	28	9422	0	0	100
29.078	1	1	2908	9	1	28	9422	0	0	100
29.079	1	1	2908	10	1	28	9422	0	0	100
29.08	1	1	2909	1	1	28	9422	0	0	100
29.081	1	1	2909	2	1	28	9422	0	0	100
29.082	1	1	2909	3	1	28	9422	0	0	100
29.095	1	1	2910	6	1	28	9422	0	0	100
29.096	1	1	2910	7	1	28	9422	0	0	100
29.097	1	1	2910	8	1	28	9422	0	0	100
29.295	1	1	2930	6	1	28	9422	0	0	100
29.296	1	1	2930	7	1	28	9422	0	0	100
29.297	1	1	2930	8	1	28	9422	0	0	100
29.298	1	1	2930	9	1	28	9422	0	0	100
29.299	1	1	2930	10	1	28	9422	0	0	100
29.312	1	1	2932	3	1	28	9422	0	0	100
29.313	1	1	2932	4	1	28	9422	0	0	100
29.314	1	1	2932	5	1	28	9422	0	0	100
29.512	1	1	2952	3	1	28	9422	0	0	100
29.513	1	1	2952	4	1	28	9422	0	0	100
29.514	1	1	2952	5	1	28	9422	0	0	100
29.515	1	1	2952	6	1	28	9422	0	0	100
29.516	1	1	2952	7	1	28	9422	0	0	100
29.529	1	1	2953	10	1	28	9422	0	0	100
29.53	1	1	2954	1	1	28	9422	0	0	100
29.531	1	1	2954	2	1	28	9422	0	0	100
29.729	1	1	2973	10	1	28	9422	0	0	100
29.73	1	1	2974	1	1	28	9422	0	0	100
29.731	1	1	2974	2	1	28	9422	0	0	100
29.732	1	1	2974	3	1	28	9422	0	0	100
29.733	1	1	2974	4	1	28	9422	0	0	100
29.746	1	1	2975	7	1	28	9422	0	0	100
29.747	1	1	2975	8	1	28	9422	0	0	100
29.748	1	1	2975	9	1	28	9422	0	0	100
29.946	1	1	2995	7	1	28	9422	0	0	100
29.947	1	1	2995	8	1	28	9422	0	0	100
29.948	1	1	2995	9	1	28	9422	0	0	100
29.949	1	1	2995	10	1	28	9422	0	0	100
29.95	1	1	2996	1	1	28	9422	0	0	100
29.963	1	1	2997	4	1	28	9422	0	0	100
29.964	1	1	2997	5	1	28	9422	0	0	100
29.965	1	1	2997	6	1	28	9422	0	0	100
30.163	1	1	3017	4	1	28	9422	0	0	100
30.164	1	1	3017	5	1	28	9422	0	0	100
30.165	1	1	3017	6	1	28	9422	0	0	100
30.166	1	1	3017	7	1	28	9422	0	0	100
30.167	1	1	3017	8	1	28	9422	0	0	100
30.18	1	1	3019	1	1	28	9422	0	0	100
30.181	1	1	3019	2	1	28	9422	0	0	100
30.182	1	1	3019	3	1	28	9422	0	0	100
30.38	1	1	3039	1	1	28	9422	0	0	100
30.381	1	1	3039	2	1	28	9422	0	0	100
30.382	1	1	3039	3	1	28	9422	0	0	100
30.383	1	1	3039	4	1	28	9422	0	0	100
30.384	1	1	3039	5	1	28	9422	0	0	100
30.397	1	1	3040	8	1	28	9422	0	0	100
30.398	1	1	3040	9	1	28	9422	0	0	100
30.399	1	1	3040	10	1	28	9422	0	0	100
30.597	1	1	3060	8	1	28	9422	0	0	100
30.598	1	1	3060	9	1	28	9422	0	0	100
30.599	1	1	3060	10	1	28	9422	0	0	100
30.6	1	1	3061	1	1	28	9422	0	0	100
30.601	1	1	3061	2	1	28	9422	0	0	100
30.614	1	1	3062	5	1	28	9422	0	0	100
30.615	1	1	3062	6	1	28	9422	0	0	100
30.616	1	1	3062	7	1	28	9422	0	0	100
30.814	1	1	3082	5	1	28	9422	0	0	100
30.815	1	1	3082	6	1	28	9422	0	0	100
30.816	1	1	3082	7	1	28	9422	0	0	100
30.817	1	1	3082	8	1	28	9422	0	0	100
30.818	1	1	3082	9	1	28	9422	0	0	100
30.831	1	1	3084	2	1	28	9422	0	0	100
30.832	1	1	3084	3	1	28	9422	0	0	100
30.833	1	1	3084	4	1	28	9422	0	0	100
31.031	1	1	3104	2	1	28	9422	0	0	100
31.032	1	1	3104	3	1	28	9422	0	0	100
31.033	1	1	3104	4	1	28	9422	0	0	100
31.034	1	1	3104	5	1	28	9422	0	0	100
31.035	1	1	3104	6	1	28	9422	0	0	100
31.048	1	1	3105	9	1	28	9422	0	0	100
31.049	1	1	3105	10	1	28	9422	0	0	100
31.05	1	1	3106	1	1	28	9422	0	0	100
31.248	1	1	3125	9	1	28	9422	0	0	100
31.249	1	1	3125	10	1	28	9422	0	0	100
31.25	1	1	3126	1	1	28	9422	0	0	100
31.251	1	1	3126	2	1	28	9422	0	0	100
31.252	1	1	3126	3	1	28	9422	0	0	100
31.265	1	1	3127	6	1	28	9422	0	0	100
31.266	1	1	3127	7	1	28	9422	0	0	100
31.267	1	1	3127	8	1	28	9422	0	0	100
31.465	1	1	3147	6	1	28	9422	0	0	100
31.466	1	1	3147	7	1	28	9422	0	0	100
31.467	1	1	3147	8	1	28	9422	0	0	100
31.468	1	1	3147	9	1	28	9422	0	0	100
31.469	1	1	3147	10	1	28	9422	0	0	100
31.482	1	1	3149	3	1	28	9422	0	0	100
31.483	1	1	3149	4	1	28	9422	0	0	100
31.484	1	1	3149	5	1	28	9422	0	0	100
31.682	1	1	3169	3	1	28	9422	0	0	100
31.683	1	1	3169	4	1	28	9422	0	0	100
31.684	1	1	3169	5	1	28	9422	0	0	100
31.685	1	1	3169	6	1	28	9422	0	0	100
31.686	1	1	3169	7	1	28	9422	0	0	100
31.699	1	1	3170	10	1	28	9422	0	0	100
31.7	1	1	3171	1	1	28	9422	0	0	100
31.701	1	1	3171	2	1	28	9422	0	0	100
31.899	1	1	3190	10	1	28	9422	0	0	100
31.9	1	1	3191	1	1	28	9422	0	0	100
31.901	1	1	3191	2	1	28	9422	0	0	100
31.902	1	1	3191	3	1	28	9422	0	0	100
31.903	1	1	3191	4	1	28	9422	0	0	100
31.916	1	1	3192	7	1	28	9422	0	0	100
31.917	1	1	3192	8	1	28	9422	0	0	100
31.918	1	1	3192	9	1	28	9422	0	0	100
32.116	1	1	3212	7	1	28	9422	0	0	100
32.117	1	1	3212	8	1	28	9422	0	0	100
32.118	1	1	3212	9	1	28	9422	0	0	100
32.119	1	1	3212	10	1	28	9422	0	0	100
32.12	1	1	3213	1	1	28	9422	0	0	100
32.133	1	1	3214	4	1	28	9422	0	0	100
32.134	1	1	3214	5	1	28	9422	0	0	100
32.135	1	1	3214	6	1	28	9422	0	0	100
32.333	1	1	3234	4	1	28	9422	0	0	100
32.334	1	1	3234	5	1	28	9422	0	0	100
32.335	1	1	3234	6	1	28	9422	0	0	100
32.336	1	1	3234	7	1	28	9422	0	0	100
32.337	1	1	3234	8	1	28	9422	0	0	100
32.35	1	1	3236	1	1	28	9422	0	0	100
32.351	1	1	3236	2	1	28	9422	0	0	100
32.352	1	1	3236	3	1	28	9422	0	0	100
32.55	1	1	3256	1	1	28	9422	0	0	100
32.551	1	1	3256	2	1	28	9422	0	0	100
32.552	1	1	3256	3	1	28	9422	0	0	100
32.553	1	1	3256	4	1	28	9422	0	0	100
32.554	1	1	3256	5	1	28	9422	0	0	100
32.567	1	1	3257	8	1	28	9422	0	0	100
32.568	1	1	3257	9	1	28	9422	0	0	100
32.569	1	1	3257	10	1	28	9422	0	0	100
32.767	1	1	3277	8	1	28	9422	0	0	100
32.768	1	1	3277	9	1	28	9422	0	0	100
32.769	1	1	3277	10	1	28	9422	0	0	100
32.77	1	1	3278	1	1	28	9422	0	0	100
32.771	1	1	3278	2	1	28	9422	0	0	100
32.784	1	1	3279	5	1	28	9422	0	0	100
32.785	1	1	3279	6	1	28	9422	0	0	100
32.786	1	1	3279	7	1	28	9422	0	0	100
32.984	1	1	3299	5	1	28	9422	0	0	100
32.985	1	1	3299	6	1	28	9422	0	0	100
32.986	1	1	3299	7	1	28	9422	0	0	100
32.987	1	1	3299	8	1	28	9422	0	0	100
32.988	1	1	3299	9	1	28	9422	0	0	100
33.001	1	1	3301	2	1	28	9422	0	0	100
33.002	1	1	3301	3	1	28	9422	0	0	100
33.003	1	1	3301	4	1	28	9422	0	0	100
33.201	1	1	3321	2	1	28	9422	0	0	100
33.202	1	1	3321	3	1	28	9422	0	0	100
33.203	1	1	3321	4	1	28	9422	0	0	100
33.204	1	1	3321	5	1	28	9422	0	0	100
33.205	1	1	3321	6	1	28	9422	0	0	100
33.218	1	1	3322	9	1	28	9422	0	0	100
33.219	1	1	3322	10	1	28	9422	0	0	100
33.22	1	1	3323	1	1	28	9422	0	0	100
33.418	1	1	3342	9	1	28	9422	0	0	100
33.419	1	1	3342	10	1	28	9422	0	0	100
33.42	1	1	3343	1	1	28	9422	0	0	100
33.421	1	1	3343	2	1	28	9422	0	0	100
33.422	1	1	3343	3	1	28	9422	0	0	100
33.435	1	1	3344	6	1	28	9422	0	0	100
33.436	1	1	3344	7	1	28	9422	0	0	100
33.437	1	1	3344	8	1	28	9422	0	0	100
33.635	1	1	3364	6	1	28	9422	0	0	100
33.636	1	1	3364	7	1	28	9422	0	0	100
33.637	1	1	3364	8	1	28	9422	0	0	100
33.638	1	1	3364	9	1	28	9422	0	0	100
33.639	1	1	3364	10	1	28	9422	0	0	100
33.652	1	1	3366	3	1	28	9422	0	0	100
33.653	1	1	3366	4	1	28	9422	0	0	100
33.654	1	1	3366	5	1	28	9422	0	0	100
33.852	1	1	3386	3	1	28	9422	0	0	100
33.853	1	1	3386	4	1	28	9422	0	0	100
33.854	1	1	3386	5	1	28	9422	0	0	100
33.855	1	1	3386	6	1	28	9422	0	0	100
33.856	1	1	3386	7	1	28	9422	0	0	100
33.869	1	1	3387	10	1	28	9422	0	0	100
33.87	1	1	3388	1	1	28	9422	0	0	100
33.871	1	1	3388	2	1	28	9422	0	0	100
34.069	1	1	3407	10	1	28	9422	0	0	100
34.07	1	1	3408	1	1	28	9422	0	0	100
34.071	1	1	3408	2	1	28	9422	0	0	100
34.072	1	1	3408	3	1	28	9422	0	0	100
34.073	1	1	3408	4	1	28	9422	0	0	100
34.086	1	1	3409	7	1	28	9422	0	0	100
34.087	1	1	3409	8	1	28	9422	0	0	100
34.088	1	1	3409	9	1	28	9422	0	0	100
34.286	1	1	3429	7	1	28	9422	0	0	100
34.287	1	1	3429	8	1	28	9422	0	0	100
34.288	1	1	3429	9	1	28	9422	0	0	100
34.289	1	1	3429	10	1	28	9422	0	0	100
34.29	1	1	3430	1	1	28	9422	0	0	100
34.303	1	1	3431	4	1	28	9422	0	0	100
34.304	1	1	3431	5	1	28	9422	0	0	100
34.305	1	1	3431	6	1	28	9422	0	0	100
34.503	1	1	3451	4	1	28	9422	0	0	100
34.504	1	1	3451	5	1	28	9422	0	0	100
34.505	1	1	3451	6	1	28	9422	0	0	100
34.506	1	1	3451	7	1	28	9422	0	0	100
34.507	1	1	3451	8	1	28	9422	0	0	100
34.52	1	1	3453	1	1	28	9422	0	0	100
34.521	1	1	3453	2	1	28	9422	0	0	100
34.522	1	1	3453	3	1	28	9422	0	0	100
34.72	1	1	3473	1	1	28	9422	0	0	100
34.721	1	1	3473	2	1	28	9422	0	0	100
34.722	1	1	3473	3	1	28	9422	0	0	100
34.723	1	1	3473	4	1	28	9422	0	0	100
34.724	1	1	3473	5	1	28	9422	0	0	100
34.737	1	1	3474	8	1	28	9422	0	0	100
34.738	1	1	3474	9	1	28	9422	0	0	100
34.739	1	1	3474	10	1	28	9422	0	0	100
34.937	1	1	3494	8	1	28	9422	0	0	100
34.938	1	1	3494	9	1	28	9422	0	0	100
34.939	1	1	3494	10	1	28	9422	0	0	100
34.94	1	1	3495	1	1	28	9422	0	0	100
34.941	1	1	3495	2	1	28	9422	0	0	100
34.954	1	1	3496	5	1	28	9422	0	0	100
34.955	1	1	3496	6	1	28	9422	0	0	100
34.956	1	1	3496	7	1	28	9422	0	0	100
35.154	1	1	3516	5	1	28	9422	0	0	100
35.155	1	1	3516	6	1	28	9422	0	0	100
35.156	1	1	3516	7	1	28	9422	0	0	100
35.157	1	1	3516	8	1	28	9422	0	0	100
35.158	1	1	3516	9	1	28	9422	0	0	100
35.171	1	1	3518	2	1	28	9422	0	0	100
35.172	1	1	3518	3	1	28	9422	0	0	100
35.173	1	1	3518	4	1	28	9422	0	0	100
35.371	1	1	3538	2	1	28	9422	0	0	100
35.372	1	1	3538	3	1	28	9422	0	0	100
35.373	1	1	3538	4	1	28	9422	0	0	100
35.374	1	1	3538	5	1	28	9422	0	0	100
35.375	1	1	3538	6	1	28	9422	0	0	100
35.388	1	1	3539	9	1	28	9422	0	0	100
35.389	1	1	3539	10	1	28	9422	0	0	100
35.39	1	1	3540	1	1	28	9422	0	0	100
35.588	1	1	3559	9	1	28	9422	0	0	100
35.589	1	1	3559	10	1	28	9422	0	0	100
35.59	1	1	3560	1	1	28	9422	0	0	100
35.591	1	1	3560	2	1	28	9422	0	0	100
35.592	1	1	3560	3	1	28	9422	0	0	100
35.605	1	1	3561	6	1	28	9422	0	0	100
35.606	1	1	3561	7	1	28	9422	0	0	100
35.607	1	1	3561	8	1	28	9422	0	0	100
35.805	1	1	3581	6	1	28	9422	0	0	100
35.806	1	1	3581	7	1	28	9422	0	0	100
35.807	1	1	3581	8	1	28	9422	0	0	100
35.808	1	1	3581	9	1	28	9422	0	0	100
35.809	1	1	3581	10	1	28	9422	0	0	100
35.822	1	1	3583	3	1	28	9422	0	0	100
35.823	1	1	3583	4	1	28	9422	0	0	100
35.824	1	1	3583	5	1	28	9422	0	0	100
36.022	1	1	3603	3	1	28	9422	0	0	100
36.023	1	1	3603	4	1	28	9422	0	0	100
36.024	1	1	3603	5	1	28	9422	0	0	100
36.025	1	1	3603	6	1	28	9422	0	0	100
36.026	1	1	3603	7	1	28	9422	0	0	100
36.039	1	1	3604	10	1	28	9422	0	0	100
36.04	1	1	3605	1	1	28	9422	0	0	100
36.041	1	1	3605	2	1	28	9422	0	0	100
36.239	1	1	3624	10	1	28	9422	0	0	100
36.24	1	1	3625	1	1	28	9422	0	0	100
36.241	1	1	3625	2	1	28	9422	0	0	100
36.242	1	1	3625	3	1	28	9422	0	0	100
36.243	1	1	3625	4	1	28	9422	0	0	100
36.256	1	1	3626	7	1	28	9422	0	0	100
36.257	1	1	3626	8	1	28	9422	0	0	100
36.258	1	1	3626	9	1	28	9422	0	0	100
36.456	1	1	3646	7	1	28	9422	0	0	100
36.457	1	1	3646	8	1	28	9422	0	0	100
36.458	1	1	3646	9	1	28	9422	0	0	100
36.459	1	1	3646	10	1	28	9422	0	0	100
36.46	1	1	3647	1	1	28	9422	0	0	100
36.473	1	1	3648	4	1	28	9422	0	0	100
36.474	1	1	3648	5	1	28	9422	0	0	100
36.475	1	1	3648	6	1	28	9422	0	0	100
36.673	1	1	3668	4	1	28	9422	0	0	100
36.674	1	1	3668	5	1	28	9422	0	0	100
36.675	1	1	3668	6	1	28	9422	0	0	100
36.676	1	1	3668	7	1	28	9422	0	0	100
36.677	1	1	3668	8	1	28	9422	0	0	100
36.69	1	1	3670	1	1	28	9422	0	0	100
36.691	1	1	3670	2	1	28	9422	0	0	100
36.692	1	1	3670	3	1	28	9422	0	0	100
36.89	1	1	3690	1	1	28	9422	0	0	100
36.891	1	1	3690	2	1	28	9422	0	0	100
36.892	1	1	3690	3	1	28	9422	0	0	100
36.893	1	1	3690	4	1	28	9422	0	0	100
36.894	1	1	3690	5	1	28	9422	0	0	100
36.907	1	1	3691	8	1	28	9422	0	0	100
36.908	1	1	3691	9	1	28	9422	0	0	100
36.909	1	1	3691	10	1	28	9422	0	0	100
37.107	1	1	3711	8	1	28	9422	0	0	100
37.108	1	1	3711	9	1	28	9422	0	0	100
37.109	1	1	3711	10	1	28	9422	0	0	100
37.11	1	1	3712	1	1	28	9422	0	0	100
37.111	1	1	3712	2	1	28	9422	0	0	100
37.124	1	1	3713	5	1	28	9422	0	0	100
37.125	1	1	3713	6	1	28	9422	0	0	100
37.126	1	1	3713	7	1	28	9422	0	0	100
37.324	1	1	3733	5	1	28	9422	0	0	100
37.325	1	1	3733	6	1	28	9422	0	0	100
37.326	1	1	3733	7	1	28	9422	0	0	100
37.327	1	1	3733	8	1	28	9422	0	0	100
37.328	1	1	3733	9	1	28	9422	0	0	100
37.341	1	1	3735	2	1	28	9422	0	0	100
37.342	1	1	3735	3	1	28	9422	0	0	100
37.343	1	1	3735	4	1	28	9422	0	0	100
37.541	1	1	3755	2	1	28	9422	0	0	100
37.542	1	1	3755	3	1	28	9422	0	0	100
37.543	1	1	3755	4	1	28	9422	0	0	100
37.544	1	1	3755	5	1	28	9422	0	0	100
37.545	1	1	3755	6	1	28	9422	0	0	100
37.558	1	1	3756	9	1	28	9422	0	0	100
37.559	1	1	3756	10	1	28	9422	0	0	100
37.56	1	1	3757	1	1	28	9422	0	0	100
37.758	1	1	3776	9	1	28	9422	0	0	100
37.759	1	1	3776	10	1	28	9422	0	0	100
37.76	1	1	3777	1	1	28	9422	0	0	100
37.761	1	1	3777	2	1	28	9422	0	0	100
37.762	1	1	3777	3	1	28	9422	0	0	100
37.775	1	1	3778	6	1	28	9422	0	0	100
37.776	1	1	3778	7	1	28	9422	0	0	100
37.777	1	1	3778	8	1	28	9422	0	0	100
37.975	1	1	3798	6	1	28	9422	0	0	100
37.976	1	1	3798	7	1	28	9422	0	0	100
37.977	1	1	3798	8	1	28	9422	0	0	100
38.192	1	1	3820	3	1	28	9422	0	0	100
