0.1 0
0.2 0
0.3 0
0.4 0
0.5 0
0.6 0
0.7 0
0.8 0
0.9 0
1 0
1.1 0
1.2 0
1.3 0
1.4 0
1.5 0
1.6 0.224
1.7 0
1.8 0.336
1.9 0
2 0.336
2.1 0
2.2 0.56
2.3 0
2.4 1.008
2.5 0
2.6 1.344
2.7 0
2.8 2.016
2.9 0
3 3.024
3.1 0
3.2 4.704
3.3 0
3.4 5.04
3.5 0
3.6 4.928
3.7 0
3.8 4.928
3.9 0
4 4.928
4.1 0
4.2 2.912
4.3 2.016
4.4 2.912
4.5 2.016
4.6 2.688
4.7 2.24
4.8 2.688
4.9 2.24
5 2.688
5.1 2.24
5.2 2.688
5.3 2.24
5.4 2.688
5.5 2.24
5.6 2.688
5.7 2.24
5.8 0.448
5.9 4.48
6 0
6.1 4.928
6.2 0
6.3 4.928
6.4 0
6.5 4.928
6.6 0
6.7 4.928
6.8 0
6.9 4.928
7 0
7.1 2.464
7.2 2.464
7.3 0.448
7.4 4.48
7.5 0.448
7.6 4.48
7.7 0.448
7.8 4.48
7.9 0.448
8 4.48
8.1 0.448
8.2 4.48
8.3 0.448
8.4 2.464
8.5 2.464
8.6 2.464
8.7 2.464
8.8 1.12
8.9 3.808
9 0.896
9.1 3.584
9.2 1.344
9.3 3.584
9.4 1.344
9.5 3.584
9.6 1.344
9.7 3.584
9.8 1.344
9.9 3.584
10 1.344
10.1 3.584
10.2 0.672
10.3 4.256
10.4 0
10.5 4.928
10.6 0
10.7 4.928
10.8 0
10.9 4.928
11 0
11.1 4.928
11.2 0
11.3 3.024
11.4 1.904
11.5 0.896
11.6 4.032
11.7 0.448
11.8 4.48
11.9 0
12 4.928
12.1 0
12.2 4.928
12.3 0
12.4 4.928
12.5 0
12.6 4.928
12.7 0
12.8 4.928
12.9 0
13 4.704
13.1 0.224
13.2 3.808
13.3 1.12
13.4 1.792
13.5 3.136
13.6 1.568
13.7 3.36
13.8 1.456
13.9 3.472
14 1.344
14.1 3.584
14.2 1.344
14.3 3.584
14.4 1.344
14.5 3.584
14.6 0.896
14.7 4.032
14.8 0.896
14.9 4.032
15 0.896
15.1 4.032
15.2 0.896
15.3 3.36
15.4 1.12
15.5 2.24
15.6 2.24
15.7 2.688
15.8 2.24
15.9 2.688
16 2.24
16.1 2.688
16.2 2.24
16.3 2.688
16.4 2.24
16.5 2.688
16.6 2.24
16.7 2.688
16.8 2.24
16.9 2.576
17 2.352
17.1 2.464
17.2 2.464
17.3 2.464
17.4 2.464
17.5 2.24
17.6 2.688
17.7 1.232
17.8 3.696
17.9 0
18 4.928
18.1 0
18.2 4.48
18.3 0.448
18.4 4.032
18.5 0.896
18.6 4.032
18.7 0.896
18.8 4.032
18.9 0.896
19 4.032
19.1 0.896
19.2 3.808
19.3 1.12
19.4 2.464
19.5 2.464
19.6 2.016
19.7 2.912
19.8 0.896
19.9 4.032
20 0.896
20.1 4.032
20.2 0.896
20.3 4.032
20.4 0.448
20.5 4.48
20.6 0
20.7 4.928
20.8 0
20.9 4.928
21 0
21.1 3.136
21.2 1.792
21.3 2.912
21.4 2.016
21.5 2.912
21.6 2.016
21.7 2.912
21.8 2.016
21.9 2.912
22 2.016
22.1 2.912
22.2 2.016
22.3 2.912
22.4 2.016
22.5 2.912
22.6 2.016
22.7 2.912
22.8 2.016
22.9 2.688
23 2.24
23.1 2.352
23.2 2.576
23.3 1.12
23.4 3.808
23.5 1.12
23.6 3.808
23.7 1.12
23.8 3.808
23.9 1.12
24 3.808
24.1 0.896
24.2 4.032
24.3 0
24.4 4.928
24.5 0
24.6 4.928
24.7 0
24.8 4.928
24.9 0
25 4.928
25.1 0
25.2 4.928
25.3 0
25.4 2.8
25.5 2.128
25.6 2.464
25.7 2.464
25.8 2.464
25.9 2.464
26 0
26.1 4.928
26.2 0
26.3 4.928
26.4 0
26.5 4.928
26.6 0
26.7 2.464
26.8 2.464
26.9 2.464
27 2.464
27.1 2.464
27.2 2.464
27.3 2.464
27.4 2.464
27.5 2.128
27.6 2.8
27.7 0.448
27.8 4.48
27.9 0.448
28 4.48
28.1 0.448
28.2 2.352
28.3 2.576
28.4 2.24
28.5 2.688
28.6 2.016
28.7 2.912
28.8 2.016
28.9 2.8
29 2.128
29.1 2.688
29.2 2.24
29.3 2.688
29.4 2.24
29.5 2.464
29.6 2.464
29.7 2.464
29.8 2.464
29.9 2.464
30 1.344
30.1 3.584
30.2 1.344
30.3 3.584
30.4 1.344
30.5 3.584
30.6 1.344
30.7 2.464
30.8 2.464
30.9 2.464
31 2.464
31.1 2.464
31.2 2.464
31.3 2.464
31.4 2.464
31.5 2.464
31.6 2.464
31.7 2.464
31.8 1.568
31.9 3.36
32 1.12
32.1 3.808
32.2 1.12
32.3 3.808
32.4 1.12
32.5 3.808
32.6 1.12
32.7 3.808
32.8 1.12
32.9 3.584
33 1.344
33.1 1.344
33.2 3.584
33.3 1.344
33.4 3.584
33.5 0
33.6 4.928
33.7 0
33.8 4.928
33.9 0
34 4.928
34.1 0
34.2 1.344
34.3 3.584
34.4 1.344
34.5 3.584
34.6 1.344
34.7 3.584
34.8 0
34.9 4.928
35 0
35.1 2.352
35.2 2.576
35.3 1.792
35.4 3.136
35.5 1.792
35.6 3.136
35.7 1.68
35.8 3.248
35.9 1.568
36 3.36
36.1 1.568
36.2 3.36
36.3 0
36.4 4.928
36.5 0
36.6 2.672
36.7 0
36.8 0
36.9 0
37 0
37.1 0
37.2 0
37.3 0
37.4 0
37.5 0
37.6 0
37.7 0
37.8 0
37.9 0
38 0
38.1 0
38.2 0
38.3 0
38.4 0
38.5 0
38.6 0
38.7 0
38.8 0
38.9 0
39 0
39.1 0
39.2 0
39.3 0
39.4 0
39.5 0
39.6 0
39.7 0
39.8 0
39.9 0
40 0
40.1 0
40.2 0
40.3 0
40.4 0
40.5 0
40.6 0
40.7 0
40.8 0
40.9 0
41 0
41.1 0
41.2 0
41.3 0
41.4 0
41.5 0
41.6 0
41.7 0
41.8 0
41.9 0
42 0
42.1 0
42.2 0
42.3 0
42.4 0
42.5 0
42.6 0
42.7 0
42.8 0
42.9 0
43 0
43.1 0
43.2 0
43.3 0
43.4 0
43.5 0
43.6 0
43.7 0
43.8 0
43.9 0
44 0
44.1 0
44.2 0
44.3 0
44.4 0
44.5 0
44.6 0
44.7 0
44.8 0
44.9 0
45 0
45.1 0
45.2 0
45.3 0
45.4 0
45.5 0
45.6 0
45.7 0
45.8 0
45.9 0
46 0
46.1 0
46.2 0
46.3 0
46.4 0
46.5 0
46.6 0
46.7 0
46.8 0
46.9 0
47 0
47.1 0
47.2 0
47.3 0
47.4 0
47.5 0
47.6 0
47.7 0
47.8 0
47.9 0
48 0
48.1 0
48.2 0
48.3 0
48.4 0
48.5 0
48.6 0
48.7 0
48.8 0
48.9 0
49 0
49.1 0
49.2 0
49.3 0
49.4 0
49.5 0
49.6 0
49.7 0
49.8 0
49.9 0
50 0
50.1 0
50.2 0
50.3 0
50.4 0
50.5 0
50.6 0
50.7 0
50.8 0
50.9 0
51 0
51.1 0
51.2 0
51.3 0
51.4 0
51.5 0
51.6 0
51.7 0
51.8 0
51.9 0
52 0
52.1 0
52.2 0
52.3 0
52.4 0
52.5 0
52.6 0
52.7 0
52.8 0
52.9 0
53 0
53.1 0
53.2 0
53.3 0
53.4 0
53.5 0
53.6 0
53.7 0
53.8 0
53.9 0
54 0
54.1 0
54.2 0
54.3 0
54.4 0
54.5 0
54.6 0
54.7 0
54.8 0
54.9 0
55 0
55.1 0
55.2 0
55.3 0
55.4 0
55.5 0
55.6 0
55.7 0
55.8 0
55.9 0
56 0
56.1 0
56.2 0
56.3 0
56.4 0
56.5 0
56.6 0
56.7 0
56.8 0
56.9 0
57 0
57.1 0
57.2 0
57.3 0
57.4 0
57.5 0
57.6 0
57.7 0
57.8 0
57.9 0
58 0
58.1 0
58.2 0
58.3 0
58.4 0
58.5 0
58.6 0
58.7 0
58.8 0
58.9 0
59 0
59.1 0
59.2 0
59.3 0
59.4 0
59.5 0
59.6 0
59.7 0
59.8 0
59.9 0
