0.1 0
0.2 0
0.3 0
0.4 0
0.5 0
0.6 0
0.7 0
0.8 0
0.9 0
1 0
1.1 0
1.2 0
1.3 0
1.4 0
1.5 0
1.6 0.224
1.7 0
1.8 0.336
1.9 0
2 0.336
2.1 0
2.2 0.56
2.3 0
2.4 1.008
2.5 0
2.6 1.344
2.7 0
2.8 2.016
2.9 0
3 3.024
3.1 0
3.2 4.704
3.3 0
3.4 5.04
3.5 0
3.6 4.928
3.7 0
3.8 4.928
3.9 0
4 4.928
4.1 0
4.2 4.928
4.3 0
4.4 4.928
4.5 0
4.6 4.928
4.7 0
4.8 4.928
4.9 0
5 4.928
5.1 0
5.2 4.928
5.3 0
5.4 4.928
5.5 0
5.6 4.928
5.7 0
5.8 4.928
5.9 0
6 4.928
6.1 0
6.2 4.928
6.3 0
6.4 4.928
6.5 0
6.6 4.928
6.7 0
6.8 4.928
6.9 0
7 4.928
7.1 0
7.2 4.928
7.3 0
7.4 4.928
7.5 0
7.6 4.928
7.7 0
7.8 4.928
7.9 0
8 4.928
8.1 0
8.2 4.928
8.3 0
8.4 4.928
8.5 0
8.6 4.928
8.7 0
8.8 4.928
8.9 0
9 4.928
9.1 0
9.2 4.928
9.3 0
9.4 4.928
9.5 0
9.6 4.928
9.7 0
9.8 4.928
9.9 0
10 4.928
10.1 0
10.2 4.928
10.3 0
10.4 4.928
10.5 0
10.6 4.928
10.7 0
10.8 4.928
10.9 0
11 4.928
11.1 0
11.2 4.928
11.3 0
11.4 4.928
11.5 0
11.6 4.928
11.7 0
11.8 4.928
11.9 0
12 4.928
12.1 0
12.2 4.928
12.3 0
12.4 4.928
12.5 0
12.6 4.928
12.7 0
12.8 4.928
12.9 0
13 4.928
13.1 0
13.2 4.928
13.3 0
13.4 4.928
13.5 0
13.6 4.928
13.7 0
13.8 4.928
13.9 0
14 4.928
14.1 0
14.2 4.928
14.3 0
14.4 4.928
14.5 0
14.6 4.928
14.7 0
14.8 4.928
14.9 0
15 4.928
15.1 0
15.2 4.928
15.3 0
15.4 4.928
15.5 0
15.6 4.928
15.7 0
15.8 4.928
15.9 0
16 4.928
16.1 0
16.2 4.928
16.3 0
16.4 4.928
16.5 0
16.6 4.928
16.7 0
16.8 4.928
16.9 0
17 4.928
17.1 0
17.2 4.928
17.3 0
17.4 4.928
17.5 0
17.6 4.928
17.7 0
17.8 4.928
17.9 0
18 4.928
18.1 0
18.2 4.928
18.3 0
18.4 4.928
18.5 0
18.6 4.928
18.7 0
18.8 4.928
18.9 0
19 4.928
19.1 0
19.2 4.928
19.3 0
19.4 4.928
19.5 0
19.6 4.928
19.7 0
19.8 4.928
19.9 0
20 4.928
20.1 0
20.2 4.816
20.3 0.112
20.4 4.704
20.5 0.224
20.6 4.592
20.7 0.336
20.8 4.48
20.9 0.448
21 4.368
21.1 0.56
21.2 4.256
21.3 0.672
21.4 4.256
21.5 0.672
21.6 4.256
21.7 0.672
21.8 4.032
21.9 0.896
22 4.032
22.1 0.896
22.2 4.032
22.3 0.896
22.4 4.032
22.5 0.896
22.6 4.032
22.7 0.896
22.8 4.032
22.9 0.896
23 4.032
23.1 0.896
23.2 4.032
23.3 0.896
23.4 4.032
23.5 0.896
23.6 3.808
23.7 1.12
23.8 3.808
23.9 1.12
24 3.696
24.1 1.232
24.2 3.696
24.3 1.232
24.4 3.584
24.5 1.344
24.6 3.584
24.7 1.344
24.8 3.584
24.9 1.344
25 3.472
25.1 1.456
25.2 3.472
25.3 1.456
25.4 3.36
25.5 1.568
25.6 3.36
25.7 1.568
25.8 3.36
25.9 1.568
26 3.36
26.1 1.568
26.2 3.36
26.3 1.568
26.4 3.36
26.5 1.568
26.6 3.36
26.7 1.568
26.8 3.36
26.9 1.568
27 3.36
27.1 1.568
27.2 3.248
27.3 1.68
27.4 3.136
27.5 1.792
27.6 3.136
27.7 1.792
27.8 3.136
27.9 1.792
28 3.136
28.1 1.792
28.2 2.912
28.3 2.016
28.4 2.912
28.5 2.016
28.6 2.912
28.7 2.016
28.8 2.912
28.9 2.016
29 2.912
29.1 2.016
29.2 2.912
29.3 2.016
29.4 2.912
29.5 2.016
29.6 2.8
29.7 2.128
29.8 2.688
29.9 2.24
30 2.688
30.1 2.24
30.2 2.688
30.3 2.24
30.4 2.688
30.5 2.24
30.6 2.688
30.7 2.24
30.8 2.688
30.9 2.24
31 2.688
31.1 2.24
31.2 2.688
31.3 2.24
31.4 2.688
31.5 2.24
31.6 2.688
31.7 2.24
31.8 2.688
31.9 2.24
32 2.688
32.1 2.24
32.2 2.688
32.3 2.24
32.4 2.688
32.5 2.24
32.6 2.688
32.7 2.24
32.8 2.576
32.9 2.352
33 2.688
33.1 2.24
33.2 2.464
33.3 2.464
33.4 2.24
33.5 2.688
33.6 2.128
33.7 2.8
33.8 1.904
33.9 3.024
34 1.904
34.1 3.024
34.2 1.792
34.3 3.136
34.4 1.792
34.5 3.136
34.6 1.792
34.7 3.136
34.8 1.792
34.9 3.136
35 1.792
35.1 3.136
35.2 1.792
35.3 0.88
35.4 0
35.5 0
35.6 0
35.7 0
35.8 0
35.9 0
36 0
36.1 0
36.2 0
36.3 0
36.4 0
36.5 0
36.6 0
36.7 0
36.8 0
36.9 0
37 0
37.1 0
37.2 0
37.3 0
37.4 0
37.5 0
37.6 0
37.7 0
37.8 0
37.9 0
38 0
38.1 0
38.2 0
38.3 0
38.4 0
38.5 0
38.6 0
38.7 0
38.8 0
38.9 0
39 0
39.1 0
39.2 0
39.3 0
39.4 0
39.5 0
39.6 0
39.7 0
39.8 0
39.9 0
40 0
40.1 0
40.2 0
40.3 0
40.4 0
40.5 0
40.6 0
40.7 0
40.8 0
40.9 0
41 0
41.1 0
41.2 0
41.3 0
41.4 0
41.5 0
41.6 0
41.7 0
41.8 0
41.9 0
42 0
42.1 0
42.2 0
42.3 0
42.4 0
42.5 0
42.6 0
42.7 0
42.8 0
42.9 0
43 0
43.1 0
43.2 0
43.3 0
43.4 0
43.5 0
43.6 0
43.7 0
43.8 0
43.9 0
44 0
44.1 0
44.2 0
44.3 0
44.4 0
44.5 0
44.6 0
44.7 0
44.8 0
44.9 0
45 0
45.1 0
45.2 0
45.3 0
45.4 0
45.5 0
45.6 0
45.7 0
45.8 0
45.9 0
46 0
46.1 0
46.2 0
46.3 0
46.4 0
46.5 0
46.6 0
46.7 0
46.8 0
46.9 0
47 0
47.1 0
47.2 0
47.3 0
47.4 0
47.5 0
47.6 0
47.7 0
47.8 0
47.9 0
48 0
48.1 0
48.2 0
48.3 0
48.4 0
48.5 0
48.6 0
48.7 0
48.8 0
48.9 0
49 0
49.1 0
49.2 0
49.3 0
49.4 0
49.5 0
49.6 0
49.7 0
49.8 0
49.9 0
50 0
50.1 0
50.2 0
50.3 0
50.4 0
50.5 0
50.6 0
50.7 0
50.8 0
50.9 0
51 0
51.1 0
51.2 0
51.3 0
51.4 0
51.5 0
51.6 0
51.7 0
51.8 0
51.9 0
52 0
52.1 0
52.2 0
52.3 0
52.4 0
52.5 0
52.6 0
52.7 0
52.8 0
52.9 0
53 0
53.1 0
53.2 0
53.3 0
53.4 0
53.5 0
53.6 0
53.7 0
53.8 0
53.9 0
54 0
54.1 0
54.2 0
54.3 0
54.4 0
54.5 0
54.6 0
54.7 0
54.8 0
54.9 0
55 0
55.1 0
55.2 0
55.3 0
55.4 0
55.5 0
55.6 0
55.7 0
55.8 0
55.9 0
56 0
56.1 0
56.2 0
56.3 0
56.4 0
56.5 0
56.6 0
56.7 0
56.8 0
56.9 0
57 0
57.1 0
57.2 0
57.3 0
57.4 0
57.5 0
57.6 0
57.7 0
57.8 0
57.9 0
58 0
58.1 0
58.2 0
58.3 0
58.4 0
58.5 0
58.6 0
58.7 0
58.8 0
58.9 0
59 0
59.1 0
59.2 0
59.3 0
59.4 0
59.5 0
59.6 0
59.7 0
59.8 0
59.9 0
