% time	cellId	IMSI	frame	sframe	RNTI	mcs	size
1.025	1	1	103	6	1	28	4587
1.072	1	1	108	3	1	28	4587
1.119	1	1	112	10	1	28	4587
1.166	1	1	117	7	1	28	4587
1.213	1	1	122	4	1	28	4587
1.26	1	1	127	1	1	28	4587
1.261	1	1	127	2	1	28	4587
1.307	1	1	131	8	1	28	4587
1.308	1	1	131	9	1	28	4587
1.309	1	1	131	10	1	28	4587
1.354	1	1	136	5	1	28	4587
1.355	1	1	136	6	1	28	4587
1.356	1	1	136	7	1	28	4587
1.357	1	1	136	8	1	28	4587
1.401	1	1	141	2	1	28	4587
1.402	1	1	141	3	1	28	4587
1.403	1	1	141	4	1	28	4587
1.404	1	1	141	5	1	28	4587
1.405	1	1	141	6	1	28	4587
1.406	1	1	141	7	1	28	4587
1.448	1	1	145	9	1	28	4587
1.449	1	1	145	10	1	28	4587
1.45	1	1	146	1	1	28	4587
1.451	1	1	146	2	1	28	4587
1.452	1	1	146	3	1	28	4587
1.453	1	1	146	4	1	28	4587
1.454	1	1	146	5	1	28	4587
1.455	1	1	146	6	1	28	4587
1.456	1	1	146	7	1	28	4587
1.495	1	1	150	6	1	28	4587
1.496	1	1	150	7	1	28	4587
1.497	1	1	150	8	1	28	4587
1.498	1	1	150	9	1	28	4587
1.499	1	1	150	10	1	28	4587
1.5	1	1	151	1	1	28	4587
1.501	1	1	151	2	1	28	4587
1.502	1	1	151	3	1	28	4587
1.503	1	1	151	4	1	28	4587
1.504	1	1	151	5	1	28	4587
1.505	1	1	151	6	1	28	4587
1.506	1	1	151	7	1	28	4587
1.507	1	1	151	8	1	28	4587
1.508	1	1	151	9	1	28	4587
1.542	1	1	155	3	1	28	4587
1.543	1	1	155	4	1	28	4587
1.544	1	1	155	5	1	28	4587
1.545	1	1	155	6	1	28	4587
1.546	1	1	155	7	1	28	4587
1.547	1	1	155	8	1	28	4587
1.548	1	1	155	9	1	28	4587
1.549	1	1	155	10	1	28	4587
1.55	1	1	156	1	1	28	4587
1.551	1	1	156	2	1	28	4587
1.552	1	1	156	3	1	28	4587
1.553	1	1	156	4	1	28	4587
1.554	1	1	156	5	1	28	4587
1.555	1	1	156	6	1	28	4587
1.556	1	1	156	7	1	28	4587
1.589	1	1	159	10	1	28	4587
1.59	1	1	160	1	1	28	4587
1.591	1	1	160	2	1	28	4587
1.592	1	1	160	3	1	28	4587
1.593	1	1	160	4	1	28	4587
1.594	1	1	160	5	1	28	4587
1.595	1	1	160	6	1	28	4587
1.596	1	1	160	7	1	28	4587
1.597	1	1	160	8	1	28	4587
1.598	1	1	160	9	1	28	4587
1.599	1	1	160	10	1	28	4587
1.6	1	1	161	1	1	28	4587
1.601	1	1	161	2	1	28	4587
1.602	1	1	161	3	1	28	4587
1.603	1	1	161	4	1	28	4587
1.636	1	1	164	7	1	28	4587
1.637	1	1	164	8	1	28	4587
1.638	1	1	164	9	1	28	4587
1.639	1	1	164	10	1	28	4587
1.64	1	1	165	1	1	28	4587
1.641	1	1	165	2	1	28	4587
1.642	1	1	165	3	1	28	4587
1.643	1	1	165	4	1	28	4587
1.644	1	1	165	5	1	28	4587
1.645	1	1	165	6	1	28	4587
1.646	1	1	165	7	1	28	4587
1.647	1	1	165	8	1	28	4587
1.648	1	1	165	9	1	28	4587
1.649	1	1	165	10	1	28	4587
1.65	1	1	166	1	1	28	4587
1.683	1	1	169	4	1	28	4587
1.684	1	1	169	5	1	28	4587
1.685	1	1	169	6	1	28	4587
1.686	1	1	169	7	1	28	4587
1.687	1	1	169	8	1	28	4587
1.688	1	1	169	9	1	28	4587
1.689	1	1	169	10	1	28	4587
1.69	1	1	170	1	1	28	4587
1.691	1	1	170	2	1	28	4587
1.692	1	1	170	3	1	28	4587
1.693	1	1	170	4	1	28	4587
1.694	1	1	170	5	1	28	4587
1.695	1	1	170	6	1	28	4587
1.696	1	1	170	7	1	28	4587
1.697	1	1	170	8	1	28	4587
1.73	1	1	174	1	1	28	4587
1.731	1	1	174	2	1	28	4587
1.732	1	1	174	3	1	28	4587
1.733	1	1	174	4	1	28	4587
1.734	1	1	174	5	1	28	4587
1.735	1	1	174	6	1	28	4587
1.736	1	1	174	7	1	28	4587
1.737	1	1	174	8	1	28	4587
1.738	1	1	174	9	1	28	4587
1.739	1	1	174	10	1	28	4587
1.74	1	1	175	1	1	28	4587
1.741	1	1	175	2	1	28	4587
1.742	1	1	175	3	1	28	4587
1.743	1	1	175	4	1	28	4587
1.744	1	1	175	5	1	28	4587
1.777	1	1	178	8	1	28	4587
1.778	1	1	178	9	1	28	4587
1.779	1	1	178	10	1	28	4587
1.78	1	1	179	1	1	28	4587
1.781	1	1	179	2	1	28	4587
1.782	1	1	179	3	1	28	4587
1.783	1	1	179	4	1	28	4587
1.784	1	1	179	5	1	28	4587
1.785	1	1	179	6	1	28	4587
1.786	1	1	179	7	1	28	4587
1.787	1	1	179	8	1	28	4587
1.788	1	1	179	9	1	28	4587
1.789	1	1	179	10	1	28	4587
1.79	1	1	180	1	1	28	4587
1.791	1	1	180	2	1	28	4587
1.824	1	1	183	5	1	28	4587
1.825	1	1	183	6	1	28	4587
1.826	1	1	183	7	1	28	4587
1.827	1	1	183	8	1	28	4587
1.828	1	1	183	9	1	28	4587
1.829	1	1	183	10	1	28	4587
1.83	1	1	184	1	1	28	4587
1.831	1	1	184	2	1	28	4587
1.832	1	1	184	3	1	28	4587
1.833	1	1	184	4	1	28	4587
1.834	1	1	184	5	1	28	4587
1.835	1	1	184	6	1	28	4587
1.836	1	1	184	7	1	28	4587
1.837	1	1	184	8	1	28	4587
1.838	1	1	184	9	1	28	4587
1.871	1	1	188	2	1	28	4587
1.872	1	1	188	3	1	28	4587
1.873	1	1	188	4	1	28	4587
1.874	1	1	188	5	1	28	4587
1.875	1	1	188	6	1	28	4587
1.876	1	1	188	7	1	28	4587
1.877	1	1	188	8	1	28	4587
1.878	1	1	188	9	1	28	4587
1.879	1	1	188	10	1	28	4587
1.88	1	1	189	1	1	28	4587
1.881	1	1	189	2	1	28	4587
1.882	1	1	189	3	1	28	4587
1.883	1	1	189	4	1	28	4587
1.884	1	1	189	5	1	28	4587
1.885	1	1	189	6	1	28	4587
1.918	1	1	192	9	1	28	4587
1.919	1	1	192	10	1	28	4587
1.92	1	1	193	1	1	28	4587
1.921	1	1	193	2	1	28	4587
1.922	1	1	193	3	1	28	4587
1.923	1	1	193	4	1	28	4587
1.924	1	1	193	5	1	28	4587
1.925	1	1	193	6	1	28	4587
1.926	1	1	193	7	1	28	4587
1.927	1	1	193	8	1	28	4587
1.928	1	1	193	9	1	28	4587
1.929	1	1	193	10	1	28	4587
1.93	1	1	194	1	1	28	4587
1.931	1	1	194	2	1	28	4587
1.932	1	1	194	3	1	28	4587
1.965	1	1	197	6	1	28	4587
1.966	1	1	197	7	1	28	4587
1.967	1	1	197	8	1	28	4587
1.968	1	1	197	9	1	28	4587
1.969	1	1	197	10	1	28	4587
1.97	1	1	198	1	1	28	4587
1.971	1	1	198	2	1	28	4587
1.972	1	1	198	3	1	28	4587
1.973	1	1	198	4	1	28	4587
1.974	1	1	198	5	1	28	4587
1.975	1	1	198	6	1	28	4587
1.976	1	1	198	7	1	28	4587
1.977	1	1	198	8	1	28	4587
1.978	1	1	198	9	1	28	4587
1.979	1	1	198	10	1	28	4587
2.012	1	1	202	3	1	28	4587
2.013	1	1	202	4	1	28	4587
2.014	1	1	202	5	1	28	4587
2.015	1	1	202	6	1	28	4587
2.016	1	1	202	7	1	28	4587
2.017	1	1	202	8	1	28	4587
2.018	1	1	202	9	1	28	4587
2.019	1	1	202	10	1	28	4587
2.02	1	1	203	1	1	28	4587
2.021	1	1	203	2	1	28	4587
2.022	1	1	203	3	1	28	4587
2.023	1	1	203	4	1	28	4587
2.024	1	1	203	5	1	28	4587
2.025	1	1	203	6	1	28	4587
2.026	1	1	203	7	1	28	4587
2.059	1	1	206	10	1	28	4587
2.06	1	1	207	1	1	28	4587
2.061	1	1	207	2	1	28	4587
2.062	1	1	207	3	1	28	4587
2.063	1	1	207	4	1	28	4587
2.064	1	1	207	5	1	28	4587
2.065	1	1	207	6	1	28	4587
2.066	1	1	207	7	1	28	4587
2.067	1	1	207	8	1	28	4587
2.068	1	1	207	9	1	28	4587
2.069	1	1	207	10	1	28	4587
2.07	1	1	208	1	1	28	4587
2.071	1	1	208	2	1	28	4587
2.072	1	1	208	3	1	28	4587
2.073	1	1	208	4	1	28	4587
2.106	1	1	211	7	1	28	4587
2.107	1	1	211	8	1	28	4587
2.108	1	1	211	9	1	28	4587
2.109	1	1	211	10	1	28	4587
2.11	1	1	212	1	1	28	4587
2.111	1	1	212	2	1	28	4587
2.112	1	1	212	3	1	28	4587
2.113	1	1	212	4	1	28	4587
2.114	1	1	212	5	1	28	4587
2.115	1	1	212	6	1	28	4587
2.116	1	1	212	7	1	28	4587
2.117	1	1	212	8	1	28	4587
2.118	1	1	212	9	1	28	4587
2.119	1	1	212	10	1	28	4587
2.12	1	1	213	1	1	28	4587
2.153	1	1	216	4	1	28	4587
2.154	1	1	216	5	1	28	4587
2.155	1	1	216	6	1	28	4587
2.156	1	1	216	7	1	28	4587
2.157	1	1	216	8	1	28	4587
2.158	1	1	216	9	1	28	4587
2.159	1	1	216	10	1	28	4587
2.16	1	1	217	1	1	28	4587
2.161	1	1	217	2	1	28	4587
2.162	1	1	217	3	1	28	4587
2.163	1	1	217	4	1	28	4587
2.164	1	1	217	5	1	28	4587
2.165	1	1	217	6	1	28	4587
2.166	1	1	217	7	1	28	4587
2.167	1	1	217	8	1	28	4587
2.2	1	1	221	1	1	28	4587
2.201	1	1	221	2	1	28	4587
2.202	1	1	221	3	1	28	4587
2.203	1	1	221	4	1	28	4587
2.204	1	1	221	5	1	28	4587
2.205	1	1	221	6	1	28	4587
2.206	1	1	221	7	1	28	4587
2.207	1	1	221	8	1	28	4587
2.208	1	1	221	9	1	28	4587
2.209	1	1	221	10	1	28	4587
2.21	1	1	222	1	1	28	4587
2.211	1	1	222	2	1	28	4587
2.212	1	1	222	3	1	28	4587
2.213	1	1	222	4	1	28	4587
2.214	1	1	222	5	1	28	4587
2.247	1	1	225	8	1	28	4587
2.248	1	1	225	9	1	28	4587
2.249	1	1	225	10	1	28	4587
2.25	1	1	226	1	1	28	4587
2.251	1	1	226	2	1	28	4587
2.252	1	1	226	3	1	28	4587
2.253	1	1	226	4	1	28	4587
2.254	1	1	226	5	1	28	4587
2.255	1	1	226	6	1	28	4587
2.256	1	1	226	7	1	28	4587
2.257	1	1	226	8	1	28	4587
2.258	1	1	226	9	1	28	4587
2.259	1	1	226	10	1	28	4587
2.26	1	1	227	1	1	28	4587
2.261	1	1	227	2	1	28	4587
2.294	1	1	230	5	1	28	4587
2.295	1	1	230	6	1	28	4587
2.296	1	1	230	7	1	28	4587
2.297	1	1	230	8	1	28	4587
2.298	1	1	230	9	1	28	4587
2.299	1	1	230	10	1	28	4587
2.3	1	1	231	1	1	28	4587
2.301	1	1	231	2	1	28	4587
2.302	1	1	231	3	1	28	4587
2.303	1	1	231	4	1	28	4587
2.304	1	1	231	5	1	28	4587
2.305	1	1	231	6	1	28	4587
2.306	1	1	231	7	1	28	4587
2.307	1	1	231	8	1	28	4587
2.308	1	1	231	9	1	28	4587
2.341	1	1	235	2	1	28	4587
2.342	1	1	235	3	1	28	4587
2.343	1	1	235	4	1	28	4587
2.344	1	1	235	5	1	28	4587
2.345	1	1	235	6	1	28	4587
2.346	1	1	235	7	1	28	4587
2.347	1	1	235	8	1	28	4587
2.348	1	1	235	9	1	28	4587
2.349	1	1	235	10	1	28	4587
2.35	1	1	236	1	1	28	4587
2.351	1	1	236	2	1	28	4587
2.352	1	1	236	3	1	28	4587
2.353	1	1	236	4	1	28	4587
2.354	1	1	236	5	1	28	4587
2.355	1	1	236	6	1	28	4587
2.388	1	1	239	9	1	28	4587
2.389	1	1	239	10	1	28	4587
2.39	1	1	240	1	1	28	4587
2.391	1	1	240	2	1	28	4587
2.392	1	1	240	3	1	28	4587
2.393	1	1	240	4	1	28	4587
2.394	1	1	240	5	1	28	4587
2.395	1	1	240	6	1	28	4587
2.396	1	1	240	7	1	28	4587
2.397	1	1	240	8	1	28	4587
2.398	1	1	240	9	1	28	4587
2.399	1	1	240	10	1	28	4587
2.4	1	1	241	1	1	28	4587
2.401	1	1	241	2	1	28	4587
2.402	1	1	241	3	1	28	4587
2.435	1	1	244	6	1	28	4587
2.436	1	1	244	7	1	28	4587
2.437	1	1	244	8	1	28	4587
2.438	1	1	244	9	1	28	4587
2.439	1	1	244	10	1	28	4587
2.44	1	1	245	1	1	28	4587
2.441	1	1	245	2	1	28	4587
2.442	1	1	245	3	1	28	4587
2.443	1	1	245	4	1	28	4587
2.444	1	1	245	5	1	28	4587
2.445	1	1	245	6	1	28	4587
2.446	1	1	245	7	1	28	4587
2.447	1	1	245	8	1	28	4587
2.448	1	1	245	9	1	28	4587
2.449	1	1	245	10	1	28	4587
2.482	1	1	249	3	1	28	4587
2.483	1	1	249	4	1	28	4587
2.484	1	1	249	5	1	28	4587
2.485	1	1	249	6	1	28	4587
2.486	1	1	249	7	1	28	4587
2.487	1	1	249	8	1	28	4587
2.488	1	1	249	9	1	28	4587
2.489	1	1	249	10	1	28	4587
2.49	1	1	250	1	1	28	4587
2.491	1	1	250	2	1	28	4587
2.492	1	1	250	3	1	28	4587
2.493	1	1	250	4	1	28	4587
2.494	1	1	250	5	1	28	4587
2.495	1	1	250	6	1	28	4587
2.496	1	1	250	7	1	28	4587
2.529	1	1	253	10	1	28	4587
2.53	1	1	254	1	1	28	4587
2.531	1	1	254	2	1	28	4587
2.532	1	1	254	3	1	28	4587
2.533	1	1	254	4	1	28	4587
2.534	1	1	254	5	1	28	4587
2.535	1	1	254	6	1	28	4587
2.536	1	1	254	7	1	28	4587
2.537	1	1	254	8	1	28	4587
2.538	1	1	254	9	1	28	4587
2.539	1	1	254	10	1	28	4587
2.54	1	1	255	1	1	28	4587
2.541	1	1	255	2	1	28	4587
2.542	1	1	255	3	1	28	4587
2.543	1	1	255	4	1	28	4587
2.576	1	1	258	7	1	28	4587
2.577	1	1	258	8	1	28	4587
2.578	1	1	258	9	1	28	4587
2.579	1	1	258	10	1	28	4587
2.58	1	1	259	1	1	28	4587
2.581	1	1	259	2	1	28	4587
2.582	1	1	259	3	1	28	4587
2.583	1	1	259	4	1	28	4587
2.584	1	1	259	5	1	28	4587
2.585	1	1	259	6	1	28	4587
2.586	1	1	259	7	1	28	4587
2.587	1	1	259	8	1	28	4587
2.588	1	1	259	9	1	28	4587
2.589	1	1	259	10	1	28	4587
2.59	1	1	260	1	1	28	4587
2.623	1	1	263	4	1	28	4587
2.624	1	1	263	5	1	28	4587
2.625	1	1	263	6	1	28	4587
2.626	1	1	263	7	1	28	4587
2.627	1	1	263	8	1	28	4587
2.628	1	1	263	9	1	28	4587
2.629	1	1	263	10	1	28	4587
2.63	1	1	264	1	1	28	4587
2.631	1	1	264	2	1	28	4587
2.632	1	1	264	3	1	28	4587
2.633	1	1	264	4	1	28	4587
2.634	1	1	264	5	1	28	4587
2.635	1	1	264	6	1	28	4587
2.636	1	1	264	7	1	28	4587
2.637	1	1	264	8	1	28	4587
2.67	1	1	268	1	1	28	4587
2.671	1	1	268	2	1	28	4587
2.672	1	1	268	3	1	28	4587
2.673	1	1	268	4	1	28	4587
2.674	1	1	268	5	1	28	4587
2.675	1	1	268	6	1	28	4587
2.676	1	1	268	7	1	28	4587
2.677	1	1	268	8	1	28	4587
2.678	1	1	268	9	1	28	4587
2.679	1	1	268	10	1	28	4587
2.68	1	1	269	1	1	28	4587
2.681	1	1	269	2	1	28	4587
2.682	1	1	269	3	1	28	4587
2.683	1	1	269	4	1	28	4587
2.684	1	1	269	5	1	28	4587
2.717	1	1	272	8	1	28	4587
2.718	1	1	272	9	1	28	4587
2.719	1	1	272	10	1	28	4587
2.72	1	1	273	1	1	28	4587
2.721	1	1	273	2	1	28	4587
2.722	1	1	273	3	1	28	4587
2.723	1	1	273	4	1	28	4587
2.724	1	1	273	5	1	28	4587
2.725	1	1	273	6	1	28	4587
2.726	1	1	273	7	1	28	4587
2.727	1	1	273	8	1	28	4587
2.728	1	1	273	9	1	28	4587
2.729	1	1	273	10	1	28	4587
2.73	1	1	274	1	1	28	4587
2.731	1	1	274	2	1	28	4587
2.764	1	1	277	5	1	28	4587
2.765	1	1	277	6	1	28	4587
2.766	1	1	277	7	1	28	4587
2.767	1	1	277	8	1	28	4587
2.768	1	1	277	9	1	28	4587
2.769	1	1	277	10	1	28	4587
2.77	1	1	278	1	1	28	4587
2.771	1	1	278	2	1	28	4587
2.772	1	1	278	3	1	28	4587
2.773	1	1	278	4	1	28	4587
2.774	1	1	278	5	1	28	4587
2.775	1	1	278	6	1	28	4587
2.776	1	1	278	7	1	28	4587
2.777	1	1	278	8	1	28	4587
2.778	1	1	278	9	1	28	4587
2.811	1	1	282	2	1	28	4587
2.812	1	1	282	3	1	28	4587
2.813	1	1	282	4	1	28	4587
2.814	1	1	282	5	1	28	4587
2.815	1	1	282	6	1	28	4587
2.816	1	1	282	7	1	28	4587
2.817	1	1	282	8	1	28	4587
2.818	1	1	282	9	1	28	4587
2.819	1	1	282	10	1	28	4587
2.82	1	1	283	1	1	28	4587
2.821	1	1	283	2	1	28	4587
2.822	1	1	283	3	1	28	4587
2.823	1	1	283	4	1	28	4587
2.824	1	1	283	5	1	28	4587
2.825	1	1	283	6	1	28	4587
2.858	1	1	286	9	1	28	4587
2.859	1	1	286	10	1	28	4587
2.86	1	1	287	1	1	28	4587
2.861	1	1	287	2	1	28	4587
2.862	1	1	287	3	1	28	4587
2.863	1	1	287	4	1	28	4587
2.864	1	1	287	5	1	28	4587
2.865	1	1	287	6	1	28	4587
2.866	1	1	287	7	1	28	4587
2.867	1	1	287	8	1	28	4587
2.868	1	1	287	9	1	28	4587
2.869	1	1	287	10	1	28	4587
2.87	1	1	288	1	1	28	4587
2.871	1	1	288	2	1	28	4587
2.872	1	1	288	3	1	28	4587
2.905	1	1	291	6	1	28	4587
2.906	1	1	291	7	1	28	4587
2.907	1	1	291	8	1	28	4587
2.908	1	1	291	9	1	28	4587
2.909	1	1	291	10	1	28	4587
2.91	1	1	292	1	1	28	4587
2.911	1	1	292	2	1	28	4587
2.912	1	1	292	3	1	28	4587
2.913	1	1	292	4	1	28	4587
2.914	1	1	292	5	1	28	4587
2.915	1	1	292	6	1	28	4587
2.916	1	1	292	7	1	28	4587
2.917	1	1	292	8	1	28	4587
2.918	1	1	292	9	1	28	4587
2.919	1	1	292	10	1	28	4587
2.952	1	1	296	3	1	28	4587
2.953	1	1	296	4	1	28	4587
2.954	1	1	296	5	1	28	4587
2.955	1	1	296	6	1	28	4587
2.956	1	1	296	7	1	28	4587
2.957	1	1	296	8	1	28	4587
2.958	1	1	296	9	1	28	4587
2.959	1	1	296	10	1	28	4587
2.96	1	1	297	1	1	28	4587
2.961	1	1	297	2	1	28	4587
2.962	1	1	297	3	1	28	4587
2.963	1	1	297	4	1	28	4587
2.964	1	1	297	5	1	28	4587
2.965	1	1	297	6	1	28	4587
2.966	1	1	297	7	1	28	4587
2.999	1	1	300	10	1	28	4587
3	1	1	301	1	1	28	4587
3.001	1	1	301	2	1	28	4587
3.002	1	1	301	3	1	28	4587
3.003	1	1	301	4	1	28	4587
3.004	1	1	301	5	1	28	4587
3.005	1	1	301	6	1	28	4587
3.006	1	1	301	7	1	28	4587
3.007	1	1	301	8	1	28	4587
3.008	1	1	301	9	1	28	4587
3.009	1	1	301	10	1	28	4587
3.01	1	1	302	1	1	28	4587
3.011	1	1	302	2	1	28	4587
3.012	1	1	302	3	1	28	4587
3.013	1	1	302	4	1	28	4587
3.046	1	1	305	7	1	28	4587
3.047	1	1	305	8	1	28	4587
3.048	1	1	305	9	1	28	4587
3.049	1	1	305	10	1	28	4587
3.05	1	1	306	1	1	28	4587
3.051	1	1	306	2	1	28	4587
3.052	1	1	306	3	1	28	4587
3.053	1	1	306	4	1	28	4587
3.054	1	1	306	5	1	28	4587
3.055	1	1	306	6	1	28	4587
3.056	1	1	306	7	1	28	4587
3.057	1	1	306	8	1	28	4587
3.058	1	1	306	9	1	28	4587
3.059	1	1	306	10	1	28	4587
3.06	1	1	307	1	1	28	4587
3.093	1	1	310	4	1	28	4587
3.094	1	1	310	5	1	28	4587
3.095	1	1	310	6	1	28	4587
3.096	1	1	310	7	1	28	4587
3.097	1	1	310	8	1	28	4587
3.098	1	1	310	9	1	28	4587
3.099	1	1	310	10	1	28	4587
3.1	1	1	311	1	1	28	4587
3.101	1	1	311	2	1	28	4587
3.102	1	1	311	3	1	28	4587
3.103	1	1	311	4	1	28	4587
3.104	1	1	311	5	1	28	4587
3.105	1	1	311	6	1	28	4587
3.106	1	1	311	7	1	28	4587
3.107	1	1	311	8	1	28	4587
3.14	1	1	315	1	1	28	4587
3.141	1	1	315	2	1	28	4587
3.142	1	1	315	3	1	28	4587
3.143	1	1	315	4	1	28	4587
3.144	1	1	315	5	1	28	4587
3.145	1	1	315	6	1	28	4587
3.146	1	1	315	7	1	28	4587
3.147	1	1	315	8	1	28	4587
3.148	1	1	315	9	1	28	4587
3.149	1	1	315	10	1	28	4587
3.15	1	1	316	1	1	28	4587
3.151	1	1	316	2	1	28	4587
3.152	1	1	316	3	1	28	4587
3.153	1	1	316	4	1	28	4587
3.154	1	1	316	5	1	28	4587
3.187	1	1	319	8	1	28	4587
3.188	1	1	319	9	1	28	4587
3.189	1	1	319	10	1	28	4587
3.19	1	1	320	1	1	28	4587
3.191	1	1	320	2	1	28	4587
3.192	1	1	320	3	1	28	4587
3.193	1	1	320	4	1	28	4587
3.194	1	1	320	5	1	28	4587
3.195	1	1	320	6	1	28	4587
3.196	1	1	320	7	1	28	4587
3.197	1	1	320	8	1	28	4587
3.198	1	1	320	9	1	28	4587
3.199	1	1	320	10	1	28	4587
3.2	1	1	321	1	1	28	4587
3.201	1	1	321	2	1	28	4587
3.234	1	1	324	5	1	28	4587
3.235	1	1	324	6	1	28	4587
3.236	1	1	324	7	1	28	4587
3.237	1	1	324	8	1	28	4587
3.238	1	1	324	9	1	28	4587
3.239	1	1	324	10	1	28	4587
3.24	1	1	325	1	1	28	4587
3.241	1	1	325	2	1	28	4587
3.242	1	1	325	3	1	28	4587
3.243	1	1	325	4	1	28	4587
3.244	1	1	325	5	1	28	4587
3.245	1	1	325	6	1	28	4587
3.246	1	1	325	7	1	28	4587
3.247	1	1	325	8	1	28	4587
3.248	1	1	325	9	1	28	4587
3.281	1	1	329	2	1	28	4587
3.282	1	1	329	3	1	28	4587
3.283	1	1	329	4	1	28	4587
3.284	1	1	329	5	1	28	4587
3.285	1	1	329	6	1	28	4587
3.286	1	1	329	7	1	28	4587
3.287	1	1	329	8	1	28	4587
3.288	1	1	329	9	1	28	4587
3.289	1	1	329	10	1	28	4587
3.29	1	1	330	1	1	28	4587
3.291	1	1	330	2	1	28	4587
3.292	1	1	330	3	1	28	4587
3.293	1	1	330	4	1	28	4587
3.294	1	1	330	5	1	28	4587
3.295	1	1	330	6	1	28	4587
3.328	1	1	333	9	1	28	4587
3.329	1	1	333	10	1	28	4587
3.33	1	1	334	1	1	28	4587
3.331	1	1	334	2	1	28	4587
3.332	1	1	334	3	1	28	4587
3.333	1	1	334	4	1	28	4587
3.334	1	1	334	5	1	28	4587
3.335	1	1	334	6	1	28	4587
3.336	1	1	334	7	1	28	4587
3.337	1	1	334	8	1	28	4587
3.338	1	1	334	9	1	28	4587
3.339	1	1	334	10	1	28	4587
3.34	1	1	335	1	1	28	4587
3.341	1	1	335	2	1	28	4587
3.342	1	1	335	3	1	28	4587
3.375	1	1	338	6	1	28	4587
3.376	1	1	338	7	1	28	4587
3.377	1	1	338	8	1	28	4587
3.378	1	1	338	9	1	28	4587
3.379	1	1	338	10	1	28	4587
3.38	1	1	339	1	1	28	4587
3.381	1	1	339	2	1	28	4587
3.382	1	1	339	3	1	28	4587
3.383	1	1	339	4	1	28	4587
3.384	1	1	339	5	1	28	4587
3.385	1	1	339	6	1	28	4587
3.386	1	1	339	7	1	28	4587
3.387	1	1	339	8	1	28	4587
3.388	1	1	339	9	1	28	4587
3.389	1	1	339	10	1	28	4587
3.422	1	1	343	3	1	28	4587
3.423	1	1	343	4	1	28	4587
3.424	1	1	343	5	1	28	4587
3.425	1	1	343	6	1	28	4587
3.426	1	1	343	7	1	28	4587
3.427	1	1	343	8	1	28	4587
3.428	1	1	343	9	1	28	4587
3.429	1	1	343	10	1	28	4587
3.43	1	1	344	1	1	28	4587
3.431	1	1	344	2	1	28	4587
3.432	1	1	344	3	1	28	4587
3.433	1	1	344	4	1	28	4587
3.434	1	1	344	5	1	28	4587
3.435	1	1	344	6	1	28	4587
3.436	1	1	344	7	1	28	4587
3.469	1	1	347	10	1	28	4587
3.47	1	1	348	1	1	28	4587
3.471	1	1	348	2	1	28	4587
3.472	1	1	348	3	1	28	4587
3.473	1	1	348	4	1	28	4587
3.474	1	1	348	5	1	28	4587
3.475	1	1	348	6	1	28	4587
3.476	1	1	348	7	1	28	4587
3.477	1	1	348	8	1	28	4587
3.478	1	1	348	9	1	28	4587
3.479	1	1	348	10	1	28	4587
3.48	1	1	349	1	1	28	4587
3.481	1	1	349	2	1	28	4587
3.482	1	1	349	3	1	28	4587
3.483	1	1	349	4	1	28	4587
3.516	1	1	352	7	1	28	4587
3.517	1	1	352	8	1	28	4587
3.518	1	1	352	9	1	28	4587
3.519	1	1	352	10	1	28	4587
3.52	1	1	353	1	1	28	4587
3.521	1	1	353	2	1	28	4587
3.522	1	1	353	3	1	28	4587
3.523	1	1	353	4	1	28	4587
3.524	1	1	353	5	1	28	4587
3.525	1	1	353	6	1	28	4587
3.526	1	1	353	7	1	28	4587
3.527	1	1	353	8	1	28	4587
3.528	1	1	353	9	1	28	4587
3.529	1	1	353	10	1	28	4587
3.53	1	1	354	1	1	28	4587
3.563	1	1	357	4	1	28	4587
3.564	1	1	357	5	1	28	4587
3.565	1	1	357	6	1	28	4587
3.566	1	1	357	7	1	28	4587
3.567	1	1	357	8	1	28	4587
3.568	1	1	357	9	1	28	4587
3.569	1	1	357	10	1	28	4587
3.57	1	1	358	1	1	28	4587
3.571	1	1	358	2	1	28	4587
3.572	1	1	358	3	1	28	4587
3.573	1	1	358	4	1	28	4587
3.574	1	1	358	5	1	28	4587
3.575	1	1	358	6	1	28	4587
3.576	1	1	358	7	1	28	4587
3.577	1	1	358	8	1	28	4587
3.61	1	1	362	1	1	28	4587
3.611	1	1	362	2	1	28	4587
3.612	1	1	362	3	1	28	4587
3.613	1	1	362	4	1	28	4587
3.614	1	1	362	5	1	28	4587
3.615	1	1	362	6	1	28	4587
3.616	1	1	362	7	1	28	4587
3.617	1	1	362	8	1	28	4587
3.618	1	1	362	9	1	28	4587
3.619	1	1	362	10	1	28	4587
3.62	1	1	363	1	1	28	4587
3.621	1	1	363	2	1	28	4587
3.622	1	1	363	3	1	28	4587
3.623	1	1	363	4	1	28	4587
3.624	1	1	363	5	1	28	4587
3.657	1	1	366	8	1	28	4587
3.658	1	1	366	9	1	28	4587
3.659	1	1	366	10	1	28	4587
3.66	1	1	367	1	1	28	4587
3.661	1	1	367	2	1	28	4587
3.662	1	1	367	3	1	28	4587
3.663	1	1	367	4	1	28	4587
3.664	1	1	367	5	1	28	4587
3.665	1	1	367	6	1	28	4587
3.666	1	1	367	7	1	28	4587
3.667	1	1	367	8	1	28	4587
3.668	1	1	367	9	1	28	4587
3.669	1	1	367	10	1	28	4587
3.67	1	1	368	1	1	28	4587
3.671	1	1	368	2	1	28	4587
3.704	1	1	371	5	1	28	4587
3.705	1	1	371	6	1	28	4587
3.706	1	1	371	7	1	28	4587
3.707	1	1	371	8	1	28	4587
3.708	1	1	371	9	1	28	4587
3.709	1	1	371	10	1	28	4587
3.71	1	1	372	1	1	28	4587
3.711	1	1	372	2	1	28	4587
3.712	1	1	372	3	1	28	4587
3.713	1	1	372	4	1	28	4587
3.714	1	1	372	5	1	28	4587
3.715	1	1	372	6	1	28	4587
3.716	1	1	372	7	1	28	4587
3.717	1	1	372	8	1	28	4587
3.718	1	1	372	9	1	28	4587
3.751	1	1	376	2	1	28	4587
3.752	1	1	376	3	1	28	4587
3.753	1	1	376	4	1	28	4587
3.754	1	1	376	5	1	28	4587
3.755	1	1	376	6	1	28	4587
3.756	1	1	376	7	1	28	4587
3.757	1	1	376	8	1	28	4587
3.758	1	1	376	9	1	28	4587
3.759	1	1	376	10	1	28	4587
3.76	1	1	377	1	1	28	4587
3.761	1	1	377	2	1	28	4587
3.762	1	1	377	3	1	28	4587
3.763	1	1	377	4	1	28	4587
3.764	1	1	377	5	1	28	4587
3.765	1	1	377	6	1	28	4587
3.798	1	1	380	9	1	28	4587
3.799	1	1	380	10	1	28	4587
3.8	1	1	381	1	1	28	4587
3.801	1	1	381	2	1	28	4587
3.802	1	1	381	3	1	28	4587
3.803	1	1	381	4	1	28	4587
3.804	1	1	381	5	1	28	4587
3.805	1	1	381	6	1	28	4587
3.806	1	1	381	7	1	28	4587
3.807	1	1	381	8	1	28	4587
3.808	1	1	381	9	1	28	4587
3.809	1	1	381	10	1	28	4587
3.81	1	1	382	1	1	28	4587
3.811	1	1	382	2	1	28	4587
3.812	1	1	382	3	1	28	4587
3.845	1	1	385	6	1	28	4587
3.846	1	1	385	7	1	28	4587
3.847	1	1	385	8	1	28	4587
3.848	1	1	385	9	1	28	4587
3.849	1	1	385	10	1	28	4587
3.85	1	1	386	1	1	28	4587
3.851	1	1	386	2	1	28	4587
3.852	1	1	386	3	1	28	4587
3.853	1	1	386	4	1	28	4587
3.854	1	1	386	5	1	28	4587
3.855	1	1	386	6	1	28	4587
3.856	1	1	386	7	1	28	4587
3.857	1	1	386	8	1	28	4587
3.858	1	1	386	9	1	28	4587
3.859	1	1	386	10	1	28	4587
3.892	1	1	390	3	1	28	4587
3.893	1	1	390	4	1	28	4587
3.894	1	1	390	5	1	28	4587
3.895	1	1	390	6	1	28	4587
3.896	1	1	390	7	1	28	4587
3.897	1	1	390	8	1	28	4587
3.898	1	1	390	9	1	28	4587
3.899	1	1	390	10	1	28	4587
3.9	1	1	391	1	1	28	4587
3.901	1	1	391	2	1	28	4587
3.902	1	1	391	3	1	28	4587
3.903	1	1	391	4	1	28	4587
3.904	1	1	391	5	1	28	4587
3.905	1	1	391	6	1	28	4587
3.906	1	1	391	7	1	28	4587
3.939	1	1	394	10	1	28	4587
3.94	1	1	395	1	1	28	4587
3.941	1	1	395	2	1	28	4587
3.942	1	1	395	3	1	28	4587
3.943	1	1	395	4	1	28	4587
3.944	1	1	395	5	1	28	4587
3.945	1	1	395	6	1	28	4587
3.946	1	1	395	7	1	28	4587
3.947	1	1	395	8	1	28	4587
3.948	1	1	395	9	1	28	4587
3.949	1	1	395	10	1	28	4587
3.95	1	1	396	1	1	28	4587
3.951	1	1	396	2	1	28	4587
3.952	1	1	396	3	1	28	4587
3.953	1	1	396	4	1	28	4587
3.986	1	1	399	7	1	28	4587
3.987	1	1	399	8	1	28	4587
3.988	1	1	399	9	1	28	4587
3.989	1	1	399	10	1	28	4587
3.99	1	1	400	1	1	28	4587
3.991	1	1	400	2	1	28	4587
3.992	1	1	400	3	1	28	4587
3.993	1	1	400	4	1	28	4587
3.994	1	1	400	5	1	28	4587
3.995	1	1	400	6	1	28	4587
3.996	1	1	400	7	1	28	4587
3.997	1	1	400	8	1	28	4587
3.998	1	1	400	9	1	28	4587
3.999	1	1	400	10	1	28	4587
4	1	1	401	1	1	28	4587
4.033	1	1	404	4	1	28	4587
4.034	1	1	404	5	1	28	4587
4.035	1	1	404	6	1	28	4587
4.036	1	1	404	7	1	28	4587
4.037	1	1	404	8	1	28	4587
4.038	1	1	404	9	1	28	4587
4.039	1	1	404	10	1	28	4587
4.04	1	1	405	1	1	28	4587
4.041	1	1	405	2	1	28	4587
4.042	1	1	405	3	1	28	4587
4.043	1	1	405	4	1	28	4587
4.044	1	1	405	5	1	28	4587
4.045	1	1	405	6	1	28	4587
4.046	1	1	405	7	1	28	4587
4.047	1	1	405	8	1	28	4587
4.08	1	1	409	1	1	28	4587
4.081	1	1	409	2	1	28	4587
4.082	1	1	409	3	1	28	4587
4.083	1	1	409	4	1	28	4587
4.084	1	1	409	5	1	28	4587
4.085	1	1	409	6	1	28	4587
4.086	1	1	409	7	1	28	4587
4.087	1	1	409	8	1	28	4587
4.088	1	1	409	9	1	28	4587
4.089	1	1	409	10	1	28	4587
4.09	1	1	410	1	1	28	4587
4.091	1	1	410	2	1	28	4587
4.092	1	1	410	3	1	28	4587
4.093	1	1	410	4	1	28	4587
4.094	1	1	410	5	1	28	4587
4.127	1	1	413	8	1	28	4587
4.128	1	1	413	9	1	28	4587
4.129	1	1	413	10	1	28	4587
4.13	1	1	414	1	1	28	4587
4.131	1	1	414	2	1	28	4587
4.132	1	1	414	3	1	28	4587
4.133	1	1	414	4	1	28	4587
4.134	1	1	414	5	1	28	4587
4.135	1	1	414	6	1	28	4587
4.136	1	1	414	7	1	28	4587
4.137	1	1	414	8	1	28	4587
4.138	1	1	414	9	1	28	4587
4.139	1	1	414	10	1	28	4587
4.14	1	1	415	1	1	28	4587
4.141	1	1	415	2	1	28	4587
4.174	1	1	418	5	1	28	4587
4.175	1	1	418	6	1	28	4587
4.176	1	1	418	7	1	28	4587
4.177	1	1	418	8	1	28	4587
4.178	1	1	418	9	1	28	4587
4.179	1	1	418	10	1	28	4587
4.18	1	1	419	1	1	28	4587
4.181	1	1	419	2	1	28	4587
4.182	1	1	419	3	1	28	4587
4.183	1	1	419	4	1	28	4587
4.184	1	1	419	5	1	28	4587
4.185	1	1	419	6	1	28	4587
4.186	1	1	419	7	1	28	4587
4.187	1	1	419	8	1	28	4587
4.188	1	1	419	9	1	28	4587
4.221	1	1	423	2	1	28	4587
4.222	1	1	423	3	1	28	4587
4.223	1	1	423	4	1	28	4587
4.224	1	1	423	5	1	28	4587
4.225	1	1	423	6	1	28	4587
4.226	1	1	423	7	1	28	4587
4.227	1	1	423	8	1	28	4587
4.228	1	1	423	9	1	28	4587
4.229	1	1	423	10	1	28	4587
4.23	1	1	424	1	1	28	4587
4.231	1	1	424	2	1	28	4587
4.232	1	1	424	3	1	28	4587
4.233	1	1	424	4	1	28	4587
4.234	1	1	424	5	1	28	4587
4.235	1	1	424	6	1	28	4587
4.268	1	1	427	9	1	28	4587
4.269	1	1	427	10	1	28	4587
4.27	1	1	428	1	1	28	4587
4.271	1	1	428	2	1	28	4587
4.272	1	1	428	3	1	28	4587
4.273	1	1	428	4	1	28	4587
4.274	1	1	428	5	1	28	4587
4.275	1	1	428	6	1	28	4587
4.276	1	1	428	7	1	28	4587
4.277	1	1	428	8	1	28	4587
4.278	1	1	428	9	1	28	4587
4.279	1	1	428	10	1	28	4587
4.28	1	1	429	1	1	28	4587
4.281	1	1	429	2	1	28	4587
4.282	1	1	429	3	1	28	4587
4.315	1	1	432	6	1	28	4587
4.316	1	1	432	7	1	28	4587
4.317	1	1	432	8	1	28	4587
4.318	1	1	432	9	1	28	4587
4.319	1	1	432	10	1	28	4587
4.32	1	1	433	1	1	28	4587
4.321	1	1	433	2	1	28	4587
4.322	1	1	433	3	1	28	4587
4.323	1	1	433	4	1	28	4587
4.324	1	1	433	5	1	28	4587
4.325	1	1	433	6	1	28	4587
4.326	1	1	433	7	1	28	4587
4.327	1	1	433	8	1	28	4587
4.328	1	1	433	9	1	28	4587
4.329	1	1	433	10	1	28	4587
4.362	1	1	437	3	1	28	4587
4.363	1	1	437	4	1	28	4587
4.364	1	1	437	5	1	28	4587
4.365	1	1	437	6	1	28	4587
4.366	1	1	437	7	1	28	4587
4.367	1	1	437	8	1	28	4587
4.368	1	1	437	9	1	28	4587
4.369	1	1	437	10	1	28	4587
4.37	1	1	438	1	1	28	4587
4.371	1	1	438	2	1	28	4587
4.372	1	1	438	3	1	28	4587
4.373	1	1	438	4	1	28	4587
4.374	1	1	438	5	1	28	4587
4.375	1	1	438	6	1	28	4587
4.376	1	1	438	7	1	28	4587
4.409	1	1	441	10	1	28	4587
4.41	1	1	442	1	1	28	4587
4.411	1	1	442	2	1	28	4587
4.412	1	1	442	3	1	28	4587
4.413	1	1	442	4	1	28	4587
4.414	1	1	442	5	1	28	4587
4.415	1	1	442	6	1	28	4587
4.416	1	1	442	7	1	28	4587
4.417	1	1	442	8	1	28	4587
4.418	1	1	442	9	1	28	4587
4.419	1	1	442	10	1	28	4587
4.42	1	1	443	1	1	28	4587
4.421	1	1	443	2	1	28	4587
4.422	1	1	443	3	1	28	4587
4.423	1	1	443	4	1	28	4587
4.456	1	1	446	7	1	28	4587
4.457	1	1	446	8	1	28	4587
4.458	1	1	446	9	1	28	4587
4.459	1	1	446	10	1	28	4587
4.46	1	1	447	1	1	28	4587
4.461	1	1	447	2	1	28	4587
4.462	1	1	447	3	1	28	4587
4.463	1	1	447	4	1	28	4587
4.464	1	1	447	5	1	28	4587
4.465	1	1	447	6	1	28	4587
4.466	1	1	447	7	1	28	4587
4.467	1	1	447	8	1	28	4587
4.468	1	1	447	9	1	28	4587
4.469	1	1	447	10	1	28	4587
4.47	1	1	448	1	1	28	4587
4.503	1	1	451	4	1	28	4587
4.504	1	1	451	5	1	28	4587
4.505	1	1	451	6	1	28	4587
4.506	1	1	451	7	1	28	4587
4.507	1	1	451	8	1	28	4587
4.508	1	1	451	9	1	28	4587
4.509	1	1	451	10	1	28	4587
4.51	1	1	452	1	1	28	4587
4.511	1	1	452	2	1	28	4587
4.512	1	1	452	3	1	28	4587
4.513	1	1	452	4	1	28	4587
4.514	1	1	452	5	1	28	4587
4.515	1	1	452	6	1	28	4587
4.516	1	1	452	7	1	28	4587
4.517	1	1	452	8	1	28	4587
4.55	1	1	456	1	1	28	4587
4.551	1	1	456	2	1	28	4587
4.552	1	1	456	3	1	28	4587
4.553	1	1	456	4	1	28	4587
4.554	1	1	456	5	1	28	4587
4.555	1	1	456	6	1	28	4587
4.556	1	1	456	7	1	28	4587
4.557	1	1	456	8	1	28	4587
4.558	1	1	456	9	1	28	4587
4.559	1	1	456	10	1	28	4587
4.56	1	1	457	1	1	28	4587
4.561	1	1	457	2	1	28	4587
4.562	1	1	457	3	1	28	4587
4.563	1	1	457	4	1	28	4587
4.564	1	1	457	5	1	28	4587
4.597	1	1	460	8	1	28	4587
4.598	1	1	460	9	1	28	4587
4.599	1	1	460	10	1	28	4587
4.6	1	1	461	1	1	28	4587
4.601	1	1	461	2	1	28	4587
4.602	1	1	461	3	1	28	4587
4.603	1	1	461	4	1	28	4587
4.604	1	1	461	5	1	28	4587
4.605	1	1	461	6	1	28	4587
4.606	1	1	461	7	1	28	4587
4.607	1	1	461	8	1	28	4587
4.608	1	1	461	9	1	28	4587
4.609	1	1	461	10	1	28	4587
4.61	1	1	462	1	1	28	4587
4.611	1	1	462	2	1	28	4587
4.644	1	1	465	5	1	28	4587
4.645	1	1	465	6	1	28	4587
4.646	1	1	465	7	1	28	4587
4.647	1	1	465	8	1	28	4587
4.648	1	1	465	9	1	28	4587
4.649	1	1	465	10	1	28	4587
4.65	1	1	466	1	1	28	4587
4.651	1	1	466	2	1	28	4587
4.652	1	1	466	3	1	28	4587
4.653	1	1	466	4	1	28	4587
4.654	1	1	466	5	1	28	4587
4.655	1	1	466	6	1	28	4587
4.656	1	1	466	7	1	28	4587
4.657	1	1	466	8	1	28	4587
4.658	1	1	466	9	1	28	4587
4.691	1	1	470	2	1	28	4587
4.692	1	1	470	3	1	28	4587
4.693	1	1	470	4	1	28	4587
4.694	1	1	470	5	1	28	4587
4.695	1	1	470	6	1	28	4587
4.696	1	1	470	7	1	28	4587
4.697	1	1	470	8	1	28	4587
4.698	1	1	470	9	1	28	4587
4.699	1	1	470	10	1	28	4587
4.7	1	1	471	1	1	28	4587
4.701	1	1	471	2	1	28	4587
4.702	1	1	471	3	1	28	4587
4.703	1	1	471	4	1	28	4587
4.704	1	1	471	5	1	28	4587
4.705	1	1	471	6	1	28	4587
4.738	1	1	474	9	1	28	4587
4.739	1	1	474	10	1	28	4587
4.74	1	1	475	1	1	28	4587
4.741	1	1	475	2	1	28	4587
4.742	1	1	475	3	1	28	4587
4.743	1	1	475	4	1	28	4587
4.744	1	1	475	5	1	28	4587
4.745	1	1	475	6	1	28	4587
4.746	1	1	475	7	1	28	4587
4.747	1	1	475	8	1	28	4587
4.748	1	1	475	9	1	28	4587
4.749	1	1	475	10	1	28	4587
4.75	1	1	476	1	1	28	4587
4.751	1	1	476	2	1	28	4587
4.752	1	1	476	3	1	28	4587
4.785	1	1	479	6	1	28	4587
4.786	1	1	479	7	1	28	4587
4.787	1	1	479	8	1	28	4587
4.788	1	1	479	9	1	28	4587
4.789	1	1	479	10	1	28	4587
4.79	1	1	480	1	1	28	4587
4.791	1	1	480	2	1	28	4587
4.792	1	1	480	3	1	28	4587
4.793	1	1	480	4	1	28	4587
4.794	1	1	480	5	1	28	4587
4.795	1	1	480	6	1	28	4587
4.796	1	1	480	7	1	28	4587
4.797	1	1	480	8	1	28	4587
4.798	1	1	480	9	1	28	4587
4.799	1	1	480	10	1	28	4587
4.832	1	1	484	3	1	28	4587
4.833	1	1	484	4	1	28	4587
4.834	1	1	484	5	1	28	4587
4.835	1	1	484	6	1	28	4587
4.836	1	1	484	7	1	28	4587
4.837	1	1	484	8	1	28	4587
4.838	1	1	484	9	1	28	4587
4.839	1	1	484	10	1	28	4587
4.84	1	1	485	1	1	28	4587
4.841	1	1	485	2	1	28	4587
4.842	1	1	485	3	1	28	4587
4.843	1	1	485	4	1	28	4587
4.844	1	1	485	5	1	28	4587
4.845	1	1	485	6	1	28	4587
4.846	1	1	485	7	1	28	4587
4.879	1	1	488	10	1	28	4587
4.88	1	1	489	1	1	28	4587
4.881	1	1	489	2	1	28	4587
4.882	1	1	489	3	1	28	4587
4.883	1	1	489	4	1	28	4587
4.884	1	1	489	5	1	28	4587
4.885	1	1	489	6	1	28	4587
4.886	1	1	489	7	1	28	4587
4.887	1	1	489	8	1	28	4587
4.888	1	1	489	9	1	28	4587
4.889	1	1	489	10	1	28	4587
4.89	1	1	490	1	1	28	4587
4.891	1	1	490	2	1	28	4587
4.892	1	1	490	3	1	28	4587
4.893	1	1	490	4	1	28	4587
4.926	1	1	493	7	1	28	4587
4.927	1	1	493	8	1	28	4587
4.928	1	1	493	9	1	28	4587
4.929	1	1	493	10	1	28	4587
4.93	1	1	494	1	1	28	4587
4.931	1	1	494	2	1	28	4587
4.932	1	1	494	3	1	28	4587
4.933	1	1	494	4	1	28	4587
4.934	1	1	494	5	1	28	4587
4.935	1	1	494	6	1	28	4587
4.936	1	1	494	7	1	28	4587
4.937	1	1	494	8	1	28	4587
4.938	1	1	494	9	1	28	4587
4.939	1	1	494	10	1	28	4587
4.94	1	1	495	1	1	28	4587
4.973	1	1	498	4	1	28	4587
4.974	1	1	498	5	1	28	4587
4.975	1	1	498	6	1	28	4587
4.976	1	1	498	7	1	28	4587
4.977	1	1	498	8	1	28	4587
4.978	1	1	498	9	1	28	4587
4.979	1	1	498	10	1	28	4587
4.98	1	1	499	1	1	28	4587
4.981	1	1	499	2	1	28	4587
4.982	1	1	499	3	1	28	4587
4.983	1	1	499	4	1	28	4587
4.984	1	1	499	5	1	28	4587
4.985	1	1	499	6	1	28	4587
4.986	1	1	499	7	1	28	4587
4.987	1	1	499	8	1	28	4587
5.02	1	1	503	1	1	28	4587
5.021	1	1	503	2	1	28	4587
5.022	1	1	503	3	1	28	4587
5.023	1	1	503	4	1	28	4587
5.024	1	1	503	5	1	28	4587
5.025	1	1	503	6	1	28	4587
5.026	1	1	503	7	1	28	4587
5.027	1	1	503	8	1	28	4587
5.028	1	1	503	9	1	28	4587
5.029	1	1	503	10	1	28	4587
5.03	1	1	504	1	1	28	4587
5.031	1	1	504	2	1	28	4587
5.032	1	1	504	3	1	28	4587
5.033	1	1	504	4	1	28	4587
5.034	1	1	504	5	1	28	4587
5.067	1	1	507	8	1	28	4587
5.068	1	1	507	9	1	28	4587
5.069	1	1	507	10	1	28	4587
5.07	1	1	508	1	1	28	4587
5.071	1	1	508	2	1	28	4587
5.072	1	1	508	3	1	28	4587
5.073	1	1	508	4	1	28	4587
5.074	1	1	508	5	1	28	4587
5.075	1	1	508	6	1	28	4587
5.076	1	1	508	7	1	28	4587
5.077	1	1	508	8	1	28	4587
5.078	1	1	508	9	1	28	4587
5.079	1	1	508	10	1	28	4587
5.08	1	1	509	1	1	28	4587
5.081	1	1	509	2	1	28	4587
5.114	1	1	512	5	1	28	4587
5.115	1	1	512	6	1	28	4587
5.116	1	1	512	7	1	28	4587
5.117	1	1	512	8	1	28	4587
5.118	1	1	512	9	1	28	4587
5.119	1	1	512	10	1	28	4587
5.12	1	1	513	1	1	28	4587
5.121	1	1	513	2	1	28	4587
5.122	1	1	513	3	1	28	4587
5.123	1	1	513	4	1	28	4587
5.124	1	1	513	5	1	28	4587
5.125	1	1	513	6	1	28	4587
5.126	1	1	513	7	1	28	4587
5.127	1	1	513	8	1	28	4587
5.128	1	1	513	9	1	28	4587
5.161	1	1	517	2	1	28	4587
5.162	1	1	517	3	1	28	4587
5.163	1	1	517	4	1	28	4587
5.164	1	1	517	5	1	28	4587
5.165	1	1	517	6	1	28	4587
5.166	1	1	517	7	1	28	4587
5.167	1	1	517	8	1	28	4587
5.168	1	1	517	9	1	28	4587
5.169	1	1	517	10	1	28	4587
5.17	1	1	518	1	1	28	4587
5.171	1	1	518	2	1	28	4587
5.172	1	1	518	3	1	28	4587
5.173	1	1	518	4	1	28	4587
5.174	1	1	518	5	1	28	4587
5.175	1	1	518	6	1	28	4587
5.208	1	1	521	9	1	28	4587
5.209	1	1	521	10	1	28	4587
5.21	1	1	522	1	1	28	4587
5.211	1	1	522	2	1	28	4587
5.212	1	1	522	3	1	28	4587
5.213	1	1	522	4	1	28	4587
5.214	1	1	522	5	1	28	4587
5.215	1	1	522	6	1	28	4587
5.216	1	1	522	7	1	28	4587
5.217	1	1	522	8	1	28	4587
5.218	1	1	522	9	1	28	4587
5.219	1	1	522	10	1	28	4587
5.22	1	1	523	1	1	28	4587
5.221	1	1	523	2	1	28	4587
5.222	1	1	523	3	1	28	4587
5.255	1	1	526	6	1	28	4587
5.256	1	1	526	7	1	28	4587
5.257	1	1	526	8	1	28	4587
5.258	1	1	526	9	1	28	4587
5.259	1	1	526	10	1	28	4587
5.26	1	1	527	1	1	28	4587
5.261	1	1	527	2	1	28	4587
5.262	1	1	527	3	1	28	4587
5.263	1	1	527	4	1	28	4587
5.264	1	1	527	5	1	28	4587
5.265	1	1	527	6	1	28	4587
5.266	1	1	527	7	1	28	4587
5.267	1	1	527	8	1	28	4587
5.268	1	1	527	9	1	28	4587
5.269	1	1	527	10	1	28	4587
5.302	1	1	531	3	1	28	4587
5.303	1	1	531	4	1	28	4587
5.304	1	1	531	5	1	28	4587
5.305	1	1	531	6	1	28	4587
5.306	1	1	531	7	1	28	4587
5.307	1	1	531	8	1	28	4587
5.308	1	1	531	9	1	28	4587
5.309	1	1	531	10	1	28	4587
5.31	1	1	532	1	1	28	4587
5.311	1	1	532	2	1	28	4587
5.312	1	1	532	3	1	28	4587
5.313	1	1	532	4	1	28	4587
5.314	1	1	532	5	1	28	4587
5.315	1	1	532	6	1	28	4587
5.316	1	1	532	7	1	28	4587
5.349	1	1	535	10	1	28	4587
5.35	1	1	536	1	1	28	4587
5.351	1	1	536	2	1	28	4587
5.352	1	1	536	3	1	28	4587
5.353	1	1	536	4	1	28	4587
5.354	1	1	536	5	1	28	4587
5.355	1	1	536	6	1	28	4587
5.356	1	1	536	7	1	28	4587
5.357	1	1	536	8	1	28	4587
5.358	1	1	536	9	1	28	4587
5.359	1	1	536	10	1	28	4587
5.36	1	1	537	1	1	28	4587
5.361	1	1	537	2	1	28	4587
5.362	1	1	537	3	1	28	4587
5.363	1	1	537	4	1	28	4587
5.396	1	1	540	7	1	28	4587
5.397	1	1	540	8	1	28	4587
5.398	1	1	540	9	1	28	4587
5.399	1	1	540	10	1	28	4587
5.4	1	1	541	1	1	28	4587
5.401	1	1	541	2	1	28	4587
5.402	1	1	541	3	1	28	4587
5.403	1	1	541	4	1	28	4587
5.404	1	1	541	5	1	28	4587
5.405	1	1	541	6	1	28	4587
5.406	1	1	541	7	1	28	4587
5.407	1	1	541	8	1	28	4587
5.408	1	1	541	9	1	28	4587
5.409	1	1	541	10	1	28	4587
5.41	1	1	542	1	1	28	4587
5.443	1	1	545	4	1	28	4587
5.444	1	1	545	5	1	28	4587
5.445	1	1	545	6	1	28	4587
5.446	1	1	545	7	1	28	4587
5.447	1	1	545	8	1	28	4587
5.448	1	1	545	9	1	28	4587
5.449	1	1	545	10	1	28	4587
5.45	1	1	546	1	1	28	4587
5.451	1	1	546	2	1	28	4587
5.452	1	1	546	3	1	28	4587
5.453	1	1	546	4	1	28	4587
5.454	1	1	546	5	1	28	4587
5.455	1	1	546	6	1	28	4587
5.456	1	1	546	7	1	28	4587
5.457	1	1	546	8	1	28	4587
5.49	1	1	550	1	1	28	4587
5.491	1	1	550	2	1	28	4587
5.492	1	1	550	3	1	28	4587
5.493	1	1	550	4	1	28	4587
5.494	1	1	550	5	1	28	4587
5.495	1	1	550	6	1	28	4587
5.496	1	1	550	7	1	28	4587
5.497	1	1	550	8	1	28	4587
5.498	1	1	550	9	1	28	4587
5.499	1	1	550	10	1	28	4587
5.5	1	1	551	1	1	28	4587
5.501	1	1	551	2	1	28	4587
5.502	1	1	551	3	1	28	4587
5.503	1	1	551	4	1	28	4587
5.504	1	1	551	5	1	28	4587
5.537	1	1	554	8	1	28	4587
5.538	1	1	554	9	1	28	4587
5.539	1	1	554	10	1	28	4587
5.54	1	1	555	1	1	28	4587
5.541	1	1	555	2	1	28	4587
5.542	1	1	555	3	1	28	4587
5.543	1	1	555	4	1	28	4587
5.544	1	1	555	5	1	28	4587
5.545	1	1	555	6	1	28	4587
5.546	1	1	555	7	1	28	4587
5.547	1	1	555	8	1	28	4587
5.548	1	1	555	9	1	28	4587
5.549	1	1	555	10	1	28	4587
5.55	1	1	556	1	1	28	4587
5.551	1	1	556	2	1	28	4587
5.584	1	1	559	5	1	28	4587
5.585	1	1	559	6	1	28	4587
5.586	1	1	559	7	1	28	4587
5.587	1	1	559	8	1	28	4587
5.588	1	1	559	9	1	28	4587
5.589	1	1	559	10	1	28	4587
5.59	1	1	560	1	1	28	4587
5.591	1	1	560	2	1	28	4587
5.592	1	1	560	3	1	28	4587
5.593	1	1	560	4	1	28	4587
5.594	1	1	560	5	1	28	4587
5.595	1	1	560	6	1	28	4587
5.596	1	1	560	7	1	28	4587
5.597	1	1	560	8	1	28	4587
5.598	1	1	560	9	1	28	4587
5.631	1	1	564	2	1	28	4587
5.632	1	1	564	3	1	28	4587
5.633	1	1	564	4	1	28	4587
5.634	1	1	564	5	1	28	4587
5.635	1	1	564	6	1	28	4587
5.636	1	1	564	7	1	28	4587
5.637	1	1	564	8	1	28	4587
5.638	1	1	564	9	1	28	4587
5.639	1	1	564	10	1	28	4587
5.64	1	1	565	1	1	28	4587
5.641	1	1	565	2	1	28	4587
5.642	1	1	565	3	1	28	4587
5.643	1	1	565	4	1	28	4587
5.644	1	1	565	5	1	28	4587
5.645	1	1	565	6	1	28	4587
5.678	1	1	568	9	1	28	4587
5.679	1	1	568	10	1	28	4587
5.68	1	1	569	1	1	28	4587
5.681	1	1	569	2	1	28	4587
5.682	1	1	569	3	1	28	4587
5.683	1	1	569	4	1	28	4587
5.684	1	1	569	5	1	28	4587
5.685	1	1	569	6	1	28	4587
5.686	1	1	569	7	1	28	4587
5.687	1	1	569	8	1	28	4587
5.688	1	1	569	9	1	28	4587
5.689	1	1	569	10	1	28	4587
5.69	1	1	570	1	1	28	4587
5.691	1	1	570	2	1	28	4587
5.692	1	1	570	3	1	28	4587
5.725	1	1	573	6	1	28	4587
5.726	1	1	573	7	1	28	4587
5.727	1	1	573	8	1	28	4587
5.728	1	1	573	9	1	28	4587
5.729	1	1	573	10	1	28	4587
5.73	1	1	574	1	1	28	4587
5.731	1	1	574	2	1	28	4587
5.732	1	1	574	3	1	28	4587
5.733	1	1	574	4	1	28	4587
5.734	1	1	574	5	1	28	4587
5.735	1	1	574	6	1	28	4587
5.736	1	1	574	7	1	28	4587
5.737	1	1	574	8	1	28	4587
5.738	1	1	574	9	1	28	4587
5.739	1	1	574	10	1	28	4587
5.772	1	1	578	3	1	28	4587
5.773	1	1	578	4	1	28	4587
5.774	1	1	578	5	1	28	4587
5.775	1	1	578	6	1	28	4587
5.776	1	1	578	7	1	28	4587
5.777	1	1	578	8	1	28	4587
5.778	1	1	578	9	1	28	4587
5.779	1	1	578	10	1	28	4587
5.78	1	1	579	1	1	28	4587
5.781	1	1	579	2	1	28	4587
5.782	1	1	579	3	1	28	4587
5.783	1	1	579	4	1	28	4587
5.784	1	1	579	5	1	28	4587
5.785	1	1	579	6	1	28	4587
5.786	1	1	579	7	1	28	4587
5.819	1	1	582	10	1	28	4587
5.82	1	1	583	1	1	28	4587
5.821	1	1	583	2	1	28	4587
5.822	1	1	583	3	1	28	4587
5.823	1	1	583	4	1	28	4587
5.824	1	1	583	5	1	28	4587
5.825	1	1	583	6	1	28	4587
5.826	1	1	583	7	1	28	4587
5.827	1	1	583	8	1	28	4587
5.828	1	1	583	9	1	28	4587
5.829	1	1	583	10	1	28	4587
5.83	1	1	584	1	1	28	4587
5.831	1	1	584	2	1	28	4587
5.832	1	1	584	3	1	28	4587
5.833	1	1	584	4	1	28	4587
5.866	1	1	587	7	1	28	4587
5.867	1	1	587	8	1	28	4587
5.868	1	1	587	9	1	28	4587
5.869	1	1	587	10	1	28	4587
5.87	1	1	588	1	1	28	4587
5.871	1	1	588	2	1	28	4587
5.872	1	1	588	3	1	28	4587
5.873	1	1	588	4	1	28	4587
5.874	1	1	588	5	1	28	4587
5.875	1	1	588	6	1	28	4587
5.876	1	1	588	7	1	28	4587
5.877	1	1	588	8	1	28	4587
5.878	1	1	588	9	1	28	4587
5.879	1	1	588	10	1	28	4587
5.88	1	1	589	1	1	28	4587
5.913	1	1	592	4	1	28	4587
5.914	1	1	592	5	1	28	4587
5.915	1	1	592	6	1	28	4587
5.916	1	1	592	7	1	28	4587
5.917	1	1	592	8	1	28	4587
5.918	1	1	592	9	1	28	4587
5.919	1	1	592	10	1	28	4587
5.92	1	1	593	1	1	28	4587
5.921	1	1	593	2	1	28	4587
5.922	1	1	593	3	1	28	4587
5.923	1	1	593	4	1	28	4587
5.924	1	1	593	5	1	28	4587
5.925	1	1	593	6	1	28	4587
5.926	1	1	593	7	1	28	4587
5.927	1	1	593	8	1	28	4587
5.96	1	1	597	1	1	28	4587
5.961	1	1	597	2	1	28	4587
5.962	1	1	597	3	1	28	4587
5.963	1	1	597	4	1	28	4587
5.964	1	1	597	5	1	28	4587
5.965	1	1	597	6	1	28	4587
5.966	1	1	597	7	1	28	4587
5.967	1	1	597	8	1	28	4587
5.968	1	1	597	9	1	28	4587
5.969	1	1	597	10	1	28	4587
5.97	1	1	598	1	1	28	4587
5.971	1	1	598	2	1	28	4587
5.972	1	1	598	3	1	28	4587
5.973	1	1	598	4	1	28	4587
5.974	1	1	598	5	1	28	4587
6.007	1	1	601	8	1	28	4587
6.008	1	1	601	9	1	28	4587
6.009	1	1	601	10	1	28	4587
6.01	1	1	602	1	1	28	4587
6.011	1	1	602	2	1	28	4587
6.012	1	1	602	3	1	28	4587
6.013	1	1	602	4	1	28	4587
6.014	1	1	602	5	1	28	4587
6.015	1	1	602	6	1	28	4587
6.016	1	1	602	7	1	28	4587
6.017	1	1	602	8	1	28	4587
6.018	1	1	602	9	1	28	4587
6.019	1	1	602	10	1	28	4587
6.02	1	1	603	1	1	28	4587
6.021	1	1	603	2	1	28	4587
6.054	1	1	606	5	1	28	4587
6.055	1	1	606	6	1	28	4587
6.056	1	1	606	7	1	28	4587
6.057	1	1	606	8	1	28	4587
6.058	1	1	606	9	1	28	4587
6.059	1	1	606	10	1	28	4587
6.06	1	1	607	1	1	28	4587
6.061	1	1	607	2	1	28	4587
6.062	1	1	607	3	1	28	4587
6.063	1	1	607	4	1	28	4587
6.064	1	1	607	5	1	28	4587
6.065	1	1	607	6	1	28	4587
6.066	1	1	607	7	1	28	4587
6.067	1	1	607	8	1	28	4587
6.068	1	1	607	9	1	28	4587
6.101	1	1	611	2	1	28	4587
6.102	1	1	611	3	1	28	4587
6.103	1	1	611	4	1	28	4587
6.104	1	1	611	5	1	28	4587
6.105	1	1	611	6	1	28	4587
6.106	1	1	611	7	1	28	4587
6.107	1	1	611	8	1	28	4587
6.108	1	1	611	9	1	28	4587
6.109	1	1	611	10	1	28	4587
6.11	1	1	612	1	1	28	4587
6.111	1	1	612	2	1	28	4587
6.112	1	1	612	3	1	28	4587
6.113	1	1	612	4	1	28	4587
6.114	1	1	612	5	1	28	4587
6.115	1	1	612	6	1	28	4587
6.148	1	1	615	9	1	28	4587
6.149	1	1	615	10	1	28	4587
6.15	1	1	616	1	1	28	4587
6.151	1	1	616	2	1	28	4587
6.152	1	1	616	3	1	28	4587
6.153	1	1	616	4	1	28	4587
6.154	1	1	616	5	1	28	4587
6.155	1	1	616	6	1	28	4587
6.156	1	1	616	7	1	28	4587
6.157	1	1	616	8	1	28	4587
6.158	1	1	616	9	1	28	4587
6.159	1	1	616	10	1	28	4587
6.16	1	1	617	1	1	28	4587
6.161	1	1	617	2	1	28	4587
6.162	1	1	617	3	1	28	4587
6.195	1	1	620	6	1	28	4587
6.196	1	1	620	7	1	28	4587
6.197	1	1	620	8	1	28	4587
6.198	1	1	620	9	1	28	4587
6.199	1	1	620	10	1	28	4587
6.2	1	1	621	1	1	28	4587
6.201	1	1	621	2	1	28	4587
6.202	1	1	621	3	1	28	4587
6.203	1	1	621	4	1	28	4587
6.204	1	1	621	5	1	28	4587
6.205	1	1	621	6	1	28	4587
6.206	1	1	621	7	1	28	4587
6.207	1	1	621	8	1	28	4587
6.208	1	1	621	9	1	28	4587
6.209	1	1	621	10	1	28	4587
6.242	1	1	625	3	1	28	4587
6.243	1	1	625	4	1	28	4587
6.244	1	1	625	5	1	28	4587
6.245	1	1	625	6	1	28	4587
6.246	1	1	625	7	1	28	4587
6.247	1	1	625	8	1	28	4587
6.248	1	1	625	9	1	28	4587
6.249	1	1	625	10	1	28	4587
6.25	1	1	626	1	1	28	4587
6.251	1	1	626	2	1	28	4587
6.252	1	1	626	3	1	28	4587
6.253	1	1	626	4	1	28	4587
6.254	1	1	626	5	1	28	4587
6.255	1	1	626	6	1	28	4587
6.256	1	1	626	7	1	28	4587
6.289	1	1	629	10	1	28	4587
6.29	1	1	630	1	1	28	4587
6.291	1	1	630	2	1	28	4587
6.292	1	1	630	3	1	28	4587
6.293	1	1	630	4	1	28	4587
6.294	1	1	630	5	1	28	4587
6.295	1	1	630	6	1	28	4587
6.296	1	1	630	7	1	28	4587
6.297	1	1	630	8	1	28	4587
6.298	1	1	630	9	1	28	4587
6.299	1	1	630	10	1	28	4587
6.3	1	1	631	1	1	28	4587
6.301	1	1	631	2	1	28	4587
6.302	1	1	631	3	1	28	4587
6.303	1	1	631	4	1	28	4587
6.336	1	1	634	7	1	28	4587
6.337	1	1	634	8	1	28	4587
6.338	1	1	634	9	1	28	4587
6.339	1	1	634	10	1	28	4587
6.34	1	1	635	1	1	28	4587
6.341	1	1	635	2	1	28	4587
6.342	1	1	635	3	1	28	4587
6.343	1	1	635	4	1	28	4587
6.344	1	1	635	5	1	28	4587
6.345	1	1	635	6	1	28	4587
6.346	1	1	635	7	1	28	4587
6.347	1	1	635	8	1	28	4587
6.348	1	1	635	9	1	28	4587
6.349	1	1	635	10	1	28	4587
6.35	1	1	636	1	1	28	4587
6.383	1	1	639	4	1	28	4587
6.384	1	1	639	5	1	28	4587
6.385	1	1	639	6	1	28	4587
6.386	1	1	639	7	1	28	4587
6.387	1	1	639	8	1	28	4587
6.388	1	1	639	9	1	28	4587
6.389	1	1	639	10	1	28	4587
6.39	1	1	640	1	1	28	4587
6.391	1	1	640	2	1	28	4587
6.392	1	1	640	3	1	28	4587
6.393	1	1	640	4	1	28	4587
6.394	1	1	640	5	1	28	4587
6.395	1	1	640	6	1	28	4587
6.396	1	1	640	7	1	28	4587
6.397	1	1	640	8	1	28	4587
6.43	1	1	644	1	1	28	4587
6.431	1	1	644	2	1	28	4587
6.432	1	1	644	3	1	28	4587
6.433	1	1	644	4	1	28	4587
6.434	1	1	644	5	1	28	4587
6.435	1	1	644	6	1	28	4587
6.436	1	1	644	7	1	28	4587
6.437	1	1	644	8	1	28	4587
6.438	1	1	644	9	1	28	4587
6.439	1	1	644	10	1	28	4587
6.44	1	1	645	1	1	28	4587
6.441	1	1	645	2	1	28	4587
6.442	1	1	645	3	1	28	4587
6.443	1	1	645	4	1	28	4587
6.444	1	1	645	5	1	28	4587
6.477	1	1	648	8	1	28	4587
6.478	1	1	648	9	1	28	4587
6.479	1	1	648	10	1	28	4587
6.48	1	1	649	1	1	28	4587
6.481	1	1	649	2	1	28	4587
6.482	1	1	649	3	1	28	4587
6.483	1	1	649	4	1	28	4587
6.484	1	1	649	5	1	28	4587
6.485	1	1	649	6	1	28	4587
6.486	1	1	649	7	1	28	4587
6.487	1	1	649	8	1	28	4587
6.488	1	1	649	9	1	28	4587
6.489	1	1	649	10	1	28	4587
6.49	1	1	650	1	1	28	4587
6.491	1	1	650	2	1	28	4587
6.524	1	1	653	5	1	28	4587
6.525	1	1	653	6	1	28	4587
6.526	1	1	653	7	1	28	4587
6.527	1	1	653	8	1	28	4587
6.528	1	1	653	9	1	28	4587
6.529	1	1	653	10	1	28	4587
6.53	1	1	654	1	1	28	4587
6.531	1	1	654	2	1	28	4587
6.532	1	1	654	3	1	28	4587
6.533	1	1	654	4	1	28	4587
6.534	1	1	654	5	1	28	4587
6.535	1	1	654	6	1	28	4587
6.536	1	1	654	7	1	28	4587
6.537	1	1	654	8	1	28	4587
6.538	1	1	654	9	1	28	4587
6.571	1	1	658	2	1	28	4587
6.572	1	1	658	3	1	28	4587
6.573	1	1	658	4	1	28	4587
6.574	1	1	658	5	1	28	4587
6.575	1	1	658	6	1	28	4587
6.576	1	1	658	7	1	28	4587
6.577	1	1	658	8	1	28	4587
6.578	1	1	658	9	1	28	4587
6.579	1	1	658	10	1	28	4587
6.58	1	1	659	1	1	28	4587
6.581	1	1	659	2	1	28	4587
6.582	1	1	659	3	1	28	4587
6.583	1	1	659	4	1	28	4587
6.584	1	1	659	5	1	28	4587
6.585	1	1	659	6	1	28	4587
6.618	1	1	662	9	1	28	4587
6.619	1	1	662	10	1	28	4587
6.62	1	1	663	1	1	28	4587
6.621	1	1	663	2	1	28	4587
6.622	1	1	663	3	1	28	4587
6.623	1	1	663	4	1	28	4587
6.624	1	1	663	5	1	28	4587
6.625	1	1	663	6	1	28	4587
6.626	1	1	663	7	1	28	4587
6.627	1	1	663	8	1	28	4587
6.628	1	1	663	9	1	28	4587
6.629	1	1	663	10	1	28	4587
6.63	1	1	664	1	1	28	4587
6.631	1	1	664	2	1	28	4587
6.632	1	1	664	3	1	28	4587
6.665	1	1	667	6	1	28	4587
6.666	1	1	667	7	1	28	4587
6.667	1	1	667	8	1	28	4587
6.668	1	1	667	9	1	28	4587
6.669	1	1	667	10	1	28	4587
6.67	1	1	668	1	1	28	4587
6.671	1	1	668	2	1	28	4587
6.672	1	1	668	3	1	28	4587
6.673	1	1	668	4	1	28	4587
6.674	1	1	668	5	1	28	4587
6.675	1	1	668	6	1	28	4587
6.676	1	1	668	7	1	28	4587
6.677	1	1	668	8	1	28	4587
6.678	1	1	668	9	1	28	4587
6.679	1	1	668	10	1	28	4587
6.712	1	1	672	3	1	28	4587
6.713	1	1	672	4	1	28	4587
6.714	1	1	672	5	1	28	4587
6.715	1	1	672	6	1	28	4587
6.716	1	1	672	7	1	28	4587
6.717	1	1	672	8	1	28	4587
6.718	1	1	672	9	1	28	4587
6.719	1	1	672	10	1	28	4587
6.72	1	1	673	1	1	28	4587
6.721	1	1	673	2	1	28	4587
6.722	1	1	673	3	1	28	4587
6.723	1	1	673	4	1	28	4587
6.724	1	1	673	5	1	28	4587
6.725	1	1	673	6	1	28	4587
6.726	1	1	673	7	1	28	4587
6.759	1	1	676	10	1	28	4587
6.76	1	1	677	1	1	28	4587
6.761	1	1	677	2	1	28	4587
6.762	1	1	677	3	1	28	4587
6.763	1	1	677	4	1	28	4587
6.764	1	1	677	5	1	28	4587
6.765	1	1	677	6	1	28	4587
6.766	1	1	677	7	1	28	4587
6.767	1	1	677	8	1	28	4587
6.768	1	1	677	9	1	28	4587
6.769	1	1	677	10	1	28	4587
6.77	1	1	678	1	1	28	4587
6.771	1	1	678	2	1	28	4587
6.772	1	1	678	3	1	28	4587
6.773	1	1	678	4	1	28	4587
6.806	1	1	681	7	1	28	4587
6.807	1	1	681	8	1	28	4587
6.808	1	1	681	9	1	28	4587
6.809	1	1	681	10	1	28	4587
6.81	1	1	682	1	1	28	4587
6.811	1	1	682	2	1	28	4587
6.812	1	1	682	3	1	28	4587
6.813	1	1	682	4	1	28	4587
6.814	1	1	682	5	1	28	4587
6.815	1	1	682	6	1	28	4587
6.816	1	1	682	7	1	28	4587
6.817	1	1	682	8	1	28	4587
6.818	1	1	682	9	1	28	4587
6.819	1	1	682	10	1	28	4587
6.82	1	1	683	1	1	28	4587
6.853	1	1	686	4	1	28	4587
6.854	1	1	686	5	1	28	4587
6.855	1	1	686	6	1	28	4587
6.856	1	1	686	7	1	28	4587
6.857	1	1	686	8	1	28	4587
6.858	1	1	686	9	1	28	4587
6.859	1	1	686	10	1	28	4587
6.86	1	1	687	1	1	28	4587
6.861	1	1	687	2	1	28	4587
6.862	1	1	687	3	1	28	4587
6.863	1	1	687	4	1	28	4587
6.864	1	1	687	5	1	28	4587
6.865	1	1	687	6	1	28	4587
6.866	1	1	687	7	1	28	4587
6.867	1	1	687	8	1	28	4587
6.9	1	1	691	1	1	28	4587
6.901	1	1	691	2	1	28	4587
6.902	1	1	691	3	1	28	4587
6.903	1	1	691	4	1	28	4587
6.904	1	1	691	5	1	28	4587
6.905	1	1	691	6	1	28	4587
6.906	1	1	691	7	1	28	4587
6.907	1	1	691	8	1	28	4587
6.908	1	1	691	9	1	28	4587
6.909	1	1	691	10	1	28	4587
6.91	1	1	692	1	1	28	4587
6.911	1	1	692	2	1	28	4587
6.912	1	1	692	3	1	28	4587
6.913	1	1	692	4	1	28	4587
6.914	1	1	692	5	1	28	4587
6.947	1	1	695	8	1	28	4587
6.948	1	1	695	9	1	28	4587
6.949	1	1	695	10	1	28	4587
6.95	1	1	696	1	1	28	4587
6.951	1	1	696	2	1	28	4587
6.952	1	1	696	3	1	28	4587
6.953	1	1	696	4	1	28	4587
6.954	1	1	696	5	1	28	4587
6.955	1	1	696	6	1	28	4587
6.956	1	1	696	7	1	28	4587
6.957	1	1	696	8	1	28	4587
6.958	1	1	696	9	1	28	4587
6.959	1	1	696	10	1	28	4587
6.96	1	1	697	1	1	28	4587
6.961	1	1	697	2	1	28	4587
6.994	1	1	700	5	1	28	4587
6.995	1	1	700	6	1	28	4587
6.996	1	1	700	7	1	28	4587
6.997	1	1	700	8	1	28	4587
6.998	1	1	700	9	1	28	4587
6.999	1	1	700	10	1	28	4587
7	1	1	701	1	1	28	4587
7.001	1	1	701	2	1	28	4587
7.002	1	1	701	3	1	28	4587
7.003	1	1	701	4	1	28	4587
7.004	1	1	701	5	1	28	4587
7.005	1	1	701	6	1	28	4587
7.006	1	1	701	7	1	28	4587
7.007	1	1	701	8	1	28	4587
7.008	1	1	701	9	1	28	4587
7.041	1	1	705	2	1	28	4587
7.042	1	1	705	3	1	28	4587
7.043	1	1	705	4	1	28	4587
7.044	1	1	705	5	1	28	4587
7.045	1	1	705	6	1	28	4587
7.046	1	1	705	7	1	28	4587
7.047	1	1	705	8	1	28	4587
7.048	1	1	705	9	1	28	4587
7.049	1	1	705	10	1	28	4587
7.05	1	1	706	1	1	28	4587
7.051	1	1	706	2	1	28	4587
7.052	1	1	706	3	1	28	4587
7.053	1	1	706	4	1	28	4587
7.054	1	1	706	5	1	28	4587
7.055	1	1	706	6	1	28	4587
7.088	1	1	709	9	1	28	4587
7.089	1	1	709	10	1	28	4587
7.09	1	1	710	1	1	28	4587
7.091	1	1	710	2	1	28	4587
7.092	1	1	710	3	1	28	4587
7.093	1	1	710	4	1	28	4587
7.094	1	1	710	5	1	28	4587
7.095	1	1	710	6	1	28	4587
7.096	1	1	710	7	1	28	4587
7.097	1	1	710	8	1	28	4587
7.098	1	1	710	9	1	28	4587
7.099	1	1	710	10	1	28	4587
7.1	1	1	711	1	1	28	4587
7.101	1	1	711	2	1	28	4587
7.102	1	1	711	3	1	28	4587
7.135	1	1	714	6	1	28	4587
7.136	1	1	714	7	1	28	4587
7.137	1	1	714	8	1	28	4587
7.138	1	1	714	9	1	28	4587
7.139	1	1	714	10	1	28	4587
7.14	1	1	715	1	1	28	4587
7.141	1	1	715	2	1	28	4587
7.142	1	1	715	3	1	28	4587
7.143	1	1	715	4	1	28	4587
7.144	1	1	715	5	1	28	4587
7.145	1	1	715	6	1	28	4587
7.146	1	1	715	7	1	28	4587
7.147	1	1	715	8	1	28	4587
7.148	1	1	715	9	1	28	4587
7.149	1	1	715	10	1	28	4587
7.182	1	1	719	3	1	28	4587
7.183	1	1	719	4	1	28	4587
7.184	1	1	719	5	1	28	4587
7.185	1	1	719	6	1	28	4587
7.186	1	1	719	7	1	28	4587
7.187	1	1	719	8	1	28	4587
7.188	1	1	719	9	1	28	4587
7.189	1	1	719	10	1	28	4587
7.19	1	1	720	1	1	28	4587
7.191	1	1	720	2	1	28	4587
7.192	1	1	720	3	1	28	4587
7.193	1	1	720	4	1	28	4587
7.194	1	1	720	5	1	28	4587
7.195	1	1	720	6	1	28	4587
7.196	1	1	720	7	1	28	4587
7.229	1	1	723	10	1	28	4587
7.23	1	1	724	1	1	28	4587
7.231	1	1	724	2	1	28	4587
7.232	1	1	724	3	1	28	4587
7.233	1	1	724	4	1	28	4587
7.234	1	1	724	5	1	28	4587
7.235	1	1	724	6	1	28	4587
7.236	1	1	724	7	1	28	4587
7.237	1	1	724	8	1	28	4587
7.238	1	1	724	9	1	28	4587
7.239	1	1	724	10	1	28	4587
7.24	1	1	725	1	1	28	4587
7.241	1	1	725	2	1	28	4587
7.242	1	1	725	3	1	28	4587
7.243	1	1	725	4	1	28	4587
7.276	1	1	728	7	1	28	4587
7.277	1	1	728	8	1	28	4587
7.278	1	1	728	9	1	28	4587
7.279	1	1	728	10	1	28	4587
7.28	1	1	729	1	1	28	4587
7.281	1	1	729	2	1	28	4587
7.282	1	1	729	3	1	28	4587
7.283	1	1	729	4	1	28	4587
7.284	1	1	729	5	1	28	4587
7.285	1	1	729	6	1	28	4587
7.286	1	1	729	7	1	28	4587
7.287	1	1	729	8	1	28	4587
7.288	1	1	729	9	1	28	4587
7.289	1	1	729	10	1	28	4587
7.29	1	1	730	1	1	28	4587
7.323	1	1	733	4	1	28	4587
7.324	1	1	733	5	1	28	4587
7.325	1	1	733	6	1	28	4587
7.326	1	1	733	7	1	28	4587
7.327	1	1	733	8	1	28	4587
7.328	1	1	733	9	1	28	4587
7.329	1	1	733	10	1	28	4587
7.33	1	1	734	1	1	28	4587
7.331	1	1	734	2	1	28	4587
7.332	1	1	734	3	1	28	4587
7.333	1	1	734	4	1	28	4587
7.334	1	1	734	5	1	28	4587
7.335	1	1	734	6	1	28	4587
7.336	1	1	734	7	1	28	4587
7.337	1	1	734	8	1	28	4587
7.37	1	1	738	1	1	28	4587
7.371	1	1	738	2	1	28	4587
7.372	1	1	738	3	1	28	4587
7.373	1	1	738	4	1	28	4587
7.374	1	1	738	5	1	28	4587
7.375	1	1	738	6	1	28	4587
7.376	1	1	738	7	1	28	4587
7.377	1	1	738	8	1	28	4587
7.378	1	1	738	9	1	28	4587
7.379	1	1	738	10	1	28	4587
7.38	1	1	739	1	1	28	4587
7.381	1	1	739	2	1	28	4587
7.382	1	1	739	3	1	28	4587
7.383	1	1	739	4	1	28	4587
7.384	1	1	739	5	1	28	4587
7.417	1	1	742	8	1	28	4587
7.418	1	1	742	9	1	28	4587
7.419	1	1	742	10	1	28	4587
7.42	1	1	743	1	1	28	4587
7.421	1	1	743	2	1	28	4587
7.422	1	1	743	3	1	28	4587
7.423	1	1	743	4	1	28	4587
7.424	1	1	743	5	1	28	4587
7.425	1	1	743	6	1	28	4587
7.426	1	1	743	7	1	28	4587
7.427	1	1	743	8	1	28	4587
7.428	1	1	743	9	1	28	4587
7.429	1	1	743	10	1	28	4587
7.43	1	1	744	1	1	28	4587
7.431	1	1	744	2	1	28	4587
7.464	1	1	747	5	1	28	4587
7.465	1	1	747	6	1	28	4587
7.466	1	1	747	7	1	28	4587
7.467	1	1	747	8	1	28	4587
7.468	1	1	747	9	1	28	4587
7.469	1	1	747	10	1	28	4587
7.47	1	1	748	1	1	28	4587
7.471	1	1	748	2	1	28	4587
7.472	1	1	748	3	1	28	4587
7.473	1	1	748	4	1	28	4587
7.474	1	1	748	5	1	28	4587
7.475	1	1	748	6	1	28	4587
7.476	1	1	748	7	1	28	4587
7.477	1	1	748	8	1	28	4587
7.478	1	1	748	9	1	28	4587
7.511	1	1	752	2	1	28	4587
7.512	1	1	752	3	1	28	4587
7.513	1	1	752	4	1	28	4587
7.514	1	1	752	5	1	28	4587
7.515	1	1	752	6	1	28	4587
7.516	1	1	752	7	1	28	4587
7.517	1	1	752	8	1	28	4587
7.518	1	1	752	9	1	28	4587
7.519	1	1	752	10	1	28	4587
7.52	1	1	753	1	1	28	4587
7.521	1	1	753	2	1	28	4587
7.522	1	1	753	3	1	28	4587
7.523	1	1	753	4	1	28	4587
7.524	1	1	753	5	1	28	4587
7.525	1	1	753	6	1	28	4587
7.558	1	1	756	9	1	28	4587
7.559	1	1	756	10	1	28	4587
7.56	1	1	757	1	1	28	4587
7.561	1	1	757	2	1	28	4587
7.562	1	1	757	3	1	28	4587
7.563	1	1	757	4	1	28	4587
7.564	1	1	757	5	1	28	4587
7.565	1	1	757	6	1	28	4587
7.566	1	1	757	7	1	28	4587
7.567	1	1	757	8	1	28	4587
7.568	1	1	757	9	1	28	4587
7.569	1	1	757	10	1	28	4587
7.57	1	1	758	1	1	28	4587
7.571	1	1	758	2	1	28	4587
7.572	1	1	758	3	1	28	4587
7.605	1	1	761	6	1	28	4587
7.606	1	1	761	7	1	28	4587
7.607	1	1	761	8	1	28	4587
7.608	1	1	761	9	1	28	4587
7.609	1	1	761	10	1	28	4587
7.61	1	1	762	1	1	28	4587
7.611	1	1	762	2	1	28	4587
7.612	1	1	762	3	1	28	4587
7.613	1	1	762	4	1	28	4587
7.614	1	1	762	5	1	28	4587
7.615	1	1	762	6	1	28	4587
7.616	1	1	762	7	1	28	4587
7.617	1	1	762	8	1	28	4587
7.618	1	1	762	9	1	28	4587
7.619	1	1	762	10	1	28	4587
7.652	1	1	766	3	1	28	4587
7.653	1	1	766	4	1	28	4587
7.654	1	1	766	5	1	28	4587
7.655	1	1	766	6	1	28	4587
7.656	1	1	766	7	1	28	4587
7.657	1	1	766	8	1	28	4587
7.658	1	1	766	9	1	28	4587
7.659	1	1	766	10	1	28	4587
7.66	1	1	767	1	1	28	4587
7.661	1	1	767	2	1	28	4587
7.662	1	1	767	3	1	28	4587
7.663	1	1	767	4	1	28	4587
7.664	1	1	767	5	1	28	4587
7.665	1	1	767	6	1	28	4587
7.666	1	1	767	7	1	28	4587
7.699	1	1	770	10	1	28	4587
7.7	1	1	771	1	1	28	4587
7.701	1	1	771	2	1	28	4587
7.702	1	1	771	3	1	28	4587
7.703	1	1	771	4	1	28	4587
7.704	1	1	771	5	1	28	4587
7.705	1	1	771	6	1	28	4587
7.706	1	1	771	7	1	28	4587
7.707	1	1	771	8	1	28	4587
7.708	1	1	771	9	1	28	4587
7.709	1	1	771	10	1	28	4587
7.71	1	1	772	1	1	28	4587
7.711	1	1	772	2	1	28	4587
7.712	1	1	772	3	1	28	4587
7.713	1	1	772	4	1	28	4587
7.746	1	1	775	7	1	28	4587
7.747	1	1	775	8	1	28	4587
7.748	1	1	775	9	1	28	4587
7.749	1	1	775	10	1	28	4587
7.75	1	1	776	1	1	28	4587
7.751	1	1	776	2	1	28	4587
7.752	1	1	776	3	1	28	4587
7.753	1	1	776	4	1	28	4587
7.754	1	1	776	5	1	28	4587
7.755	1	1	776	6	1	28	4587
7.756	1	1	776	7	1	28	4587
7.757	1	1	776	8	1	28	4587
7.758	1	1	776	9	1	28	4587
7.759	1	1	776	10	1	28	4587
7.76	1	1	777	1	1	28	4587
7.793	1	1	780	4	1	28	4587
7.794	1	1	780	5	1	28	4587
7.795	1	1	780	6	1	28	4587
7.796	1	1	780	7	1	28	4587
7.797	1	1	780	8	1	28	4587
7.798	1	1	780	9	1	28	4587
7.799	1	1	780	10	1	28	4587
7.8	1	1	781	1	1	28	4587
7.801	1	1	781	2	1	28	4587
7.802	1	1	781	3	1	28	4587
7.803	1	1	781	4	1	28	4587
7.804	1	1	781	5	1	28	4587
7.805	1	1	781	6	1	28	4587
7.806	1	1	781	7	1	28	4587
7.807	1	1	781	8	1	28	4587
7.84	1	1	785	1	1	28	4587
7.841	1	1	785	2	1	28	4587
7.842	1	1	785	3	1	28	4587
7.843	1	1	785	4	1	28	4587
7.844	1	1	785	5	1	28	4587
7.845	1	1	785	6	1	28	4587
7.846	1	1	785	7	1	28	4587
7.847	1	1	785	8	1	28	4587
7.848	1	1	785	9	1	28	4587
7.849	1	1	785	10	1	28	4587
7.85	1	1	786	1	1	28	4587
7.851	1	1	786	2	1	28	4587
7.852	1	1	786	3	1	28	4587
7.853	1	1	786	4	1	28	4587
7.854	1	1	786	5	1	28	4587
7.887	1	1	789	8	1	28	4587
7.888	1	1	789	9	1	28	4587
7.889	1	1	789	10	1	28	4587
7.89	1	1	790	1	1	28	4587
7.891	1	1	790	2	1	28	4587
7.892	1	1	790	3	1	28	4587
7.893	1	1	790	4	1	28	4587
7.894	1	1	790	5	1	28	4587
7.895	1	1	790	6	1	28	4587
7.896	1	1	790	7	1	28	4587
7.897	1	1	790	8	1	28	4587
7.898	1	1	790	9	1	28	4587
7.899	1	1	790	10	1	28	4587
7.9	1	1	791	1	1	28	4587
7.901	1	1	791	2	1	28	4587
7.934	1	1	794	5	1	28	4587
7.935	1	1	794	6	1	28	4587
7.936	1	1	794	7	1	28	4587
7.937	1	1	794	8	1	28	4587
7.938	1	1	794	9	1	28	4587
7.939	1	1	794	10	1	28	4587
7.94	1	1	795	1	1	28	4587
7.941	1	1	795	2	1	28	4587
7.942	1	1	795	3	1	28	4587
7.943	1	1	795	4	1	28	4587
7.944	1	1	795	5	1	28	4587
7.945	1	1	795	6	1	28	4587
7.946	1	1	795	7	1	28	4587
7.947	1	1	795	8	1	28	4587
7.948	1	1	795	9	1	28	4587
7.981	1	1	799	2	1	28	4587
7.982	1	1	799	3	1	28	4587
7.983	1	1	799	4	1	28	4587
7.984	1	1	799	5	1	28	4587
7.985	1	1	799	6	1	28	4587
7.986	1	1	799	7	1	28	4587
7.987	1	1	799	8	1	28	4587
7.988	1	1	799	9	1	28	4587
7.989	1	1	799	10	1	28	4587
7.99	1	1	800	1	1	28	4587
7.991	1	1	800	2	1	28	4587
7.992	1	1	800	3	1	28	4587
7.993	1	1	800	4	1	28	4587
7.994	1	1	800	5	1	28	4587
7.995	1	1	800	6	1	28	4587
8.028	1	1	803	9	1	28	4587
8.029	1	1	803	10	1	28	4587
8.03	1	1	804	1	1	28	4587
8.031	1	1	804	2	1	28	4587
8.032	1	1	804	3	1	28	4587
8.033	1	1	804	4	1	28	4587
8.034	1	1	804	5	1	28	4587
8.035	1	1	804	6	1	28	4587
8.036	1	1	804	7	1	28	4587
8.037	1	1	804	8	1	28	4587
8.038	1	1	804	9	1	28	4587
8.039	1	1	804	10	1	28	4587
8.04	1	1	805	1	1	28	4587
8.041	1	1	805	2	1	28	4587
8.042	1	1	805	3	1	28	4587
8.075	1	1	808	6	1	28	4587
8.076	1	1	808	7	1	28	4587
8.077	1	1	808	8	1	28	4587
8.078	1	1	808	9	1	28	4587
8.079	1	1	808	10	1	28	4587
8.08	1	1	809	1	1	28	4587
8.081	1	1	809	2	1	28	4587
8.082	1	1	809	3	1	28	4587
8.083	1	1	809	4	1	28	4587
8.084	1	1	809	5	1	28	4587
8.085	1	1	809	6	1	28	4587
8.086	1	1	809	7	1	28	4587
8.087	1	1	809	8	1	28	4587
8.088	1	1	809	9	1	28	4587
8.089	1	1	809	10	1	28	4587
8.122	1	1	813	3	1	28	4587
8.123	1	1	813	4	1	28	4587
8.124	1	1	813	5	1	28	4587
8.125	1	1	813	6	1	28	4587
8.126	1	1	813	7	1	28	4587
8.127	1	1	813	8	1	28	4587
8.128	1	1	813	9	1	28	4587
8.129	1	1	813	10	1	28	4587
8.13	1	1	814	1	1	28	4587
8.131	1	1	814	2	1	28	4587
8.132	1	1	814	3	1	28	4587
8.133	1	1	814	4	1	28	4587
8.134	1	1	814	5	1	28	4587
8.135	1	1	814	6	1	28	4587
8.136	1	1	814	7	1	28	4587
8.169	1	1	817	10	1	28	4587
8.17	1	1	818	1	1	28	4587
8.171	1	1	818	2	1	28	4587
8.172	1	1	818	3	1	28	4587
8.173	1	1	818	4	1	28	4587
8.174	1	1	818	5	1	28	4587
8.175	1	1	818	6	1	28	4587
8.176	1	1	818	7	1	28	4587
8.177	1	1	818	8	1	28	4587
8.178	1	1	818	9	1	28	4587
8.179	1	1	818	10	1	28	4587
8.18	1	1	819	1	1	28	4587
8.181	1	1	819	2	1	28	4587
8.182	1	1	819	3	1	28	4587
8.183	1	1	819	4	1	28	4587
8.216	1	1	822	7	1	28	4587
8.217	1	1	822	8	1	28	4587
8.218	1	1	822	9	1	28	4587
8.219	1	1	822	10	1	28	4587
8.22	1	1	823	1	1	28	4587
8.221	1	1	823	2	1	28	4587
8.222	1	1	823	3	1	28	4587
8.223	1	1	823	4	1	28	4587
8.224	1	1	823	5	1	28	4587
8.225	1	1	823	6	1	28	4587
8.226	1	1	823	7	1	28	4587
8.227	1	1	823	8	1	28	4587
8.228	1	1	823	9	1	28	4587
8.229	1	1	823	10	1	28	4587
8.23	1	1	824	1	1	28	4587
8.263	1	1	827	4	1	28	4587
8.264	1	1	827	5	1	28	4587
8.265	1	1	827	6	1	28	4587
8.266	1	1	827	7	1	28	4587
8.267	1	1	827	8	1	28	4587
8.268	1	1	827	9	1	28	4587
8.269	1	1	827	10	1	28	4587
8.27	1	1	828	1	1	28	4587
8.271	1	1	828	2	1	28	4587
8.272	1	1	828	3	1	28	4587
8.273	1	1	828	4	1	28	4587
8.274	1	1	828	5	1	28	4587
8.275	1	1	828	6	1	28	4587
8.276	1	1	828	7	1	28	4587
8.277	1	1	828	8	1	28	4587
8.31	1	1	832	1	1	28	4587
8.311	1	1	832	2	1	28	4587
8.312	1	1	832	3	1	28	4587
8.313	1	1	832	4	1	28	4587
8.314	1	1	832	5	1	28	4587
8.315	1	1	832	6	1	28	4587
8.316	1	1	832	7	1	28	4587
8.317	1	1	832	8	1	28	4587
8.318	1	1	832	9	1	28	4587
8.319	1	1	832	10	1	28	4587
8.32	1	1	833	1	1	28	4587
8.321	1	1	833	2	1	28	4587
8.322	1	1	833	3	1	28	4587
8.323	1	1	833	4	1	28	4587
8.324	1	1	833	5	1	28	4587
8.357	1	1	836	8	1	28	4587
8.358	1	1	836	9	1	28	4587
8.359	1	1	836	10	1	28	4587
8.36	1	1	837	1	1	28	4587
8.361	1	1	837	2	1	28	4587
8.362	1	1	837	3	1	28	4587
8.363	1	1	837	4	1	28	4587
8.364	1	1	837	5	1	28	4587
8.365	1	1	837	6	1	28	4587
8.366	1	1	837	7	1	28	4587
8.367	1	1	837	8	1	28	4587
8.368	1	1	837	9	1	28	4587
8.369	1	1	837	10	1	28	4587
8.37	1	1	838	1	1	28	4587
8.371	1	1	838	2	1	28	4587
8.404	1	1	841	5	1	28	4587
8.405	1	1	841	6	1	28	4587
8.406	1	1	841	7	1	28	4587
8.407	1	1	841	8	1	28	4587
8.408	1	1	841	9	1	28	4587
8.409	1	1	841	10	1	28	4587
8.41	1	1	842	1	1	28	4587
8.411	1	1	842	2	1	28	4587
8.412	1	1	842	3	1	28	4587
8.413	1	1	842	4	1	28	4587
8.414	1	1	842	5	1	28	4587
8.415	1	1	842	6	1	28	4587
8.416	1	1	842	7	1	28	4587
8.417	1	1	842	8	1	28	4587
8.418	1	1	842	9	1	28	4587
8.451	1	1	846	2	1	28	4587
8.452	1	1	846	3	1	28	4587
8.453	1	1	846	4	1	28	4587
8.454	1	1	846	5	1	28	4587
8.455	1	1	846	6	1	28	4587
8.456	1	1	846	7	1	28	4587
8.457	1	1	846	8	1	28	4587
8.458	1	1	846	9	1	28	4587
8.459	1	1	846	10	1	28	4587
8.46	1	1	847	1	1	28	4587
8.461	1	1	847	2	1	28	4587
8.462	1	1	847	3	1	28	4587
8.463	1	1	847	4	1	28	4587
8.464	1	1	847	5	1	28	4587
8.465	1	1	847	6	1	28	4587
8.498	1	1	850	9	1	28	4587
8.499	1	1	850	10	1	28	4587
8.5	1	1	851	1	1	28	4587
8.501	1	1	851	2	1	28	4587
8.502	1	1	851	3	1	28	4587
8.503	1	1	851	4	1	28	4587
8.504	1	1	851	5	1	28	4587
8.505	1	1	851	6	1	28	4587
8.506	1	1	851	7	1	28	4587
8.507	1	1	851	8	1	28	4587
8.508	1	1	851	9	1	28	4587
8.509	1	1	851	10	1	28	4587
8.51	1	1	852	1	1	28	4587
8.511	1	1	852	2	1	28	4587
8.512	1	1	852	3	1	28	4587
8.545	1	1	855	6	1	28	4587
8.546	1	1	855	7	1	28	4587
8.547	1	1	855	8	1	28	4587
8.548	1	1	855	9	1	28	4587
8.549	1	1	855	10	1	28	4587
8.55	1	1	856	1	1	28	4587
8.551	1	1	856	2	1	28	4587
8.552	1	1	856	3	1	28	4587
8.553	1	1	856	4	1	28	4587
8.554	1	1	856	5	1	28	4587
8.555	1	1	856	6	1	28	4587
8.556	1	1	856	7	1	28	4587
8.557	1	1	856	8	1	28	4587
8.558	1	1	856	9	1	28	4587
8.559	1	1	856	10	1	28	4587
8.592	1	1	860	3	1	28	4587
8.593	1	1	860	4	1	28	4587
8.594	1	1	860	5	1	28	4587
8.595	1	1	860	6	1	28	4587
8.596	1	1	860	7	1	28	4587
8.597	1	1	860	8	1	28	4587
8.598	1	1	860	9	1	28	4587
8.599	1	1	860	10	1	28	4587
8.6	1	1	861	1	1	28	4587
8.601	1	1	861	2	1	28	4587
8.602	1	1	861	3	1	28	4587
8.603	1	1	861	4	1	28	4587
8.604	1	1	861	5	1	28	4587
8.605	1	1	861	6	1	28	4587
8.606	1	1	861	7	1	28	4587
8.639	1	1	864	10	1	28	4587
8.64	1	1	865	1	1	28	4587
8.641	1	1	865	2	1	28	4587
8.642	1	1	865	3	1	28	4587
8.643	1	1	865	4	1	28	4587
8.644	1	1	865	5	1	28	4587
8.645	1	1	865	6	1	28	4587
8.646	1	1	865	7	1	28	4587
8.647	1	1	865	8	1	28	4587
8.648	1	1	865	9	1	28	4587
8.649	1	1	865	10	1	28	4587
8.65	1	1	866	1	1	28	4587
8.651	1	1	866	2	1	28	4587
8.652	1	1	866	3	1	28	4587
8.653	1	1	866	4	1	28	4587
8.686	1	1	869	7	1	28	4587
8.687	1	1	869	8	1	28	4587
8.688	1	1	869	9	1	28	4587
8.689	1	1	869	10	1	28	4587
8.69	1	1	870	1	1	28	4587
8.691	1	1	870	2	1	28	4587
8.692	1	1	870	3	1	28	4587
8.693	1	1	870	4	1	28	4587
8.694	1	1	870	5	1	28	4587
8.695	1	1	870	6	1	28	4587
8.696	1	1	870	7	1	28	4587
8.697	1	1	870	8	1	28	4587
8.698	1	1	870	9	1	28	4587
8.699	1	1	870	10	1	28	4587
8.7	1	1	871	1	1	28	4587
8.733	1	1	874	4	1	28	4587
8.734	1	1	874	5	1	28	4587
8.735	1	1	874	6	1	28	4587
8.736	1	1	874	7	1	28	4587
8.737	1	1	874	8	1	28	4587
8.738	1	1	874	9	1	28	4587
8.739	1	1	874	10	1	28	4587
8.74	1	1	875	1	1	28	4587
8.741	1	1	875	2	1	28	4587
8.742	1	1	875	3	1	28	4587
8.743	1	1	875	4	1	28	4587
8.744	1	1	875	5	1	28	4587
8.745	1	1	875	6	1	28	4587
8.746	1	1	875	7	1	28	4587
8.747	1	1	875	8	1	28	4587
8.78	1	1	879	1	1	28	4587
8.781	1	1	879	2	1	28	4587
8.782	1	1	879	3	1	28	4587
8.783	1	1	879	4	1	28	4587
8.784	1	1	879	5	1	28	4587
8.785	1	1	879	6	1	28	4587
8.786	1	1	879	7	1	28	4587
8.787	1	1	879	8	1	28	4587
8.788	1	1	879	9	1	28	4587
8.789	1	1	879	10	1	28	4587
8.79	1	1	880	1	1	28	4587
8.791	1	1	880	2	1	28	4587
8.792	1	1	880	3	1	28	4587
8.793	1	1	880	4	1	28	4587
8.794	1	1	880	5	1	28	4587
8.827	1	1	883	8	1	28	4587
8.828	1	1	883	9	1	28	4587
8.829	1	1	883	10	1	28	4587
8.83	1	1	884	1	1	28	4587
8.831	1	1	884	2	1	28	4587
8.832	1	1	884	3	1	28	4587
8.833	1	1	884	4	1	28	4587
8.834	1	1	884	5	1	28	4587
8.835	1	1	884	6	1	28	4587
8.836	1	1	884	7	1	28	4587
8.837	1	1	884	8	1	28	4587
8.838	1	1	884	9	1	28	4587
8.839	1	1	884	10	1	28	4587
8.84	1	1	885	1	1	28	4587
8.841	1	1	885	2	1	28	4587
8.874	1	1	888	5	1	28	4587
8.875	1	1	888	6	1	28	4587
8.876	1	1	888	7	1	28	4587
8.877	1	1	888	8	1	28	4587
8.878	1	1	888	9	1	28	4587
8.879	1	1	888	10	1	28	4587
8.88	1	1	889	1	1	28	4587
8.881	1	1	889	2	1	28	4587
8.882	1	1	889	3	1	28	4587
8.883	1	1	889	4	1	28	4587
8.884	1	1	889	5	1	28	4587
8.885	1	1	889	6	1	28	4587
8.886	1	1	889	7	1	28	4587
8.887	1	1	889	8	1	28	4587
8.888	1	1	889	9	1	28	4587
8.921	1	1	893	2	1	28	4587
8.922	1	1	893	3	1	28	4587
8.923	1	1	893	4	1	28	4587
8.924	1	1	893	5	1	28	4587
8.925	1	1	893	6	1	28	4587
8.926	1	1	893	7	1	28	4587
8.927	1	1	893	8	1	28	4587
8.928	1	1	893	9	1	28	4587
8.929	1	1	893	10	1	28	4587
8.93	1	1	894	1	1	28	4587
8.931	1	1	894	2	1	28	4587
8.932	1	1	894	3	1	28	4587
8.933	1	1	894	4	1	28	4587
8.934	1	1	894	5	1	28	4587
8.935	1	1	894	6	1	28	4587
8.968	1	1	897	9	1	28	4587
8.969	1	1	897	10	1	28	4587
8.97	1	1	898	1	1	28	4587
8.971	1	1	898	2	1	28	4587
8.972	1	1	898	3	1	28	4587
8.973	1	1	898	4	1	28	4587
8.974	1	1	898	5	1	28	4587
8.975	1	1	898	6	1	28	4587
8.976	1	1	898	7	1	28	4587
8.977	1	1	898	8	1	28	4587
8.978	1	1	898	9	1	28	4587
8.979	1	1	898	10	1	28	4587
8.98	1	1	899	1	1	28	4587
8.981	1	1	899	2	1	28	4587
8.982	1	1	899	3	1	28	4587
9.015	1	1	902	6	1	28	4587
9.016	1	1	902	7	1	28	4587
9.017	1	1	902	8	1	28	4587
9.018	1	1	902	9	1	28	4587
9.019	1	1	902	10	1	28	4587
9.02	1	1	903	1	1	28	4587
9.021	1	1	903	2	1	28	4587
9.022	1	1	903	3	1	28	4587
