0.1 0
0.2 0
0.3 0
0.4 0
0.5 0
0.6 0
0.7 0
0.8 0
0.9 0
1 0
1.1 0
1.2 0
1.3 0
1.4 0
1.5 0
1.6 0.672
1.7 0
1.8 1.008
1.9 0
2 1.008
2.1 0
2.2 1.68
2.3 0
2.4 1.008
2.5 2.016
2.6 0
2.7 4.032
2.8 0
2.9 6.048
3 0
3.1 9.072
3.2 0
3.3 8.736
3.4 5.376
3.5 3.696
3.6 11.424
3.7 0
3.8 14.784
3.9 0
4 14.784
4.1 0
4.2 14.784
4.3 0
4.4 12.096
4.5 2.688
4.6 6.384
4.7 8.4
4.8 0.672
4.9 14.112
5 0
5.1 14.784
5.2 0
5.3 14.784
5.4 0
5.5 14.784
5.6 0
5.7 9.744
5.8 5.04
5.9 4.032
6 10.752
6.1 0
6.2 14.784
6.3 0
6.4 14.784
6.5 0
6.6 14.784
6.7 0
6.8 12.768
6.9 2.016
7 7.056
7.1 7.728
7.2 1.344
7.3 13.44
7.4 0
7.5 14.784
7.6 0
7.7 14.784
7.8 0
7.9 14.784
8 0
8.1 10.416
8.2 4.368
8.3 4.704
8.4 10.08
8.5 0
8.6 14.784
8.7 0
8.8 14.784
8.9 0
9 14.784
9.1 0
9.2 13.44
9.3 1.344
9.4 7.728
9.5 7.056
9.6 2.016
9.7 12.768
9.8 0
9.9 14.784
10 0
10.1 14.784
10.2 0
10.3 14.784
10.4 0
10.5 11.088
10.6 3.696
10.7 5.376
10.8 9.408
10.9 0
11 14.784
11.1 0
11.2 14.784
11.3 0
11.4 14.784
11.5 0
11.6 14.112
11.7 0.672
11.8 8.4
11.9 6.384
12 2.688
12.1 12.096
12.2 0
12.3 14.784
12.4 0
12.5 14.784
12.6 0
12.7 14.784
12.8 0
12.9 11.76
13 3.024
13.1 6.048
13.2 8.736
13.3 0
13.4 14.784
13.5 0
13.6 14.784
13.7 0
13.8 14.784
13.9 0
14 14.784
14.1 0
14.2 9.072
14.3 5.712
14.4 3.36
14.5 11.424
14.6 0
14.7 14.784
14.8 0
14.9 14.784
15 0
15.1 14.784
15.2 0
15.3 12.096
15.4 2.688
15.5 6.384
15.6 8.4
15.7 0.672
15.8 14.112
15.9 0
16 14.784
16.1 0
16.2 14.784
16.3 0
16.4 14.784
16.5 0
16.6 9.744
16.7 5.04
16.8 4.032
16.9 10.752
17 0
17.1 14.784
17.2 0
17.3 14.784
17.4 0
17.5 14.784
17.6 0
17.7 12.768
17.8 2.016
17.9 7.056
18 7.728
18.1 1.344
18.2 13.44
18.3 0
18.4 14.784
18.5 0
18.6 14.784
18.7 0
18.8 14.784
18.9 0
19 10.416
19.1 4.368
19.2 4.704
19.3 10.08
19.4 0
19.5 14.784
19.6 0
19.7 14.784
19.8 0
19.9 14.784
20 0
20.1 13.44
20.2 1.344
20.3 7.728
20.4 7.056
20.5 2.016
20.6 12.768
20.7 0
20.8 14.784
20.9 0
21 14.784
21.1 0
21.2 14.784
21.3 0
21.4 11.088
21.5 3.696
21.6 5.376
21.7 9.408
21.8 0
21.9 14.784
22 0
22.1 14.784
22.2 0
22.3 14.784
22.4 0
22.5 14.112
22.6 0.672
22.7 8.4
22.8 6.384
22.9 2.688
23 12.096
23.1 0
23.2 14.784
23.3 0
23.4 14.784
23.5 0
23.6 14.784
23.7 0
23.8 11.76
23.9 3.024
24 6.048
24.1 8.736
24.2 0
24.3 14.784
24.4 0
24.5 14.784
24.6 0
24.7 14.784
24.8 0
24.9 14.784
25 0
25.1 9.072
25.2 5.712
25.3 3.36
25.4 11.424
25.5 0
25.6 14.784
25.7 0
25.8 14.784
25.9 0
26 14.784
26.1 0
26.2 12.096
26.3 2.688
26.4 6.384
26.5 8.4
26.6 0.672
26.7 14.112
26.8 0
26.9 14.784
27 0
27.1 14.784
27.2 0
27.3 14.784
27.4 0
27.5 9.744
27.6 5.04
27.7 4.032
27.8 10.752
27.9 0
28 14.784
28.1 0
28.2 14.784
28.3 0
28.4 14.784
28.5 0
28.6 12.768
28.7 2.016
28.8 7.056
28.9 7.728
29 1.344
29.1 13.44
29.2 0
29.3 14.784
29.4 0
29.5 14.784
29.6 0
29.7 14.784
29.8 0
29.9 10.416
30 4.368
30.1 4.704
30.2 10.08
30.3 0
30.4 14.784
30.5 0
30.6 14.784
30.7 0
30.8 14.784
30.9 0
31 13.44
31.1 1.344
31.2 7.728
31.3 7.056
31.4 2.016
31.5 12.768
31.6 0
31.7 14.784
31.8 0
31.9 14.784
32 0
32.1 14.784
32.2 0
32.3 11.088
32.4 3.696
32.5 5.376
32.6 9.408
32.7 0
32.8 14.784
32.9 0
33 14.784
33.1 0
33.2 14.784
33.3 0
33.4 14.112
33.5 0.672
33.6 8.4
33.7 6.384
33.8 2.688
33.9 12.096
34 0
34.1 14.784
34.2 0
34.3 14.784
34.4 0
34.5 14.784
34.6 0
34.7 11.76
34.8 3.024
34.9 6.048
35 8.736
35.1 0
35.2 14.784
35.3 0
35.4 14.784
35.5 0
35.6 14.784
35.7 0
35.8 14.784
35.9 0
36 9.072
36.1 5.712
36.2 3.36
36.3 11.424
36.4 0
36.5 14.784
36.6 0
36.7 14.784
36.8 0
36.9 14.784
37 0
37.1 12.096
37.2 2.688
37.3 6.384
37.4 8.4
37.5 0.672
37.6 14.112
37.7 0
37.8 14.784
37.9 0
38 14.784
38.1 0
38.2 8.016
38.3 0
38.4 0
38.5 0
38.6 0
38.7 0
38.8 0
38.9 0
39 0
39.1 0
39.2 0
39.3 0
39.4 0
39.5 0
39.6 0
39.7 0
39.8 0
39.9 0
40 0
40.1 0
40.2 0
40.3 0
40.4 0
40.5 0
40.6 0
40.7 0
40.8 0
40.9 0
41 0
41.1 0
41.2 0
41.3 0
41.4 0
41.5 0
41.6 0
41.7 0
41.8 0
41.9 0
42 0
42.1 0
42.2 0
42.3 0
42.4 0
42.5 0
42.6 0
42.7 0
42.8 0
42.9 0
43 0
43.1 0
43.2 0
43.3 0
43.4 0
43.5 0
43.6 0
43.7 0
43.8 0
43.9 0
44 0
44.1 0
44.2 0
44.3 0
44.4 0
44.5 0
44.6 0
44.7 0
44.8 0
44.9 0
45 0
45.1 0
45.2 0
45.3 0
45.4 0
45.5 0
45.6 0
45.7 0
45.8 0
45.9 0
46 0
46.1 0
46.2 0
46.3 0
46.4 0
46.5 0
46.6 0
46.7 0
46.8 0
46.9 0
47 0
47.1 0
47.2 0
47.3 0
47.4 0
47.5 0
47.6 0
47.7 0
47.8 0
47.9 0
48 0
48.1 0
48.2 0
48.3 0
48.4 0
48.5 0
48.6 0
48.7 0
48.8 0
48.9 0
49 0
49.1 0
49.2 0
49.3 0
49.4 0
49.5 0
49.6 0
49.7 0
49.8 0
49.9 0
50 0
50.1 0
50.2 0
50.3 0
50.4 0
50.5 0
50.6 0
50.7 0
50.8 0
50.9 0
51 0
51.1 0
51.2 0
51.3 0
51.4 0
51.5 0
51.6 0
51.7 0
51.8 0
51.9 0
52 0
52.1 0
52.2 0
52.3 0
52.4 0
52.5 0
52.6 0
52.7 0
52.8 0
52.9 0
53 0
53.1 0
53.2 0
53.3 0
53.4 0
53.5 0
53.6 0
53.7 0
53.8 0
53.9 0
54 0
54.1 0
54.2 0
54.3 0
54.4 0
54.5 0
54.6 0
54.7 0
54.8 0
54.9 0
55 0
55.1 0
55.2 0
55.3 0
55.4 0
55.5 0
55.6 0
55.7 0
55.8 0
55.9 0
56 0
56.1 0
56.2 0
56.3 0
56.4 0
56.5 0
56.6 0
56.7 0
56.8 0
56.9 0
57 0
57.1 0
57.2 0
57.3 0
57.4 0
57.5 0
57.6 0
57.7 0
57.8 0
57.9 0
58 0
58.1 0
58.2 0
58.3 0
58.4 0
58.5 0
58.6 0
58.7 0
58.8 0
58.9 0
59 0
59.1 0
59.2 0
59.3 0
59.4 0
59.5 0
59.6 0
59.7 0
59.8 0
59.9 0
60 0
60.1 0
60.2 0
60.3 0
60.4 0
60.5 0
60.6 0
60.7 0
60.8 0
60.9 0
61 0
61.1 0
61.2 0
61.3 0
61.4 0
61.5 0
61.6 0
61.7 0
61.8 0
61.9 0
62 0
62.1 0
62.2 0
62.3 0
62.4 0
62.5 0
62.6 0
62.7 0
62.8 0
62.9 0
63 0
63.1 0
63.2 0
63.3 0
63.4 0
63.5 0
63.6 0
63.7 0
63.8 0
63.9 0
64 0
64.1 0
64.2 0
64.3 0
64.4 0
64.5 0
64.6 0
64.7 0
64.8 0
64.9 0
65 0
65.1 0
65.2 0
65.3 0
65.4 0
65.5 0
65.6 0
65.7 0
65.8 0
65.9 0
66 0
66.1 0
66.2 0
66.3 0
66.4 0
66.5 0
66.6 0
66.7 0
66.8 0
66.9 0
67 0
67.1 0
67.2 0
67.3 0
67.4 0
67.5 0
67.6 0
67.7 0
67.8 0
67.9 0
68 0
68.1 0
68.2 0
68.3 0
68.4 0
68.5 0
68.6 0
68.7 0
68.8 0
68.9 0
69 0
69.1 0
69.2 0
69.3 0
69.4 0
69.5 0
69.6 0
69.7 0
69.8 0
69.9 0
70 0
70.1 0
70.2 0
70.3 0
70.4 0
70.5 0
70.6 0
70.7 0
70.8 0
70.9 0
71 0
71.1 0
71.2 0
71.3 0
71.4 0
71.5 0
71.6 0
71.7 0
71.8 0
71.9 0
72 0
72.1 0
72.2 0
72.3 0
72.4 0
72.5 0
72.6 0
72.7 0
72.8 0
72.9 0
73 0
73.1 0
73.2 0
73.3 0
73.4 0
73.5 0
73.6 0
73.7 0
73.8 0
73.9 0
74 0
74.1 0
74.2 0
74.3 0
74.4 0
74.5 0
74.6 0
74.7 0
74.8 0
74.9 0
75 0
75.1 0
75.2 0
75.3 0
75.4 0
75.5 0
75.6 0
75.7 0
75.8 0
75.9 0
76 0
76.1 0
76.2 0
76.3 0
76.4 0
76.5 0
76.6 0
76.7 0
76.8 0
76.9 0
77 0
77.1 0
77.2 0
77.3 0
77.4 0
77.5 0
77.6 0
77.7 0
77.8 0
77.9 0
78 0
78.1 0
78.2 0
78.3 0
78.4 0
78.5 0
78.6 0
78.7 0
78.8 0
78.9 0
79 0
79.1 0
79.2 0
79.3 0
79.4 0
79.5 0
79.6 0
79.7 0
79.8 0
79.9 0
80 0
80.1 0
80.2 0
80.3 0
80.4 0
80.5 0
80.6 0
80.7 0
80.8 0
80.9 0
81 0
81.1 0
81.2 0
81.3 0
81.4 0
81.5 0
81.6 0
81.7 0
81.8 0
81.9 0
82 0
82.1 0
82.2 0
82.3 0
82.4 0
82.5 0
82.6 0
82.7 0
82.8 0
82.9 0
83 0
83.1 0
83.2 0
83.3 0
83.4 0
83.5 0
83.6 0
83.7 0
83.8 0
83.9 0
84 0
84.1 0
84.2 0
84.3 0
84.4 0
84.5 0
84.6 0
84.7 0
84.8 0
84.9 0
85 0
85.1 0
85.2 0
85.3 0
85.4 0
85.5 0
85.6 0
85.7 0
85.8 0
85.9 0
86 0
86.1 0
86.2 0
86.3 0
86.4 0
86.5 0
86.6 0
86.7 0
86.8 0
86.9 0
87 0
87.1 0
87.2 0
87.3 0
87.4 0
87.5 0
87.6 0
87.7 0
87.8 0
87.9 0
88 0
88.1 0
88.2 0
88.3 0
88.4 0
88.5 0
88.6 0
88.7 0
88.8 0
88.9 0
89 0
89.1 0
89.2 0
89.3 0
89.4 0
89.5 0
89.6 0
89.7 0
89.8 0
89.9 0
90 0
90.1 0
90.2 0
90.3 0
90.4 0
90.5 0
90.6 0
90.7 0
90.8 0
90.9 0
91 0
91.1 0
91.2 0
91.3 0
91.4 0
91.5 0
91.6 0
91.7 0
91.8 0
91.9 0
92 0
92.1 0
92.2 0
92.3 0
92.4 0
92.5 0
92.6 0
92.7 0
92.8 0
92.9 0
93 0
93.1 0
93.2 0
93.3 0
93.4 0
93.5 0
93.6 0
93.7 0
93.8 0
93.9 0
94 0
94.1 0
94.2 0
94.3 0
94.4 0
94.5 0
94.6 0
94.7 0
94.8 0
94.9 0
95 0
95.1 0
95.2 0
95.3 0
95.4 0
95.5 0
95.6 0
95.7 0
95.8 0
95.9 0
96 0
96.1 0
96.2 0
96.3 0
96.4 0
96.5 0
96.6 0
96.7 0
96.8 0
96.9 0
97 0
97.1 0
97.2 0
97.3 0
97.4 0
97.5 0
97.6 0
97.7 0
97.8 0
97.9 0
98 0
98.1 0
98.2 0
98.3 0
98.4 0
98.5 0
98.6 0
98.7 0
98.8 0
98.9 0
99 0
99.1 0
99.2 0
99.3 0
99.4 0
99.5 0
99.6 0
99.7 0
99.8 0
99.9 0
100 0
100.1 0
100.2 0
100.3 0
100.4 0
100.5 0
100.6 0
100.7 0
100.8 0
100.9 0
101 0
101.1 0
101.2 0
101.3 0
101.4 0
101.5 0
101.6 0
101.7 0
101.8 0
101.9 0
102 0
102.1 0
102.2 0
102.3 0
102.4 0
102.5 0
102.6 0
102.7 0
102.8 0
102.9 0
103 0
103.1 0
103.2 0
103.3 0
103.4 0
103.5 0
103.6 0
103.7 0
103.8 0
103.9 0
104 0
104.1 0
104.2 0
104.3 0
104.4 0
104.5 0
104.6 0
104.7 0
104.8 0
104.9 0
105 0
105.1 0
105.2 0
105.3 0
105.4 0
105.5 0
105.6 0
105.7 0
105.8 0
105.9 0
106 0
106.1 0
106.2 0
106.3 0
106.4 0
106.5 0
106.6 0
106.7 0
106.8 0
106.9 0
107 0
107.1 0
107.2 0
107.3 0
107.4 0
107.5 0
107.6 0
107.7 0
107.8 0
107.9 0
108 0
108.1 0
108.2 0
108.3 0
108.4 0
108.5 0
108.6 0
108.7 0
108.8 0
108.9 0
109 0
109.1 0
109.2 0
109.3 0
109.4 0
109.5 0
109.6 0
109.7 0
109.8 0
109.9 0
110 0
110.1 0
110.2 0
110.3 0
110.4 0
110.5 0
110.6 0
110.7 0
110.8 0
110.9 0
111 0
111.1 0
111.2 0
111.3 0
111.4 0
111.5 0
111.6 0
111.7 0
111.8 0
111.9 0
112 0
112.1 0
112.2 0
112.3 0
112.4 0
112.5 0
112.6 0
112.7 0
112.8 0
112.9 0
113 0
113.1 0
113.2 0
113.3 0
113.4 0
113.5 0
113.6 0
113.7 0
113.8 0
113.9 0
114 0
114.1 0
114.2 0
114.3 0
114.4 0
114.5 0
114.6 0
114.7 0
114.8 0
114.9 0
115 0
115.1 0
115.2 0
115.3 0
115.4 0
115.5 0
115.6 0
115.7 0
115.8 0
115.9 0
116 0
116.1 0
116.2 0
116.3 0
116.4 0
116.5 0
116.6 0
116.7 0
116.8 0
116.9 0
117 0
117.1 0
117.2 0
117.3 0
117.4 0
117.5 0
117.6 0
117.7 0
117.8 0
117.9 0
118 0
118.1 0
118.2 0
118.3 0
118.4 0
118.5 0
118.6 0
118.7 0
118.8 0
118.9 0
119 0
119.1 0
119.2 0
119.3 0
119.4 0
119.5 0
119.6 0
119.7 0
119.8 0
119.9 0
