% time	cellId	IMSI	frame	sframe	RNTI	mcsTb1	sizeTb1	mcsTb2	sizeTb2	Nprb
1.017	1	1	102	8	1	28	4395	0	0	47
1.064	1	1	107	5	1	28	4395	0	0	47
1.111	1	1	112	2	1	28	4395	0	0	47
1.158	1	1	116	9	1	28	4395	0	0	47
1.205	1	1	121	6	1	28	4395	0	0	47
1.252	1	1	126	3	1	28	4395	0	0	47
1.253	1	1	126	4	1	28	4395	0	0	47
1.299	1	1	130	10	1	28	4395	0	0	47
1.3	1	1	131	1	1	28	4395	0	0	47
1.301	1	1	131	2	1	28	4395	0	0	47
1.346	1	1	135	7	1	28	4395	0	0	47
1.347	1	1	135	8	1	28	4395	0	0	47
1.348	1	1	135	9	1	28	4395	0	0	47
1.349	1	1	135	10	1	28	4395	0	0	47
1.393	1	1	140	4	1	28	4395	0	0	47
1.394	1	1	140	5	1	28	4395	0	0	47
1.395	1	1	140	6	1	28	4395	0	0	47
1.396	1	1	140	7	1	28	4395	0	0	47
1.397	1	1	140	8	1	28	4395	0	0	47
1.398	1	1	140	9	1	28	4395	0	0	47
1.44	1	1	145	1	1	28	4395	0	0	47
1.441	1	1	145	2	1	28	4395	0	0	47
1.442	1	1	145	3	1	28	4395	0	0	47
1.443	1	1	145	4	1	28	4395	0	0	47
1.444	1	1	145	5	1	28	4395	0	0	47
1.445	1	1	145	6	1	28	4395	0	0	47
1.446	1	1	145	7	1	28	4395	0	0	47
1.447	1	1	145	8	1	28	4395	0	0	47
1.448	1	1	145	9	1	28	4395	0	0	47
1.487	1	1	149	8	1	28	4395	0	0	47
1.488	1	1	149	9	1	28	4395	0	0	47
1.489	1	1	149	10	1	28	4395	0	0	47
1.49	1	1	150	1	1	28	4395	0	0	47
1.491	1	1	150	2	1	28	4395	0	0	47
1.492	1	1	150	3	1	28	4395	0	0	47
1.493	1	1	150	4	1	28	4395	0	0	47
1.494	1	1	150	5	1	28	4395	0	0	47
1.495	1	1	150	6	1	28	4395	0	0	47
1.496	1	1	150	7	1	28	4395	0	0	47
1.497	1	1	150	8	1	28	4395	0	0	47
1.498	1	1	150	9	1	28	4395	0	0	47
1.499	1	1	150	10	1	28	4395	0	0	47
1.5	1	1	151	1	1	28	4395	0	0	47
1.534	1	1	154	5	1	28	4395	0	0	47
1.535	1	1	154	6	1	28	4395	0	0	47
1.536	1	1	154	7	1	28	4395	0	0	47
1.537	1	1	154	8	1	28	4395	0	0	47
1.538	1	1	154	9	1	28	4395	0	0	47
1.539	1	1	154	10	1	28	4395	0	0	47
1.54	1	1	155	1	1	28	4395	0	0	47
1.541	1	1	155	2	1	28	4395	0	0	47
1.542	1	1	155	3	1	28	4395	0	0	47
1.543	1	1	155	4	1	28	4395	0	0	47
1.544	1	1	155	5	1	28	4395	0	0	47
1.545	1	1	155	6	1	28	4395	0	0	47
1.546	1	1	155	7	1	28	4395	0	0	47
1.547	1	1	155	8	1	28	4395	0	0	47
1.548	1	1	155	9	1	28	4395	0	0	47
1.549	1	1	155	10	1	28	4395	0	0	47
1.55	1	1	156	1	1	28	4395	0	0	47
1.551	1	1	156	2	1	28	4395	0	0	47
1.552	1	1	156	3	1	28	4395	0	0	47
1.553	1	1	156	4	1	28	4395	0	0	47
1.554	1	1	156	5	1	28	4395	0	0	47
1.581	1	1	159	2	1	28	4395	0	0	47
1.582	1	1	159	3	1	28	4395	0	0	47
1.583	1	1	159	4	1	28	4395	0	0	47
1.584	1	1	159	5	1	28	4395	0	0	47
1.585	1	1	159	6	1	28	4395	0	0	47
1.586	1	1	159	7	1	28	4395	0	0	47
1.587	1	1	159	8	1	28	4395	0	0	47
1.588	1	1	159	9	1	28	4395	0	0	47
1.589	1	1	159	10	1	28	4395	0	0	47
1.59	1	1	160	1	1	28	4395	0	0	47
1.591	1	1	160	2	1	28	4395	0	0	47
1.592	1	1	160	3	1	28	4395	0	0	47
1.593	1	1	160	4	1	28	4395	0	0	47
1.594	1	1	160	5	1	28	4395	0	0	47
1.595	1	1	160	6	1	28	4395	0	0	47
1.596	1	1	160	7	1	28	4395	0	0	47
1.597	1	1	160	8	1	28	4395	0	0	47
1.598	1	1	160	9	1	28	4395	0	0	47
1.599	1	1	160	10	1	28	4395	0	0	47
1.6	1	1	161	1	1	28	4395	0	0	47
1.601	1	1	161	2	1	28	4395	0	0	47
1.602	1	1	161	3	1	28	4395	0	0	47
1.603	1	1	161	4	1	28	4395	0	0	47
1.604	1	1	161	5	1	28	4395	0	0	47
1.605	1	1	161	6	1	28	4395	0	0	47
1.606	1	1	161	7	1	28	4395	0	0	47
1.607	1	1	161	8	1	28	4395	0	0	47
1.608	1	1	161	9	1	28	4395	0	0	47
1.609	1	1	161	10	1	28	4395	0	0	47
1.61	1	1	162	1	1	28	4395	0	0	47
1.611	1	1	162	2	1	28	4395	0	0	47
1.628	1	1	163	9	1	28	4395	0	0	47
1.629	1	1	163	10	1	28	4395	0	0	47
1.63	1	1	164	1	1	28	4395	0	0	47
1.631	1	1	164	2	1	28	4395	0	0	47
1.632	1	1	164	3	1	28	4395	0	0	47
1.633	1	1	164	4	1	28	4395	0	0	47
1.634	1	1	164	5	1	28	4395	0	0	47
1.635	1	1	164	6	1	28	4395	0	0	47
1.636	1	1	164	7	1	28	4395	0	0	47
1.637	1	1	164	8	1	28	4395	0	0	47
1.638	1	1	164	9	1	28	4395	0	0	47
1.639	1	1	164	10	1	28	4395	0	0	47
1.64	1	1	165	1	1	28	4395	0	0	47
1.641	1	1	165	2	1	28	4395	0	0	47
1.642	1	1	165	3	1	28	4395	0	0	47
1.643	1	1	165	4	1	28	4395	0	0	47
1.644	1	1	165	5	1	28	4395	0	0	47
1.645	1	1	165	6	1	28	4395	0	0	47
1.646	1	1	165	7	1	28	4395	0	0	47
1.647	1	1	165	8	1	28	4395	0	0	47
1.648	1	1	165	9	1	28	4395	0	0	47
1.649	1	1	165	10	1	28	4395	0	0	47
1.65	1	1	166	1	1	28	4395	0	0	47
1.651	1	1	166	2	1	28	4395	0	0	47
1.652	1	1	166	3	1	28	4395	0	0	47
1.653	1	1	166	4	1	28	4395	0	0	47
1.654	1	1	166	5	1	28	4395	0	0	47
1.655	1	1	166	6	1	28	4395	0	0	47
1.656	1	1	166	7	1	28	4395	0	0	47
1.657	1	1	166	8	1	28	4395	0	0	47
1.658	1	1	166	9	1	28	4395	0	0	47
1.659	1	1	166	10	1	28	4395	0	0	47
1.66	1	1	167	1	1	28	4395	0	0	47
1.661	1	1	167	2	1	28	4395	0	0	47
1.662	1	1	167	3	1	28	4395	0	0	47
1.663	1	1	167	4	1	28	4395	0	0	47
1.664	1	1	167	5	1	28	4395	0	0	47
1.665	1	1	167	6	1	28	4395	0	0	47
1.666	1	1	167	7	1	28	4395	0	0	47
1.667	1	1	167	8	1	28	4395	0	0	47
1.668	1	1	167	9	1	28	4395	0	0	47
1.669	1	1	167	10	1	28	4395	0	0	47
1.67	1	1	168	1	1	28	4395	0	0	47
1.671	1	1	168	2	1	28	4395	0	0	47
1.672	1	1	168	3	1	28	4395	0	0	47
1.673	1	1	168	4	1	28	4395	0	0	47
1.674	1	1	168	5	1	28	4395	0	0	47
1.675	1	1	168	6	1	28	4395	0	0	47
1.676	1	1	168	7	1	28	4395	0	0	47
1.677	1	1	168	8	1	28	4395	0	0	47
1.678	1	1	168	9	1	28	4395	0	0	47
1.679	1	1	168	10	1	28	4395	0	0	47
1.68	1	1	169	1	1	28	4395	0	0	47
1.681	1	1	169	2	1	28	4395	0	0	47
1.682	1	1	169	3	1	28	4395	0	0	47
1.683	1	1	169	4	1	28	4395	0	0	47
1.684	1	1	169	5	1	28	4395	0	0	47
1.685	1	1	169	6	1	28	4395	0	0	47
1.686	1	1	169	7	1	28	4395	0	0	47
1.687	1	1	169	8	1	28	4395	0	0	47
1.688	1	1	169	9	1	28	4395	0	0	47
1.689	1	1	169	10	1	28	4395	0	0	47
1.69	1	1	170	1	1	28	4395	0	0	47
1.691	1	1	170	2	1	28	4395	0	0	47
1.692	1	1	170	3	1	28	4395	0	0	47
1.693	1	1	170	4	1	28	4395	0	0	47
1.694	1	1	170	5	1	28	4395	0	0	47
1.695	1	1	170	6	1	28	4395	0	0	47
1.696	1	1	170	7	1	28	4395	0	0	47
1.697	1	1	170	8	1	28	4395	0	0	47
1.698	1	1	170	9	1	28	4395	0	0	47
1.699	1	1	170	10	1	28	4395	0	0	47
1.7	1	1	171	1	1	28	4395	0	0	47
1.701	1	1	171	2	1	28	4395	0	0	47
1.702	1	1	171	3	1	28	4395	0	0	47
1.703	1	1	171	4	1	28	4395	0	0	47
1.704	1	1	171	5	1	28	4395	0	0	47
1.705	1	1	171	6	1	28	4395	0	0	47
1.706	1	1	171	7	1	28	4395	0	0	47
1.707	1	1	171	8	1	28	4395	0	0	47
1.708	1	1	171	9	1	28	4395	0	0	47
1.709	1	1	171	10	1	28	4395	0	0	47
1.71	1	1	172	1	1	28	4395	0	0	47
1.711	1	1	172	2	1	28	4395	0	0	47
1.712	1	1	172	3	1	28	4395	0	0	47
1.713	1	1	172	4	1	28	4395	0	0	47
1.714	1	1	172	5	1	28	4395	0	0	47
1.715	1	1	172	6	1	28	4395	0	0	47
1.716	1	1	172	7	1	28	4395	0	0	47
1.717	1	1	172	8	1	28	4395	0	0	47
1.718	1	1	172	9	1	28	4395	0	0	47
1.719	1	1	172	10	1	28	4395	0	0	47
1.72	1	1	173	1	1	28	4395	0	0	47
1.721	1	1	173	2	1	28	4395	0	0	47
1.722	1	1	173	3	1	28	4395	0	0	47
1.723	1	1	173	4	1	28	4395	0	0	47
1.724	1	1	173	5	1	28	4395	0	0	47
1.725	1	1	173	6	1	28	4395	0	0	47
1.726	1	1	173	7	1	28	4395	0	0	47
1.727	1	1	173	8	1	28	4395	0	0	47
1.728	1	1	173	9	1	28	4395	0	0	47
1.729	1	1	173	10	1	28	4395	0	0	47
1.73	1	1	174	1	1	28	4395	0	0	47
1.731	1	1	174	2	1	28	4395	0	0	47
1.732	1	1	174	3	1	28	4395	0	0	47
1.733	1	1	174	4	1	28	4395	0	0	47
1.734	1	1	174	5	1	28	4395	0	0	47
1.735	1	1	174	6	1	28	4395	0	0	47
1.736	1	1	174	7	1	28	4395	0	0	47
1.737	1	1	174	8	1	28	4395	0	0	47
1.738	1	1	174	9	1	28	4395	0	0	47
1.739	1	1	174	10	1	28	4395	0	0	47
1.74	1	1	175	1	1	28	4395	0	0	47
1.741	1	1	175	2	1	28	4395	0	0	47
1.742	1	1	175	3	1	28	4395	0	0	47
1.743	1	1	175	4	1	28	4395	0	0	47
1.744	1	1	175	5	1	28	4395	0	0	47
1.745	1	1	175	6	1	28	4395	0	0	47
1.746	1	1	175	7	1	28	4395	0	0	47
1.747	1	1	175	8	1	28	4395	0	0	47
1.748	1	1	175	9	1	28	4395	0	0	47
1.749	1	1	175	10	1	28	4395	0	0	47
1.75	1	1	176	1	1	28	4395	0	0	47
1.751	1	1	176	2	1	28	4395	0	0	47
1.752	1	1	176	3	1	28	4395	0	0	47
1.753	1	1	176	4	1	28	4395	0	0	47
1.754	1	1	176	5	1	28	4395	0	0	47
1.755	1	1	176	6	1	28	4395	0	0	47
1.756	1	1	176	7	1	28	4395	0	0	47
1.757	1	1	176	8	1	28	4395	0	0	47
1.758	1	1	176	9	1	28	4395	0	0	47
1.759	1	1	176	10	1	28	4395	0	0	47
1.76	1	1	177	1	1	28	4395	0	0	47
1.761	1	1	177	2	1	28	4395	0	0	47
1.762	1	1	177	3	1	28	4395	0	0	47
1.763	1	1	177	4	1	28	4395	0	0	47
1.764	1	1	177	5	1	28	4395	0	0	47
1.765	1	1	177	6	1	28	4395	0	0	47
1.766	1	1	177	7	1	28	4395	0	0	47
1.767	1	1	177	8	1	28	4395	0	0	47
1.768	1	1	177	9	1	28	4395	0	0	47
1.769	1	1	177	10	1	28	4395	0	0	47
1.77	1	1	178	1	1	28	4395	0	0	47
1.771	1	1	178	2	1	28	4395	0	0	47
1.772	1	1	178	3	1	28	4395	0	0	47
1.773	1	1	178	4	1	28	4395	0	0	47
1.774	1	1	178	5	1	28	4395	0	0	47
1.775	1	1	178	6	1	28	4395	0	0	47
1.776	1	1	178	7	1	28	4395	0	0	47
1.777	1	1	178	8	1	28	4395	0	0	47
1.778	1	1	178	9	1	28	4395	0	0	47
1.779	1	1	178	10	1	28	4395	0	0	47
1.78	1	1	179	1	1	28	4395	0	0	47
1.781	1	1	179	2	1	28	4395	0	0	47
1.782	1	1	179	3	1	28	4395	0	0	47
1.783	1	1	179	4	1	28	4395	0	0	47
1.784	1	1	179	5	1	28	4395	0	0	47
1.785	1	1	179	6	1	28	4395	0	0	47
1.786	1	1	179	7	1	28	4395	0	0	47
1.787	1	1	179	8	1	28	4395	0	0	47
1.788	1	1	179	9	1	28	4395	0	0	47
1.789	1	1	179	10	1	28	4395	0	0	47
1.79	1	1	180	1	1	28	4395	0	0	47
1.791	1	1	180	2	1	28	4395	0	0	47
1.792	1	1	180	3	1	28	4395	0	0	47
1.793	1	1	180	4	1	28	4395	0	0	47
1.794	1	1	180	5	1	28	4395	0	0	47
1.795	1	1	180	6	1	28	4395	0	0	47
1.796	1	1	180	7	1	28	4395	0	0	47
1.797	1	1	180	8	1	28	4395	0	0	47
1.798	1	1	180	9	1	28	4395	0	0	47
1.799	1	1	180	10	1	28	4395	0	0	47
1.8	1	1	181	1	1	28	4395	0	0	47
1.801	1	1	181	2	1	28	4395	0	0	47
1.802	1	1	181	3	1	28	4395	0	0	47
1.803	1	1	181	4	1	28	4395	0	0	47
1.804	1	1	181	5	1	28	4395	0	0	47
1.805	1	1	181	6	1	28	4395	0	0	47
1.806	1	1	181	7	1	28	4395	0	0	47
1.807	1	1	181	8	1	28	4395	0	0	47
1.808	1	1	181	9	1	28	4395	0	0	47
1.809	1	1	181	10	1	28	4395	0	0	47
1.81	1	1	182	1	1	28	4395	0	0	47
1.811	1	1	182	2	1	28	4395	0	0	47
1.812	1	1	182	3	1	28	4395	0	0	47
1.813	1	1	182	4	1	28	4395	0	0	47
1.814	1	1	182	5	1	28	4395	0	0	47
1.815	1	1	182	6	1	28	4395	0	0	47
1.816	1	1	182	7	1	28	4395	0	0	47
1.817	1	1	182	8	1	28	4395	0	0	47
1.818	1	1	182	9	1	28	4395	0	0	47
1.819	1	1	182	10	1	28	4395	0	0	47
1.82	1	1	183	1	1	28	4395	0	0	47
1.821	1	1	183	2	1	28	4395	0	0	47
1.822	1	1	183	3	1	28	4395	0	0	47
1.823	1	1	183	4	1	28	4395	0	0	47
1.824	1	1	183	5	1	28	4395	0	0	47
1.825	1	1	183	6	1	28	4395	0	0	47
1.826	1	1	183	7	1	28	4395	0	0	47
1.827	1	1	183	8	1	28	4395	0	0	47
1.828	1	1	183	9	1	28	4395	0	0	47
1.829	1	1	183	10	1	28	4395	0	0	47
1.83	1	1	184	1	1	28	4395	0	0	47
1.831	1	1	184	2	1	28	4395	0	0	47
1.832	1	1	184	3	1	28	4395	0	0	47
1.833	1	1	184	4	1	28	4395	0	0	47
1.834	1	1	184	5	1	28	4395	0	0	47
1.835	1	1	184	6	1	28	4395	0	0	47
1.836	1	1	184	7	1	28	4395	0	0	47
1.837	1	1	184	8	1	28	4395	0	0	47
1.838	1	1	184	9	1	28	4395	0	0	47
1.839	1	1	184	10	1	28	4395	0	0	47
1.84	1	1	185	1	1	28	4395	0	0	47
1.841	1	1	185	2	1	28	4395	0	0	47
1.842	1	1	185	3	1	28	4395	0	0	47
1.843	1	1	185	4	1	28	4395	0	0	47
1.844	1	1	185	5	1	28	4395	0	0	47
1.845	1	1	185	6	1	28	4395	0	0	47
1.846	1	1	185	7	1	28	4395	0	0	47
1.847	1	1	185	8	1	28	4395	0	0	47
1.848	1	1	185	9	1	28	4395	0	0	47
1.849	1	1	185	10	1	28	4395	0	0	47
1.85	1	1	186	1	1	28	4395	0	0	47
1.851	1	1	186	2	1	28	4395	0	0	47
1.852	1	1	186	3	1	28	4395	0	0	47
1.853	1	1	186	4	1	28	4395	0	0	47
1.854	1	1	186	5	1	28	4395	0	0	47
1.855	1	1	186	6	1	28	4395	0	0	47
1.856	1	1	186	7	1	28	4395	0	0	47
1.857	1	1	186	8	1	28	4395	0	0	47
1.858	1	1	186	9	1	28	4395	0	0	47
1.859	1	1	186	10	1	28	4395	0	0	47
1.86	1	1	187	1	1	28	4395	0	0	47
1.861	1	1	187	2	1	28	4395	0	0	47
1.862	1	1	187	3	1	28	4395	0	0	47
1.863	1	1	187	4	1	28	4395	0	0	47
1.864	1	1	187	5	1	28	4395	0	0	47
1.865	1	1	187	6	1	28	4395	0	0	47
1.866	1	1	187	7	1	28	4395	0	0	47
1.867	1	1	187	8	1	28	4395	0	0	47
1.868	1	1	187	9	1	28	4395	0	0	47
1.869	1	1	187	10	1	28	4395	0	0	47
1.87	1	1	188	1	1	28	4395	0	0	47
1.871	1	1	188	2	1	28	4395	0	0	47
1.872	1	1	188	3	1	28	4395	0	0	47
1.873	1	1	188	4	1	28	4395	0	0	47
1.874	1	1	188	5	1	28	4395	0	0	47
1.875	1	1	188	6	1	28	4395	0	0	47
1.876	1	1	188	7	1	28	4395	0	0	47
1.877	1	1	188	8	1	28	4395	0	0	47
1.878	1	1	188	9	1	28	4395	0	0	47
1.879	1	1	188	10	1	28	4395	0	0	47
1.88	1	1	189	1	1	28	4395	0	0	47
1.881	1	1	189	2	1	28	4395	0	0	47
1.882	1	1	189	3	1	28	4395	0	0	47
1.883	1	1	189	4	1	28	4395	0	0	47
1.884	1	1	189	5	1	28	4395	0	0	47
1.885	1	1	189	6	1	28	4395	0	0	47
1.886	1	1	189	7	1	28	4395	0	0	47
1.887	1	1	189	8	1	28	4395	0	0	47
1.888	1	1	189	9	1	28	4395	0	0	47
1.889	1	1	189	10	1	28	4395	0	0	47
1.89	1	1	190	1	1	28	4395	0	0	47
1.891	1	1	190	2	1	28	4395	0	0	47
1.892	1	1	190	3	1	28	4395	0	0	47
1.893	1	1	190	4	1	28	4395	0	0	47
1.894	1	1	190	5	1	28	4395	0	0	47
1.895	1	1	190	6	1	28	4395	0	0	47
1.896	1	1	190	7	1	28	4395	0	0	47
1.897	1	1	190	8	1	28	4395	0	0	47
1.898	1	1	190	9	1	28	4395	0	0	47
1.899	1	1	190	10	1	28	4395	0	0	47
1.9	1	1	191	1	1	28	4395	0	0	47
1.901	1	1	191	2	1	28	4395	0	0	47
1.902	1	1	191	3	1	28	4395	0	0	47
1.903	1	1	191	4	1	28	4395	0	0	47
1.904	1	1	191	5	1	28	4395	0	0	47
1.905	1	1	191	6	1	28	4395	0	0	47
1.906	1	1	191	7	1	28	4395	0	0	47
1.907	1	1	191	8	1	28	4395	0	0	47
1.908	1	1	191	9	1	28	4395	0	0	47
1.909	1	1	191	10	1	28	4395	0	0	47
1.91	1	1	192	1	1	28	4395	0	0	47
1.911	1	1	192	2	1	28	4395	0	0	47
1.912	1	1	192	3	1	28	4395	0	0	47
1.913	1	1	192	4	1	28	4395	0	0	47
1.914	1	1	192	5	1	28	4395	0	0	47
1.915	1	1	192	6	1	28	4395	0	0	47
1.916	1	1	192	7	1	28	4395	0	0	47
1.917	1	1	192	8	1	28	4395	0	0	47
1.918	1	1	192	9	1	28	4395	0	0	47
1.919	1	1	192	10	1	28	4395	0	0	47
1.92	1	1	193	1	1	28	4395	0	0	47
1.921	1	1	193	2	1	28	4395	0	0	47
1.922	1	1	193	3	1	28	4395	0	0	47
1.923	1	1	193	4	1	28	4395	0	0	47
1.924	1	1	193	5	1	28	4395	0	0	47
1.925	1	1	193	6	1	28	4395	0	0	47
1.926	1	1	193	7	1	28	4395	0	0	47
1.927	1	1	193	8	1	28	4395	0	0	47
1.928	1	1	193	9	1	28	4395	0	0	47
1.929	1	1	193	10	1	28	4395	0	0	47
1.93	1	1	194	1	1	28	4395	0	0	47
1.931	1	1	194	2	1	28	4395	0	0	47
1.932	1	1	194	3	1	28	4395	0	0	47
1.933	1	1	194	4	1	28	4395	0	0	47
1.934	1	1	194	5	1	28	4395	0	0	47
1.935	1	1	194	6	1	28	4395	0	0	47
1.936	1	1	194	7	1	28	4395	0	0	47
1.937	1	1	194	8	1	28	4395	0	0	47
1.938	1	1	194	9	1	28	4395	0	0	47
1.939	1	1	194	10	1	28	4395	0	0	47
1.94	1	1	195	1	1	28	4395	0	0	47
1.941	1	1	195	2	1	28	4395	0	0	47
1.942	1	1	195	3	1	28	4395	0	0	47
1.943	1	1	195	4	1	28	4395	0	0	47
1.944	1	1	195	5	1	28	4395	0	0	47
1.945	1	1	195	6	1	28	4395	0	0	47
1.946	1	1	195	7	1	28	4395	0	0	47
1.947	1	1	195	8	1	28	4395	0	0	47
1.948	1	1	195	9	1	28	4395	0	0	47
1.949	1	1	195	10	1	28	4395	0	0	47
1.95	1	1	196	1	1	28	4395	0	0	47
1.951	1	1	196	2	1	28	4395	0	0	47
1.952	1	1	196	3	1	28	4395	0	0	47
1.953	1	1	196	4	1	28	4395	0	0	47
1.954	1	1	196	5	1	28	4395	0	0	47
1.955	1	1	196	6	1	28	4395	0	0	47
1.956	1	1	196	7	1	28	4395	0	0	47
1.957	1	1	196	8	1	28	4395	0	0	47
1.958	1	1	196	9	1	28	4395	0	0	47
1.959	1	1	196	10	1	28	4395	0	0	47
1.96	1	1	197	1	1	28	4395	0	0	47
1.961	1	1	197	2	1	28	4395	0	0	47
1.962	1	1	197	3	1	28	4395	0	0	47
1.963	1	1	197	4	1	28	4395	0	0	47
1.964	1	1	197	5	1	28	4395	0	0	47
1.965	1	1	197	6	1	28	4395	0	0	47
1.966	1	1	197	7	1	28	4395	0	0	47
1.967	1	1	197	8	1	28	4395	0	0	47
1.968	1	1	197	9	1	28	4395	0	0	47
1.969	1	1	197	10	1	28	4395	0	0	47
1.97	1	1	198	1	1	28	4395	0	0	47
1.971	1	1	198	2	1	28	4395	0	0	47
1.972	1	1	198	3	1	28	4395	0	0	47
1.973	1	1	198	4	1	28	4395	0	0	47
1.974	1	1	198	5	1	28	4395	0	0	47
1.975	1	1	198	6	1	28	4395	0	0	47
1.976	1	1	198	7	1	28	4395	0	0	47
1.977	1	1	198	8	1	28	4395	0	0	47
1.978	1	1	198	9	1	28	4395	0	0	47
1.979	1	1	198	10	1	28	4395	0	0	47
1.98	1	1	199	1	1	28	4395	0	0	47
1.981	1	1	199	2	1	28	4395	0	0	47
1.982	1	1	199	3	1	28	4395	0	0	47
1.983	1	1	199	4	1	28	4395	0	0	47
1.984	1	1	199	5	1	28	4395	0	0	47
1.985	1	1	199	6	1	28	4395	0	0	47
1.986	1	1	199	7	1	28	4395	0	0	47
1.987	1	1	199	8	1	28	4395	0	0	47
1.988	1	1	199	9	1	28	4395	0	0	47
1.989	1	1	199	10	1	28	4395	0	0	47
1.99	1	1	200	1	1	28	4395	0	0	47
1.991	1	1	200	2	1	28	4395	0	0	47
1.992	1	1	200	3	1	28	4395	0	0	47
1.993	1	1	200	4	1	28	4395	0	0	47
1.994	1	1	200	5	1	28	4395	0	0	47
1.995	1	1	200	6	1	28	4395	0	0	47
1.996	1	1	200	7	1	28	4395	0	0	47
1.997	1	1	200	8	1	28	4395	0	0	47
1.998	1	1	200	9	1	28	4395	0	0	47
1.999	1	1	200	10	1	28	4395	0	0	47
2	1	1	201	1	1	28	4395	0	0	47
2.001	1	1	201	2	1	28	4395	0	0	47
2.002	1	1	201	3	1	28	4395	0	0	47
2.003	1	1	201	4	1	28	4395	0	0	47
2.004	1	1	201	5	1	28	4395	0	0	47
2.005	1	1	201	6	1	28	4395	0	0	47
2.006	1	1	201	7	1	28	4395	0	0	47
2.007	1	1	201	8	1	28	4395	0	0	47
2.008	1	1	201	9	1	28	4395	0	0	47
2.009	1	1	201	10	1	28	4395	0	0	47
2.01	1	1	202	1	1	28	4395	0	0	47
2.011	1	1	202	2	1	28	4395	0	0	47
2.012	1	1	202	3	1	28	4395	0	0	47
2.013	1	1	202	4	1	28	4395	0	0	47
2.014	1	1	202	5	1	28	4395	0	0	47
2.015	1	1	202	6	1	28	4395	0	0	47
2.016	1	1	202	7	1	28	4395	0	0	47
2.017	1	1	202	8	1	28	4395	0	0	47
2.018	1	1	202	9	1	28	4395	0	0	47
2.019	1	1	202	10	1	28	4395	0	0	47
2.02	1	1	203	1	1	28	4395	0	0	47
2.021	1	1	203	2	1	28	4395	0	0	47
2.022	1	1	203	3	1	28	4395	0	0	47
2.023	1	1	203	4	1	28	4395	0	0	47
2.024	1	1	203	5	1	28	4395	0	0	47
2.025	1	1	203	6	1	28	4395	0	0	47
2.026	1	1	203	7	1	28	4395	0	0	47
2.027	1	1	203	8	1	28	4395	0	0	47
2.028	1	1	203	9	1	28	4395	0	0	47
2.029	1	1	203	10	1	28	4395	0	0	47
2.03	1	1	204	1	1	28	4395	0	0	47
2.031	1	1	204	2	1	28	4395	0	0	47
2.032	1	1	204	3	1	28	4395	0	0	47
2.033	1	1	204	4	1	28	4395	0	0	47
2.034	1	1	204	5	1	28	4395	0	0	47
2.035	1	1	204	6	1	28	4395	0	0	47
2.036	1	1	204	7	1	28	4395	0	0	47
2.037	1	1	204	8	1	28	4395	0	0	47
2.038	1	1	204	9	1	28	4395	0	0	47
2.039	1	1	204	10	1	28	4395	0	0	47
2.04	1	1	205	1	1	28	4395	0	0	47
2.041	1	1	205	2	1	28	4395	0	0	47
2.042	1	1	205	3	1	28	4395	0	0	47
2.043	1	1	205	4	1	28	4395	0	0	47
2.044	1	1	205	5	1	28	4395	0	0	47
2.045	1	1	205	6	1	28	4395	0	0	47
2.046	1	1	205	7	1	28	4395	0	0	47
2.047	1	1	205	8	1	28	4395	0	0	47
2.048	1	1	205	9	1	28	4395	0	0	47
2.049	1	1	205	10	1	28	4395	0	0	47
2.05	1	1	206	1	1	28	4395	0	0	47
2.051	1	1	206	2	1	28	4395	0	0	47
2.052	1	1	206	3	1	28	4395	0	0	47
2.053	1	1	206	4	1	28	4395	0	0	47
2.054	1	1	206	5	1	28	4395	0	0	47
2.055	1	1	206	6	1	28	4395	0	0	47
2.056	1	1	206	7	1	28	4395	0	0	47
2.057	1	1	206	8	1	28	4395	0	0	47
2.058	1	1	206	9	1	28	4395	0	0	47
2.059	1	1	206	10	1	28	4395	0	0	47
2.06	1	1	207	1	1	28	4395	0	0	47
2.061	1	1	207	2	1	28	4395	0	0	47
2.062	1	1	207	3	1	28	4395	0	0	47
2.063	1	1	207	4	1	28	4395	0	0	47
2.064	1	1	207	5	1	28	4395	0	0	47
2.065	1	1	207	6	1	28	4395	0	0	47
2.066	1	1	207	7	1	28	4395	0	0	47
2.067	1	1	207	8	1	28	4395	0	0	47
2.068	1	1	207	9	1	28	4395	0	0	47
2.069	1	1	207	10	1	28	4395	0	0	47
2.07	1	1	208	1	1	28	4395	0	0	47
2.071	1	1	208	2	1	28	4395	0	0	47
2.072	1	1	208	3	1	28	4395	0	0	47
2.073	1	1	208	4	1	28	4395	0	0	47
2.074	1	1	208	5	1	28	4395	0	0	47
2.075	1	1	208	6	1	28	4395	0	0	47
2.076	1	1	208	7	1	28	4395	0	0	47
2.077	1	1	208	8	1	28	4395	0	0	47
2.078	1	1	208	9	1	28	4395	0	0	47
2.079	1	1	208	10	1	28	4395	0	0	47
2.08	1	1	209	1	1	28	4395	0	0	47
2.081	1	1	209	2	1	28	4395	0	0	47
2.082	1	1	209	3	1	28	4395	0	0	47
2.083	1	1	209	4	1	28	4395	0	0	47
2.084	1	1	209	5	1	28	4395	0	0	47
2.085	1	1	209	6	1	28	4395	0	0	47
2.086	1	1	209	7	1	28	4395	0	0	47
2.087	1	1	209	8	1	28	4395	0	0	47
2.088	1	1	209	9	1	28	4395	0	0	47
2.089	1	1	209	10	1	28	4395	0	0	47
2.09	1	1	210	1	1	28	4395	0	0	47
2.091	1	1	210	2	1	28	4395	0	0	47
2.092	1	1	210	3	1	28	4395	0	0	47
2.093	1	1	210	4	1	28	4395	0	0	47
2.094	1	1	210	5	1	28	4395	0	0	47
2.095	1	1	210	6	1	28	4395	0	0	47
2.096	1	1	210	7	1	28	4395	0	0	47
2.097	1	1	210	8	1	28	4395	0	0	47
2.098	1	1	210	9	1	28	4395	0	0	47
2.099	1	1	210	10	1	28	4395	0	0	47
2.1	1	1	211	1	1	28	4395	0	0	47
2.101	1	1	211	2	1	28	4395	0	0	47
2.102	1	1	211	3	1	28	4395	0	0	47
2.103	1	1	211	4	1	28	4395	0	0	47
2.104	1	1	211	5	1	28	4395	0	0	47
2.105	1	1	211	6	1	28	4395	0	0	47
2.106	1	1	211	7	1	28	4395	0	0	47
2.107	1	1	211	8	1	28	4395	0	0	47
2.108	1	1	211	9	1	28	4395	0	0	47
2.109	1	1	211	10	1	28	4395	0	0	47
2.11	1	1	212	1	1	28	4395	0	0	47
2.111	1	1	212	2	1	28	4395	0	0	47
2.112	1	1	212	3	1	28	4395	0	0	47
2.113	1	1	212	4	1	28	4395	0	0	47
2.114	1	1	212	5	1	28	4395	0	0	47
2.115	1	1	212	6	1	28	4395	0	0	47
2.116	1	1	212	7	1	28	4395	0	0	47
2.117	1	1	212	8	1	28	4395	0	0	47
2.118	1	1	212	9	1	28	4395	0	0	47
2.119	1	1	212	10	1	28	4395	0	0	47
2.12	1	1	213	1	1	28	4395	0	0	47
2.121	1	1	213	2	1	28	4395	0	0	47
2.122	1	1	213	3	1	28	4395	0	0	47
2.123	1	1	213	4	1	28	4395	0	0	47
2.124	1	1	213	5	1	28	4395	0	0	47
2.125	1	1	213	6	1	28	4395	0	0	47
2.126	1	1	213	7	1	28	4395	0	0	47
2.127	1	1	213	8	1	28	4395	0	0	47
2.128	1	1	213	9	1	28	4395	0	0	47
2.129	1	1	213	10	1	28	4395	0	0	47
2.13	1	1	214	1	1	28	4395	0	0	47
2.131	1	1	214	2	1	28	4395	0	0	47
2.132	1	1	214	3	1	28	4395	0	0	47
2.133	1	1	214	4	1	28	4395	0	0	47
2.134	1	1	214	5	1	28	4395	0	0	47
2.135	1	1	214	6	1	28	4395	0	0	47
2.136	1	1	214	7	1	28	4395	0	0	47
2.137	1	1	214	8	1	28	4395	0	0	47
2.138	1	1	214	9	1	28	4395	0	0	47
2.139	1	1	214	10	1	28	4395	0	0	47
2.14	1	1	215	1	1	28	4395	0	0	47
2.141	1	1	215	2	1	28	4395	0	0	47
2.142	1	1	215	3	1	28	4395	0	0	47
2.143	1	1	215	4	1	28	4395	0	0	47
2.144	1	1	215	5	1	28	4395	0	0	47
2.145	1	1	215	6	1	28	4395	0	0	47
2.146	1	1	215	7	1	28	4395	0	0	47
2.147	1	1	215	8	1	28	4395	0	0	47
2.148	1	1	215	9	1	28	4395	0	0	47
2.149	1	1	215	10	1	28	4395	0	0	47
2.15	1	1	216	1	1	28	4395	0	0	47
2.151	1	1	216	2	1	28	4395	0	0	47
2.152	1	1	216	3	1	28	4395	0	0	47
2.153	1	1	216	4	1	28	4395	0	0	47
2.154	1	1	216	5	1	28	4395	0	0	47
2.155	1	1	216	6	1	28	4395	0	0	47
2.156	1	1	216	7	1	28	4395	0	0	47
2.157	1	1	216	8	1	28	4395	0	0	47
2.158	1	1	216	9	1	28	4395	0	0	47
2.159	1	1	216	10	1	28	4395	0	0	47
2.16	1	1	217	1	1	28	4395	0	0	47
2.161	1	1	217	2	1	28	4395	0	0	47
2.162	1	1	217	3	1	28	4395	0	0	47
2.163	1	1	217	4	1	28	4395	0	0	47
2.164	1	1	217	5	1	28	4395	0	0	47
2.165	1	1	217	6	1	28	4395	0	0	47
2.166	1	1	217	7	1	28	4395	0	0	47
2.167	1	1	217	8	1	28	4395	0	0	47
2.168	1	1	217	9	1	28	4395	0	0	47
2.169	1	1	217	10	1	28	4395	0	0	47
2.17	1	1	218	1	1	28	4395	0	0	47
2.171	1	1	218	2	1	28	4395	0	0	47
2.172	1	1	218	3	1	28	4395	0	0	47
2.173	1	1	218	4	1	28	4395	0	0	47
2.174	1	1	218	5	1	28	4395	0	0	47
2.175	1	1	218	6	1	28	4395	0	0	47
2.176	1	1	218	7	1	28	4395	0	0	47
2.177	1	1	218	8	1	28	4395	0	0	47
2.178	1	1	218	9	1	28	4395	0	0	47
2.179	1	1	218	10	1	28	4395	0	0	47
2.18	1	1	219	1	1	28	4395	0	0	47
2.181	1	1	219	2	1	28	4395	0	0	47
2.182	1	1	219	3	1	28	4395	0	0	47
2.183	1	1	219	4	1	28	4395	0	0	47
2.184	1	1	219	5	1	28	4395	0	0	47
2.185	1	1	219	6	1	28	4395	0	0	47
2.186	1	1	219	7	1	28	4395	0	0	47
2.187	1	1	219	8	1	28	4395	0	0	47
2.188	1	1	219	9	1	28	4395	0	0	47
2.189	1	1	219	10	1	28	4395	0	0	47
2.19	1	1	220	1	1	28	4395	0	0	47
2.191	1	1	220	2	1	28	4395	0	0	47
2.192	1	1	220	3	1	28	4395	0	0	47
2.193	1	1	220	4	1	28	4395	0	0	47
2.194	1	1	220	5	1	28	4395	0	0	47
2.195	1	1	220	6	1	28	4395	0	0	47
2.196	1	1	220	7	1	28	4395	0	0	47
2.197	1	1	220	8	1	28	4395	0	0	47
2.198	1	1	220	9	1	28	4395	0	0	47
2.199	1	1	220	10	1	28	4395	0	0	47
2.2	1	1	221	1	1	28	4395	0	0	47
2.201	1	1	221	2	1	28	4395	0	0	47
2.202	1	1	221	3	1	28	4395	0	0	47
2.203	1	1	221	4	1	28	4395	0	0	47
2.204	1	1	221	5	1	28	4395	0	0	47
2.205	1	1	221	6	1	28	4395	0	0	47
2.206	1	1	221	7	1	28	4395	0	0	47
2.207	1	1	221	8	1	28	4395	0	0	47
2.208	1	1	221	9	1	28	4395	0	0	47
2.209	1	1	221	10	1	28	4395	0	0	47
2.21	1	1	222	1	1	28	4395	0	0	47
2.211	1	1	222	2	1	28	4395	0	0	47
2.212	1	1	222	3	1	28	4395	0	0	47
2.213	1	1	222	4	1	28	4395	0	0	47
2.214	1	1	222	5	1	28	4395	0	0	47
2.215	1	1	222	6	1	28	4395	0	0	47
2.216	1	1	222	7	1	28	4395	0	0	47
2.217	1	1	222	8	1	28	4395	0	0	47
2.218	1	1	222	9	1	28	4395	0	0	47
2.219	1	1	222	10	1	28	4395	0	0	47
2.22	1	1	223	1	1	28	4395	0	0	47
2.221	1	1	223	2	1	28	4395	0	0	47
2.222	1	1	223	3	1	28	4395	0	0	47
2.223	1	1	223	4	1	28	4395	0	0	47
2.224	1	1	223	5	1	28	4395	0	0	47
2.225	1	1	223	6	1	28	4395	0	0	47
2.226	1	1	223	7	1	28	4395	0	0	47
2.227	1	1	223	8	1	28	4395	0	0	47
2.228	1	1	223	9	1	28	4395	0	0	47
2.229	1	1	223	10	1	28	4395	0	0	47
2.23	1	1	224	1	1	28	4395	0	0	47
2.231	1	1	224	2	1	28	4395	0	0	47
2.232	1	1	224	3	1	28	4395	0	0	47
2.233	1	1	224	4	1	28	4395	0	0	47
2.234	1	1	224	5	1	28	4395	0	0	47
2.235	1	1	224	6	1	28	4395	0	0	47
2.236	1	1	224	7	1	28	4395	0	0	47
2.237	1	1	224	8	1	28	4395	0	0	47
2.238	1	1	224	9	1	28	4395	0	0	47
2.239	1	1	224	10	1	28	4395	0	0	47
2.24	1	1	225	1	1	28	4395	0	0	47
2.241	1	1	225	2	1	28	4395	0	0	47
2.242	1	1	225	3	1	28	4395	0	0	47
2.243	1	1	225	4	1	28	4395	0	0	47
2.244	1	1	225	5	1	28	4395	0	0	47
2.245	1	1	225	6	1	28	4395	0	0	47
2.246	1	1	225	7	1	28	4395	0	0	47
2.247	1	1	225	8	1	28	4395	0	0	47
2.248	1	1	225	9	1	28	4395	0	0	47
2.249	1	1	225	10	1	28	4395	0	0	47
2.25	1	1	226	1	1	28	4395	0	0	47
2.251	1	1	226	2	1	28	4395	0	0	47
2.252	1	1	226	3	1	28	4395	0	0	47
2.253	1	1	226	4	1	28	4395	0	0	47
2.254	1	1	226	5	1	28	4395	0	0	47
2.255	1	1	226	6	1	28	4395	0	0	47
2.256	1	1	226	7	1	28	4395	0	0	47
2.257	1	1	226	8	1	28	4395	0	0	47
2.258	1	1	226	9	1	28	4395	0	0	47
2.259	1	1	226	10	1	28	4395	0	0	47
2.26	1	1	227	1	1	28	4395	0	0	47
2.261	1	1	227	2	1	28	4395	0	0	47
2.262	1	1	227	3	1	28	4395	0	0	47
2.263	1	1	227	4	1	28	4395	0	0	47
2.264	1	1	227	5	1	28	4395	0	0	47
2.265	1	1	227	6	1	28	4395	0	0	47
2.266	1	1	227	7	1	28	4395	0	0	47
2.267	1	1	227	8	1	28	4395	0	0	47
2.268	1	1	227	9	1	28	4395	0	0	47
2.269	1	1	227	10	1	28	4395	0	0	47
2.27	1	1	228	1	1	28	4395	0	0	47
2.271	1	1	228	2	1	28	4395	0	0	47
2.272	1	1	228	3	1	28	4395	0	0	47
2.273	1	1	228	4	1	28	4395	0	0	47
2.274	1	1	228	5	1	28	4395	0	0	47
2.275	1	1	228	6	1	28	4395	0	0	47
2.276	1	1	228	7	1	28	4395	0	0	47
2.277	1	1	228	8	1	28	4395	0	0	47
2.278	1	1	228	9	1	28	4395	0	0	47
2.279	1	1	228	10	1	28	4395	0	0	47
2.28	1	1	229	1	1	28	4395	0	0	47
2.281	1	1	229	2	1	28	4395	0	0	47
2.282	1	1	229	3	1	28	4395	0	0	47
2.283	1	1	229	4	1	28	4395	0	0	47
2.284	1	1	229	5	1	28	4395	0	0	47
2.285	1	1	229	6	1	28	4395	0	0	47
2.286	1	1	229	7	1	28	4395	0	0	47
2.287	1	1	229	8	1	28	4395	0	0	47
2.288	1	1	229	9	1	28	4395	0	0	47
2.289	1	1	229	10	1	28	4395	0	0	47
2.29	1	1	230	1	1	28	4395	0	0	47
2.291	1	1	230	2	1	28	4395	0	0	47
2.292	1	1	230	3	1	28	4395	0	0	47
2.293	1	1	230	4	1	28	4395	0	0	47
2.294	1	1	230	5	1	28	4395	0	0	47
2.295	1	1	230	6	1	28	4395	0	0	47
2.296	1	1	230	7	1	28	4395	0	0	47
2.297	1	1	230	8	1	28	4395	0	0	47
2.298	1	1	230	9	1	28	4395	0	0	47
2.299	1	1	230	10	1	28	4395	0	0	47
2.3	1	1	231	1	1	28	4395	0	0	47
2.301	1	1	231	2	1	28	4395	0	0	47
2.302	1	1	231	3	1	28	4395	0	0	47
2.303	1	1	231	4	1	28	4395	0	0	47
2.304	1	1	231	5	1	28	4395	0	0	47
2.305	1	1	231	6	1	28	4395	0	0	47
2.306	1	1	231	7	1	28	4395	0	0	47
2.307	1	1	231	8	1	28	4395	0	0	47
2.308	1	1	231	9	1	28	4395	0	0	47
2.309	1	1	231	10	1	28	4395	0	0	47
2.31	1	1	232	1	1	28	4395	0	0	47
2.311	1	1	232	2	1	28	4395	0	0	47
2.312	1	1	232	3	1	28	4395	0	0	47
2.313	1	1	232	4	1	28	4395	0	0	47
2.314	1	1	232	5	1	28	4395	0	0	47
2.315	1	1	232	6	1	28	4395	0	0	47
2.316	1	1	232	7	1	28	4395	0	0	47
2.317	1	1	232	8	1	28	4395	0	0	47
2.318	1	1	232	9	1	28	4395	0	0	47
2.319	1	1	232	10	1	28	4395	0	0	47
2.32	1	1	233	1	1	28	4395	0	0	47
2.321	1	1	233	2	1	28	4395	0	0	47
2.322	1	1	233	3	1	28	4395	0	0	47
2.323	1	1	233	4	1	28	4395	0	0	47
2.324	1	1	233	5	1	28	4395	0	0	47
2.325	1	1	233	6	1	28	4395	0	0	47
2.326	1	1	233	7	1	28	4395	0	0	47
2.327	1	1	233	8	1	28	4395	0	0	47
2.328	1	1	233	9	1	28	4395	0	0	47
2.329	1	1	233	10	1	28	4395	0	0	47
2.33	1	1	234	1	1	28	4395	0	0	47
2.331	1	1	234	2	1	28	4395	0	0	47
2.332	1	1	234	3	1	28	4395	0	0	47
2.333	1	1	234	4	1	28	4395	0	0	47
2.334	1	1	234	5	1	28	4395	0	0	47
2.335	1	1	234	6	1	28	4395	0	0	47
2.336	1	1	234	7	1	28	4395	0	0	47
2.337	1	1	234	8	1	28	4395	0	0	47
2.338	1	1	234	9	1	28	4395	0	0	47
2.339	1	1	234	10	1	28	4395	0	0	47
2.34	1	1	235	1	1	28	4395	0	0	47
2.341	1	1	235	2	1	28	4395	0	0	47
2.342	1	1	235	3	1	28	4395	0	0	47
2.343	1	1	235	4	1	28	4395	0	0	47
2.344	1	1	235	5	1	28	4395	0	0	47
2.345	1	1	235	6	1	28	4395	0	0	47
2.346	1	1	235	7	1	28	4395	0	0	47
2.347	1	1	235	8	1	28	4395	0	0	47
2.348	1	1	235	9	1	28	4395	0	0	47
2.349	1	1	235	10	1	28	4395	0	0	47
2.35	1	1	236	1	1	28	4395	0	0	47
2.351	1	1	236	2	1	28	4395	0	0	47
2.352	1	1	236	3	1	28	4395	0	0	47
2.353	1	1	236	4	1	28	4395	0	0	47
2.354	1	1	236	5	1	28	4395	0	0	47
2.355	1	1	236	6	1	28	4395	0	0	47
2.356	1	1	236	7	1	28	4395	0	0	47
2.357	1	1	236	8	1	28	4395	0	0	47
2.358	1	1	236	9	1	28	4395	0	0	47
2.359	1	1	236	10	1	28	4395	0	0	47
2.36	1	1	237	1	1	28	4395	0	0	47
2.361	1	1	237	2	1	28	4395	0	0	47
2.362	1	1	237	3	1	28	4395	0	0	47
2.363	1	1	237	4	1	28	4395	0	0	47
2.364	1	1	237	5	1	28	4395	0	0	47
2.365	1	1	237	6	1	28	4395	0	0	47
2.366	1	1	237	7	1	28	4395	0	0	47
2.367	1	1	237	8	1	28	4395	0	0	47
2.368	1	1	237	9	1	28	4395	0	0	47
2.369	1	1	237	10	1	28	4395	0	0	47
2.37	1	1	238	1	1	28	4395	0	0	47
2.371	1	1	238	2	1	28	4395	0	0	47
2.372	1	1	238	3	1	28	4395	0	0	47
2.373	1	1	238	4	1	28	4395	0	0	47
2.374	1	1	238	5	1	28	4395	0	0	47
2.375	1	1	238	6	1	28	4395	0	0	47
2.376	1	1	238	7	1	28	4395	0	0	47
2.377	1	1	238	8	1	28	4395	0	0	47
2.378	1	1	238	9	1	28	4395	0	0	47
2.379	1	1	238	10	1	28	4395	0	0	47
2.38	1	1	239	1	1	28	4395	0	0	47
2.381	1	1	239	2	1	28	4395	0	0	47
2.382	1	1	239	3	1	28	4395	0	0	47
2.383	1	1	239	4	1	28	4395	0	0	47
2.384	1	1	239	5	1	28	4395	0	0	47
2.385	1	1	239	6	1	28	4395	0	0	47
2.386	1	1	239	7	1	28	4395	0	0	47
2.387	1	1	239	8	1	28	4395	0	0	47
2.388	1	1	239	9	1	28	4395	0	0	47
2.389	1	1	239	10	1	28	4395	0	0	47
2.39	1	1	240	1	1	28	4395	0	0	47
2.391	1	1	240	2	1	28	4395	0	0	47
2.392	1	1	240	3	1	28	4395	0	0	47
2.393	1	1	240	4	1	28	4395	0	0	47
2.394	1	1	240	5	1	28	4395	0	0	47
2.395	1	1	240	6	1	28	4395	0	0	47
2.396	1	1	240	7	1	28	4395	0	0	47
2.397	1	1	240	8	1	28	4395	0	0	47
2.398	1	1	240	9	1	28	4395	0	0	47
2.399	1	1	240	10	1	28	4395	0	0	47
2.4	1	1	241	1	1	28	4395	0	0	47
2.401	1	1	241	2	1	28	4395	0	0	47
2.402	1	1	241	3	1	28	4395	0	0	47
2.403	1	1	241	4	1	28	4395	0	0	47
2.404	1	1	241	5	1	28	4395	0	0	47
2.405	1	1	241	6	1	28	4395	0	0	47
2.406	1	1	241	7	1	28	4395	0	0	47
2.407	1	1	241	8	1	28	4395	0	0	47
2.408	1	1	241	9	1	28	4395	0	0	47
2.409	1	1	241	10	1	28	4395	0	0	47
2.41	1	1	242	1	1	28	4395	0	0	47
2.411	1	1	242	2	1	28	4395	0	0	47
2.412	1	1	242	3	1	28	4395	0	0	47
2.413	1	1	242	4	1	28	4395	0	0	47
2.414	1	1	242	5	1	28	4395	0	0	47
2.415	1	1	242	6	1	28	4395	0	0	47
2.416	1	1	242	7	1	28	4395	0	0	47
2.417	1	1	242	8	1	28	4395	0	0	47
2.418	1	1	242	9	1	28	4395	0	0	47
2.419	1	1	242	10	1	28	4395	0	0	47
2.42	1	1	243	1	1	28	4395	0	0	47
2.421	1	1	243	2	1	28	4395	0	0	47
2.422	1	1	243	3	1	28	4395	0	0	47
2.423	1	1	243	4	1	28	4395	0	0	47
2.424	1	1	243	5	1	28	4395	0	0	47
2.425	1	1	243	6	1	28	4395	0	0	47
2.426	1	1	243	7	1	28	4395	0	0	47
2.427	1	1	243	8	1	28	4395	0	0	47
2.428	1	1	243	9	1	28	4395	0	0	47
2.429	1	1	243	10	1	28	4395	0	0	47
2.43	1	1	244	1	1	28	4395	0	0	47
2.431	1	1	244	2	1	28	4395	0	0	47
2.432	1	1	244	3	1	28	4395	0	0	47
2.433	1	1	244	4	1	28	4395	0	0	47
2.434	1	1	244	5	1	28	4395	0	0	47
2.435	1	1	244	6	1	28	4395	0	0	47
2.436	1	1	244	7	1	28	4395	0	0	47
2.437	1	1	244	8	1	28	4395	0	0	47
2.438	1	1	244	9	1	28	4395	0	0	47
2.439	1	1	244	10	1	28	4395	0	0	47
2.44	1	1	245	1	1	28	4395	0	0	47
2.441	1	1	245	2	1	28	4395	0	0	47
2.442	1	1	245	3	1	28	4395	0	0	47
2.443	1	1	245	4	1	28	4395	0	0	47
2.444	1	1	245	5	1	28	4395	0	0	47
2.445	1	1	245	6	1	28	4395	0	0	47
2.446	1	1	245	7	1	28	4395	0	0	47
2.447	1	1	245	8	1	28	4395	0	0	47
2.448	1	1	245	9	1	28	4395	0	0	47
2.449	1	1	245	10	1	28	4395	0	0	47
2.45	1	1	246	1	1	28	4395	0	0	47
2.451	1	1	246	2	1	28	4395	0	0	47
2.452	1	1	246	3	1	28	4395	0	0	47
2.453	1	1	246	4	1	28	4395	0	0	47
2.454	1	1	246	5	1	28	4395	0	0	47
2.455	1	1	246	6	1	28	4395	0	0	47
2.456	1	1	246	7	1	28	4395	0	0	47
2.457	1	1	246	8	1	28	4395	0	0	47
2.458	1	1	246	9	1	28	4395	0	0	47
2.459	1	1	246	10	1	28	4395	0	0	47
2.46	1	1	247	1	1	28	4395	0	0	47
2.461	1	1	247	2	1	28	4395	0	0	47
2.462	1	1	247	3	1	28	4395	0	0	47
2.463	1	1	247	4	1	28	4395	0	0	47
2.464	1	1	247	5	1	28	4395	0	0	47
2.465	1	1	247	6	1	28	4395	0	0	47
2.466	1	1	247	7	1	28	4395	0	0	47
2.467	1	1	247	8	1	28	4395	0	0	47
2.468	1	1	247	9	1	28	4395	0	0	47
2.469	1	1	247	10	1	28	4395	0	0	47
2.47	1	1	248	1	1	28	4395	0	0	47
2.471	1	1	248	2	1	28	4395	0	0	47
2.472	1	1	248	3	1	28	4395	0	0	47
2.473	1	1	248	4	1	28	4395	0	0	47
2.474	1	1	248	5	1	28	4395	0	0	47
2.475	1	1	248	6	1	28	4395	0	0	47
2.476	1	1	248	7	1	28	4395	0	0	47
2.477	1	1	248	8	1	28	4395	0	0	47
2.478	1	1	248	9	1	28	4395	0	0	47
2.479	1	1	248	10	1	28	4395	0	0	47
2.48	1	1	249	1	1	28	4395	0	0	47
2.481	1	1	249	2	1	28	4395	0	0	47
2.482	1	1	249	3	1	28	4395	0	0	47
2.483	1	1	249	4	1	28	4395	0	0	47
2.484	1	1	249	5	1	28	4395	0	0	47
2.485	1	1	249	6	1	28	4395	0	0	47
2.486	1	1	249	7	1	28	4395	0	0	47
2.487	1	1	249	8	1	28	4395	0	0	47
2.488	1	1	249	9	1	28	4395	0	0	47
2.489	1	1	249	10	1	28	4395	0	0	47
2.49	1	1	250	1	1	28	4395	0	0	47
2.491	1	1	250	2	1	28	4395	0	0	47
2.492	1	1	250	3	1	28	4395	0	0	47
2.493	1	1	250	4	1	28	4395	0	0	47
2.494	1	1	250	5	1	28	4395	0	0	47
2.495	1	1	250	6	1	28	4395	0	0	47
2.496	1	1	250	7	1	28	4395	0	0	47
2.497	1	1	250	8	1	28	4395	0	0	47
2.498	1	1	250	9	1	28	4395	0	0	47
2.499	1	1	250	10	1	28	4395	0	0	47
2.5	1	1	251	1	1	28	4395	0	0	47
2.501	1	1	251	2	1	28	4395	0	0	47
2.502	1	1	251	3	1	28	4395	0	0	47
2.503	1	1	251	4	1	28	4395	0	0	47
2.504	1	1	251	5	1	28	4395	0	0	47
2.505	1	1	251	6	1	28	4395	0	0	47
2.506	1	1	251	7	1	28	4395	0	0	47
2.507	1	1	251	8	1	28	4395	0	0	47
2.508	1	1	251	9	1	28	4395	0	0	47
2.509	1	1	251	10	1	28	4395	0	0	47
2.51	1	1	252	1	1	28	4395	0	0	47
2.511	1	1	252	2	1	28	4395	0	0	47
2.512	1	1	252	3	1	28	4395	0	0	47
2.513	1	1	252	4	1	28	4395	0	0	47
2.514	1	1	252	5	1	28	4395	0	0	47
2.515	1	1	252	6	1	28	4395	0	0	47
2.516	1	1	252	7	1	28	4395	0	0	47
2.517	1	1	252	8	1	28	4395	0	0	47
2.518	1	1	252	9	1	28	4395	0	0	47
2.519	1	1	252	10	1	28	4395	0	0	47
2.52	1	1	253	1	1	28	4395	0	0	47
2.521	1	1	253	2	1	28	4395	0	0	47
2.522	1	1	253	3	1	28	4395	0	0	47
2.523	1	1	253	4	1	28	4395	0	0	47
2.524	1	1	253	5	1	28	4395	0	0	47
2.525	1	1	253	6	1	28	4395	0	0	47
2.526	1	1	253	7	1	28	4395	0	0	47
2.527	1	1	253	8	1	28	4395	0	0	47
2.528	1	1	253	9	1	28	4395	0	0	47
2.529	1	1	253	10	1	28	4395	0	0	47
2.53	1	1	254	1	1	28	4395	0	0	47
2.531	1	1	254	2	1	28	4395	0	0	47
2.532	1	1	254	3	1	28	4395	0	0	47
2.533	1	1	254	4	1	28	4395	0	0	47
2.534	1	1	254	5	1	28	4395	0	0	47
2.535	1	1	254	6	1	28	4395	0	0	47
2.536	1	1	254	7	1	28	4395	0	0	47
2.537	1	1	254	8	1	28	4395	0	0	47
2.538	1	1	254	9	1	28	4395	0	0	47
2.539	1	1	254	10	1	28	4395	0	0	47
2.54	1	1	255	1	1	28	4395	0	0	47
2.541	1	1	255	2	1	28	4395	0	0	47
2.542	1	1	255	3	1	28	4395	0	0	47
2.543	1	1	255	4	1	28	4395	0	0	47
2.544	1	1	255	5	1	28	4395	0	0	47
2.545	1	1	255	6	1	28	4395	0	0	47
2.546	1	1	255	7	1	28	4395	0	0	47
2.547	1	1	255	8	1	28	4395	0	0	47
2.548	1	1	255	9	1	28	4395	0	0	47
2.549	1	1	255	10	1	28	4395	0	0	47
2.55	1	1	256	1	1	28	4395	0	0	47
2.551	1	1	256	2	1	28	4395	0	0	47
2.552	1	1	256	3	1	28	4395	0	0	47
2.553	1	1	256	4	1	28	4395	0	0	47
2.554	1	1	256	5	1	28	4395	0	0	47
2.555	1	1	256	6	1	28	4395	0	0	47
2.556	1	1	256	7	1	28	4395	0	0	47
2.557	1	1	256	8	1	28	4395	0	0	47
2.558	1	1	256	9	1	28	4395	0	0	47
2.559	1	1	256	10	1	28	4395	0	0	47
2.56	1	1	257	1	1	28	4395	0	0	47
2.561	1	1	257	2	1	28	4395	0	0	47
2.562	1	1	257	3	1	28	4395	0	0	47
2.563	1	1	257	4	1	28	4395	0	0	47
2.564	1	1	257	5	1	28	4395	0	0	47
2.565	1	1	257	6	1	28	4395	0	0	47
2.566	1	1	257	7	1	28	4395	0	0	47
2.567	1	1	257	8	1	28	4395	0	0	47
2.568	1	1	257	9	1	28	4395	0	0	47
2.569	1	1	257	10	1	28	4395	0	0	47
2.57	1	1	258	1	1	28	4395	0	0	47
2.571	1	1	258	2	1	28	4395	0	0	47
2.572	1	1	258	3	1	28	4395	0	0	47
2.573	1	1	258	4	1	28	4395	0	0	47
2.574	1	1	258	5	1	28	4395	0	0	47
2.575	1	1	258	6	1	28	4395	0	0	47
2.576	1	1	258	7	1	28	4395	0	0	47
2.577	1	1	258	8	1	28	4395	0	0	47
2.578	1	1	258	9	1	28	4395	0	0	47
2.579	1	1	258	10	1	28	4395	0	0	47
2.58	1	1	259	1	1	28	4395	0	0	47
2.581	1	1	259	2	1	28	4395	0	0	47
2.582	1	1	259	3	1	28	4395	0	0	47
2.583	1	1	259	4	1	28	4395	0	0	47
2.584	1	1	259	5	1	28	4395	0	0	47
2.585	1	1	259	6	1	28	4395	0	0	47
2.586	1	1	259	7	1	28	4395	0	0	47
2.587	1	1	259	8	1	28	4395	0	0	47
2.588	1	1	259	9	1	28	4395	0	0	47
2.589	1	1	259	10	1	28	4395	0	0	47
2.59	1	1	260	1	1	28	4395	0	0	47
2.591	1	1	260	2	1	28	4395	0	0	47
2.592	1	1	260	3	1	28	4395	0	0	47
2.593	1	1	260	4	1	28	4395	0	0	47
2.594	1	1	260	5	1	28	4395	0	0	47
2.595	1	1	260	6	1	28	4395	0	0	47
2.596	1	1	260	7	1	28	4395	0	0	47
2.597	1	1	260	8	1	28	4395	0	0	47
2.598	1	1	260	9	1	28	4395	0	0	47
2.599	1	1	260	10	1	28	4395	0	0	47
2.6	1	1	261	1	1	28	4395	0	0	47
2.601	1	1	261	2	1	28	4395	0	0	47
2.602	1	1	261	3	1	28	4395	0	0	47
2.603	1	1	261	4	1	28	4395	0	0	47
2.604	1	1	261	5	1	28	4395	0	0	47
2.605	1	1	261	6	1	28	4395	0	0	47
2.606	1	1	261	7	1	28	4395	0	0	47
2.607	1	1	261	8	1	28	4395	0	0	47
2.608	1	1	261	9	1	28	4395	0	0	47
2.609	1	1	261	10	1	28	4395	0	0	47
2.61	1	1	262	1	1	28	4395	0	0	47
2.611	1	1	262	2	1	28	4395	0	0	47
2.612	1	1	262	3	1	28	4395	0	0	47
2.613	1	1	262	4	1	28	4395	0	0	47
2.614	1	1	262	5	1	28	4395	0	0	47
2.615	1	1	262	6	1	28	4395	0	0	47
2.616	1	1	262	7	1	28	4395	0	0	47
2.617	1	1	262	8	1	28	4395	0	0	47
2.618	1	1	262	9	1	28	4395	0	0	47
2.619	1	1	262	10	1	28	4395	0	0	47
2.62	1	1	263	1	1	28	4395	0	0	47
2.621	1	1	263	2	1	28	4395	0	0	47
2.622	1	1	263	3	1	28	4395	0	0	47
2.623	1	1	263	4	1	28	4395	0	0	47
2.624	1	1	263	5	1	28	4395	0	0	47
2.625	1	1	263	6	1	28	4395	0	0	47
2.626	1	1	263	7	1	28	4395	0	0	47
2.627	1	1	263	8	1	28	4395	0	0	47
2.628	1	1	263	9	1	28	4395	0	0	47
2.629	1	1	263	10	1	28	4395	0	0	47
2.63	1	1	264	1	1	28	4395	0	0	47
2.631	1	1	264	2	1	28	4395	0	0	47
2.632	1	1	264	3	1	28	4395	0	0	47
2.633	1	1	264	4	1	28	4395	0	0	47
2.634	1	1	264	5	1	28	4395	0	0	47
2.635	1	1	264	6	1	28	4395	0	0	47
2.636	1	1	264	7	1	28	4395	0	0	47
2.637	1	1	264	8	1	28	4395	0	0	47
2.638	1	1	264	9	1	28	4395	0	0	47
2.639	1	1	264	10	1	28	4395	0	0	47
2.64	1	1	265	1	1	28	4395	0	0	47
2.641	1	1	265	2	1	28	4395	0	0	47
2.642	1	1	265	3	1	28	4395	0	0	47
2.643	1	1	265	4	1	28	4395	0	0	47
2.644	1	1	265	5	1	28	4395	0	0	47
2.645	1	1	265	6	1	28	4395	0	0	47
2.646	1	1	265	7	1	28	4395	0	0	47
2.647	1	1	265	8	1	28	4395	0	0	47
2.648	1	1	265	9	1	28	4395	0	0	47
2.649	1	1	265	10	1	28	4395	0	0	47
2.65	1	1	266	1	1	28	4395	0	0	47
2.651	1	1	266	2	1	28	4395	0	0	47
2.652	1	1	266	3	1	28	4395	0	0	47
2.653	1	1	266	4	1	28	4395	0	0	47
2.654	1	1	266	5	1	28	4395	0	0	47
2.655	1	1	266	6	1	28	4395	0	0	47
2.656	1	1	266	7	1	28	4395	0	0	47
2.657	1	1	266	8	1	28	4395	0	0	47
2.658	1	1	266	9	1	28	4395	0	0	47
2.659	1	1	266	10	1	28	4395	0	0	47
2.66	1	1	267	1	1	28	4395	0	0	47
2.661	1	1	267	2	1	28	4395	0	0	47
2.662	1	1	267	3	1	28	4395	0	0	47
2.663	1	1	267	4	1	28	4395	0	0	47
2.664	1	1	267	5	1	28	4395	0	0	47
2.665	1	1	267	6	1	28	4395	0	0	47
2.666	1	1	267	7	1	28	4395	0	0	47
2.667	1	1	267	8	1	28	4395	0	0	47
2.668	1	1	267	9	1	28	4395	0	0	47
2.669	1	1	267	10	1	28	4395	0	0	47
2.67	1	1	268	1	1	28	4395	0	0	47
2.671	1	1	268	2	1	28	4395	0	0	47
2.672	1	1	268	3	1	28	4395	0	0	47
2.673	1	1	268	4	1	28	4395	0	0	47
2.674	1	1	268	5	1	28	4395	0	0	47
2.675	1	1	268	6	1	28	4395	0	0	47
2.676	1	1	268	7	1	28	4395	0	0	47
2.677	1	1	268	8	1	28	4395	0	0	47
2.678	1	1	268	9	1	28	4395	0	0	47
2.679	1	1	268	10	1	28	4395	0	0	47
2.68	1	1	269	1	1	28	4395	0	0	47
2.681	1	1	269	2	1	28	4395	0	0	47
2.682	1	1	269	3	1	28	4395	0	0	47
2.683	1	1	269	4	1	28	4395	0	0	47
2.684	1	1	269	5	1	28	4395	0	0	47
2.685	1	1	269	6	1	28	4395	0	0	47
2.686	1	1	269	7	1	28	4395	0	0	47
2.687	1	1	269	8	1	28	4395	0	0	47
2.688	1	1	269	9	1	28	4395	0	0	47
2.689	1	1	269	10	1	28	4395	0	0	47
2.69	1	1	270	1	1	28	4395	0	0	47
2.691	1	1	270	2	1	28	4395	0	0	47
2.692	1	1	270	3	1	28	4395	0	0	47
2.693	1	1	270	4	1	28	4395	0	0	47
2.694	1	1	270	5	1	28	4395	0	0	47
2.695	1	1	270	6	1	28	4395	0	0	47
2.696	1	1	270	7	1	28	4395	0	0	47
2.697	1	1	270	8	1	28	4395	0	0	47
2.698	1	1	270	9	1	28	4395	0	0	47
2.699	1	1	270	10	1	28	4395	0	0	47
2.7	1	1	271	1	1	28	4395	0	0	47
2.701	1	1	271	2	1	28	4395	0	0	47
2.702	1	1	271	3	1	28	4395	0	0	47
2.703	1	1	271	4	1	28	4395	0	0	47
2.704	1	1	271	5	1	28	4395	0	0	47
2.705	1	1	271	6	1	28	4395	0	0	47
2.706	1	1	271	7	1	28	4395	0	0	47
2.707	1	1	271	8	1	28	4395	0	0	47
2.708	1	1	271	9	1	28	4395	0	0	47
2.709	1	1	271	10	1	28	4395	0	0	47
2.71	1	1	272	1	1	28	4395	0	0	47
2.711	1	1	272	2	1	28	4395	0	0	47
2.712	1	1	272	3	1	28	4395	0	0	47
2.713	1	1	272	4	1	28	4395	0	0	47
2.714	1	1	272	5	1	28	4395	0	0	47
2.715	1	1	272	6	1	28	4395	0	0	47
2.716	1	1	272	7	1	28	4395	0	0	47
2.717	1	1	272	8	1	28	4395	0	0	47
2.718	1	1	272	9	1	28	4395	0	0	47
2.719	1	1	272	10	1	28	4395	0	0	47
2.72	1	1	273	1	1	28	4395	0	0	47
2.721	1	1	273	2	1	28	4395	0	0	47
2.722	1	1	273	3	1	28	4395	0	0	47
2.723	1	1	273	4	1	28	4395	0	0	47
2.724	1	1	273	5	1	28	4395	0	0	47
2.725	1	1	273	6	1	28	4395	0	0	47
2.726	1	1	273	7	1	28	4395	0	0	47
2.727	1	1	273	8	1	28	4395	0	0	47
2.728	1	1	273	9	1	28	4395	0	0	47
2.729	1	1	273	10	1	28	4395	0	0	47
2.73	1	1	274	1	1	28	4395	0	0	47
2.731	1	1	274	2	1	28	4395	0	0	47
2.732	1	1	274	3	1	28	4395	0	0	47
2.733	1	1	274	4	1	28	4395	0	0	47
2.734	1	1	274	5	1	28	4395	0	0	47
2.735	1	1	274	6	1	28	4395	0	0	47
2.736	1	1	274	7	1	28	4395	0	0	47
2.737	1	1	274	8	1	28	4395	0	0	47
2.738	1	1	274	9	1	28	4395	0	0	47
2.739	1	1	274	10	1	28	4395	0	0	47
2.74	1	1	275	1	1	28	4395	0	0	47
2.741	1	1	275	2	1	28	4395	0	0	47
2.742	1	1	275	3	1	28	4395	0	0	47
2.743	1	1	275	4	1	28	4395	0	0	47
2.744	1	1	275	5	1	28	4395	0	0	47
2.745	1	1	275	6	1	28	4395	0	0	47
2.746	1	1	275	7	1	28	4395	0	0	47
2.747	1	1	275	8	1	28	4395	0	0	47
2.748	1	1	275	9	1	28	4395	0	0	47
2.749	1	1	275	10	1	28	4395	0	0	47
2.75	1	1	276	1	1	28	4395	0	0	47
2.751	1	1	276	2	1	28	4395	0	0	47
2.752	1	1	276	3	1	28	4395	0	0	47
2.753	1	1	276	4	1	28	4395	0	0	47
2.754	1	1	276	5	1	28	4395	0	0	47
2.755	1	1	276	6	1	28	4395	0	0	47
2.756	1	1	276	7	1	28	4395	0	0	47
2.757	1	1	276	8	1	28	4395	0	0	47
2.758	1	1	276	9	1	28	4395	0	0	47
2.759	1	1	276	10	1	28	4395	0	0	47
2.76	1	1	277	1	1	28	4395	0	0	47
2.761	1	1	277	2	1	28	4395	0	0	47
2.762	1	1	277	3	1	28	4395	0	0	47
2.763	1	1	277	4	1	28	4395	0	0	47
2.764	1	1	277	5	1	28	4395	0	0	47
2.765	1	1	277	6	1	28	4395	0	0	47
2.766	1	1	277	7	1	28	4395	0	0	47
2.767	1	1	277	8	1	28	4395	0	0	47
2.768	1	1	277	9	1	28	4395	0	0	47
2.769	1	1	277	10	1	28	4395	0	0	47
2.77	1	1	278	1	1	28	4395	0	0	47
2.771	1	1	278	2	1	28	4395	0	0	47
2.772	1	1	278	3	1	28	4395	0	0	47
2.773	1	1	278	4	1	28	4395	0	0	47
2.774	1	1	278	5	1	28	4395	0	0	47
2.775	1	1	278	6	1	28	4395	0	0	47
2.776	1	1	278	7	1	28	4395	0	0	47
2.777	1	1	278	8	1	28	4395	0	0	47
2.778	1	1	278	9	1	28	4395	0	0	47
2.779	1	1	278	10	1	28	4395	0	0	47
2.78	1	1	279	1	1	28	4395	0	0	47
2.781	1	1	279	2	1	28	4395	0	0	47
2.782	1	1	279	3	1	28	4395	0	0	47
2.783	1	1	279	4	1	28	4395	0	0	47
2.784	1	1	279	5	1	28	4395	0	0	47
2.785	1	1	279	6	1	28	4395	0	0	47
2.786	1	1	279	7	1	28	4395	0	0	47
2.787	1	1	279	8	1	28	4395	0	0	47
2.788	1	1	279	9	1	28	4395	0	0	47
2.789	1	1	279	10	1	28	4395	0	0	47
2.79	1	1	280	1	1	28	4395	0	0	47
2.791	1	1	280	2	1	28	4395	0	0	47
2.792	1	1	280	3	1	28	4395	0	0	47
2.793	1	1	280	4	1	28	4395	0	0	47
2.794	1	1	280	5	1	28	4395	0	0	47
2.795	1	1	280	6	1	28	4395	0	0	47
2.796	1	1	280	7	1	28	4395	0	0	47
2.797	1	1	280	8	1	28	4395	0	0	47
2.798	1	1	280	9	1	28	4395	0	0	47
2.799	1	1	280	10	1	28	4395	0	0	47
2.8	1	1	281	1	1	28	4395	0	0	47
2.801	1	1	281	2	1	28	4395	0	0	47
2.802	1	1	281	3	1	28	4395	0	0	47
2.803	1	1	281	4	1	28	4395	0	0	47
2.804	1	1	281	5	1	28	4395	0	0	47
2.805	1	1	281	6	1	28	4395	0	0	47
2.806	1	1	281	7	1	28	4395	0	0	47
2.807	1	1	281	8	1	28	4395	0	0	47
2.808	1	1	281	9	1	28	4395	0	0	47
2.809	1	1	281	10	1	28	4395	0	0	47
2.81	1	1	282	1	1	28	4395	0	0	47
2.811	1	1	282	2	1	28	4395	0	0	47
2.812	1	1	282	3	1	28	4395	0	0	47
2.813	1	1	282	4	1	28	4395	0	0	47
2.814	1	1	282	5	1	28	4395	0	0	47
2.815	1	1	282	6	1	28	4395	0	0	47
2.816	1	1	282	7	1	28	4395	0	0	47
2.817	1	1	282	8	1	28	4395	0	0	47
2.818	1	1	282	9	1	28	4395	0	0	47
2.819	1	1	282	10	1	28	4395	0	0	47
2.82	1	1	283	1	1	28	4395	0	0	47
2.821	1	1	283	2	1	28	4395	0	0	47
2.822	1	1	283	3	1	28	4395	0	0	47
2.823	1	1	283	4	1	28	4395	0	0	47
2.824	1	1	283	5	1	28	4395	0	0	47
2.825	1	1	283	6	1	28	4395	0	0	47
2.826	1	1	283	7	1	28	4395	0	0	47
2.827	1	1	283	8	1	28	4395	0	0	47
2.828	1	1	283	9	1	28	4395	0	0	47
2.829	1	1	283	10	1	28	4395	0	0	47
2.83	1	1	284	1	1	28	4395	0	0	47
2.831	1	1	284	2	1	28	4395	0	0	47
2.832	1	1	284	3	1	28	4395	0	0	47
2.833	1	1	284	4	1	28	4395	0	0	47
2.834	1	1	284	5	1	28	4395	0	0	47
2.835	1	1	284	6	1	28	4395	0	0	47
2.836	1	1	284	7	1	28	4395	0	0	47
2.837	1	1	284	8	1	28	4395	0	0	47
2.838	1	1	284	9	1	28	4395	0	0	47
2.839	1	1	284	10	1	28	4395	0	0	47
2.84	1	1	285	1	1	28	4395	0	0	47
2.841	1	1	285	2	1	28	4395	0	0	47
2.842	1	1	285	3	1	28	4395	0	0	47
2.843	1	1	285	4	1	28	4395	0	0	47
2.844	1	1	285	5	1	28	4395	0	0	47
2.845	1	1	285	6	1	28	4395	0	0	47
2.846	1	1	285	7	1	28	4395	0	0	47
2.847	1	1	285	8	1	28	4395	0	0	47
2.848	1	1	285	9	1	28	4395	0	0	47
2.849	1	1	285	10	1	28	4395	0	0	47
2.85	1	1	286	1	1	28	4395	0	0	47
2.851	1	1	286	2	1	28	4395	0	0	47
2.852	1	1	286	3	1	28	4395	0	0	47
2.853	1	1	286	4	1	28	4395	0	0	47
2.854	1	1	286	5	1	28	4395	0	0	47
2.855	1	1	286	6	1	28	4395	0	0	47
2.856	1	1	286	7	1	28	4395	0	0	47
2.857	1	1	286	8	1	28	4395	0	0	47
2.858	1	1	286	9	1	28	4395	0	0	47
2.859	1	1	286	10	1	28	4395	0	0	47
2.86	1	1	287	1	1	28	4395	0	0	47
2.861	1	1	287	2	1	28	4395	0	0	47
2.862	1	1	287	3	1	28	4395	0	0	47
2.863	1	1	287	4	1	28	4395	0	0	47
2.864	1	1	287	5	1	28	4395	0	0	47
2.865	1	1	287	6	1	28	4395	0	0	47
2.866	1	1	287	7	1	28	4395	0	0	47
2.867	1	1	287	8	1	28	4395	0	0	47
2.868	1	1	287	9	1	28	4395	0	0	47
2.869	1	1	287	10	1	28	4395	0	0	47
2.87	1	1	288	1	1	28	4395	0	0	47
2.871	1	1	288	2	1	28	4395	0	0	47
2.872	1	1	288	3	1	28	4395	0	0	47
2.873	1	1	288	4	1	28	4395	0	0	47
2.874	1	1	288	5	1	28	4395	0	0	47
2.875	1	1	288	6	1	28	4395	0	0	47
2.876	1	1	288	7	1	28	4395	0	0	47
2.877	1	1	288	8	1	28	4395	0	0	47
2.878	1	1	288	9	1	28	4395	0	0	47
2.879	1	1	288	10	1	28	4395	0	0	47
2.88	1	1	289	1	1	28	4395	0	0	47
2.881	1	1	289	2	1	28	4395	0	0	47
2.882	1	1	289	3	1	28	4395	0	0	47
2.883	1	1	289	4	1	28	4395	0	0	47
2.884	1	1	289	5	1	28	4395	0	0	47
2.885	1	1	289	6	1	28	4395	0	0	47
2.886	1	1	289	7	1	28	4395	0	0	47
2.887	1	1	289	8	1	28	4395	0	0	47
2.888	1	1	289	9	1	28	4395	0	0	47
2.889	1	1	289	10	1	28	4395	0	0	47
2.89	1	1	290	1	1	28	4395	0	0	47
2.891	1	1	290	2	1	28	4395	0	0	47
2.892	1	1	290	3	1	28	4395	0	0	47
2.893	1	1	290	4	1	28	4395	0	0	47
2.894	1	1	290	5	1	28	4395	0	0	47
2.895	1	1	290	6	1	28	4395	0	0	47
2.896	1	1	290	7	1	28	4395	0	0	47
2.897	1	1	290	8	1	28	4395	0	0	47
2.898	1	1	290	9	1	28	4395	0	0	47
2.899	1	1	290	10	1	28	4395	0	0	47
2.9	1	1	291	1	1	28	4395	0	0	47
2.901	1	1	291	2	1	28	4395	0	0	47
2.902	1	1	291	3	1	28	4395	0	0	47
2.903	1	1	291	4	1	28	4395	0	0	47
2.904	1	1	291	5	1	28	4395	0	0	47
2.905	1	1	291	6	1	28	4395	0	0	47
2.906	1	1	291	7	1	28	4395	0	0	47
2.907	1	1	291	8	1	28	4395	0	0	47
2.908	1	1	291	9	1	28	4395	0	0	47
2.909	1	1	291	10	1	28	4395	0	0	47
2.91	1	1	292	1	1	28	4395	0	0	47
2.911	1	1	292	2	1	28	4395	0	0	47
2.912	1	1	292	3	1	28	4395	0	0	47
2.913	1	1	292	4	1	28	4395	0	0	47
2.914	1	1	292	5	1	28	4395	0	0	47
2.915	1	1	292	6	1	28	4395	0	0	47
2.916	1	1	292	7	1	28	4395	0	0	47
2.917	1	1	292	8	1	28	4395	0	0	47
2.918	1	1	292	9	1	28	4395	0	0	47
2.919	1	1	292	10	1	28	4395	0	0	47
2.92	1	1	293	1	1	28	4395	0	0	47
2.921	1	1	293	2	1	28	4395	0	0	47
2.922	1	1	293	3	1	28	4395	0	0	47
2.923	1	1	293	4	1	28	4395	0	0	47
2.924	1	1	293	5	1	28	4395	0	0	47
2.925	1	1	293	6	1	28	4395	0	0	47
2.926	1	1	293	7	1	28	4395	0	0	47
2.927	1	1	293	8	1	28	4395	0	0	47
2.928	1	1	293	9	1	28	4395	0	0	47
2.929	1	1	293	10	1	28	4395	0	0	47
2.93	1	1	294	1	1	28	4395	0	0	47
2.931	1	1	294	2	1	28	4395	0	0	47
2.932	1	1	294	3	1	28	4395	0	0	47
2.933	1	1	294	4	1	28	4395	0	0	47
2.934	1	1	294	5	1	28	4395	0	0	47
2.935	1	1	294	6	1	28	4395	0	0	47
2.936	1	1	294	7	1	28	4395	0	0	47
2.937	1	1	294	8	1	28	4395	0	0	47
2.938	1	1	294	9	1	28	4395	0	0	47
2.939	1	1	294	10	1	28	4395	0	0	47
2.94	1	1	295	1	1	28	4395	0	0	47
2.941	1	1	295	2	1	28	4395	0	0	47
2.942	1	1	295	3	1	28	4395	0	0	47
2.943	1	1	295	4	1	28	4395	0	0	47
2.944	1	1	295	5	1	28	4395	0	0	47
2.945	1	1	295	6	1	28	4395	0	0	47
2.946	1	1	295	7	1	28	4395	0	0	47
2.947	1	1	295	8	1	28	4395	0	0	47
2.948	1	1	295	9	1	28	4395	0	0	47
2.949	1	1	295	10	1	28	4395	0	0	47
2.95	1	1	296	1	1	28	4395	0	0	47
2.951	1	1	296	2	1	28	4395	0	0	47
2.952	1	1	296	3	1	28	4395	0	0	47
2.953	1	1	296	4	1	28	4395	0	0	47
2.954	1	1	296	5	1	28	4395	0	0	47
2.955	1	1	296	6	1	28	4395	0	0	47
2.956	1	1	296	7	1	28	4395	0	0	47
2.957	1	1	296	8	1	28	4395	0	0	47
2.958	1	1	296	9	1	28	4395	0	0	47
2.959	1	1	296	10	1	28	4395	0	0	47
2.96	1	1	297	1	1	28	4395	0	0	47
2.961	1	1	297	2	1	28	4395	0	0	47
2.962	1	1	297	3	1	28	4395	0	0	47
2.963	1	1	297	4	1	28	4395	0	0	47
2.964	1	1	297	5	1	28	4395	0	0	47
2.965	1	1	297	6	1	28	4395	0	0	47
2.966	1	1	297	7	1	28	4395	0	0	47
2.967	1	1	297	8	1	28	4395	0	0	47
2.968	1	1	297	9	1	28	4395	0	0	47
2.969	1	1	297	10	1	28	4395	0	0	47
2.97	1	1	298	1	1	28	4395	0	0	47
2.971	1	1	298	2	1	28	4395	0	0	47
2.972	1	1	298	3	1	28	4395	0	0	47
2.973	1	1	298	4	1	28	4395	0	0	47
2.974	1	1	298	5	1	28	4395	0	0	47
2.975	1	1	298	6	1	28	4395	0	0	47
2.976	1	1	298	7	1	28	4395	0	0	47
2.977	1	1	298	8	1	28	4395	0	0	47
2.978	1	1	298	9	1	28	4395	0	0	47
2.979	1	1	298	10	1	28	4395	0	0	47
2.98	1	1	299	1	1	28	4395	0	0	47
2.981	1	1	299	2	1	28	4395	0	0	47
2.982	1	1	299	3	1	28	4395	0	0	47
2.983	1	1	299	4	1	28	4395	0	0	47
2.984	1	1	299	5	1	28	4395	0	0	47
2.985	1	1	299	6	1	28	4395	0	0	47
2.986	1	1	299	7	1	28	4395	0	0	47
2.987	1	1	299	8	1	28	4395	0	0	47
2.988	1	1	299	9	1	28	4395	0	0	47
2.989	1	1	299	10	1	28	4395	0	0	47
2.99	1	1	300	1	1	28	4395	0	0	47
2.991	1	1	300	2	1	28	4395	0	0	47
2.992	1	1	300	3	1	28	4395	0	0	47
2.993	1	1	300	4	1	28	4395	0	0	47
2.994	1	1	300	5	1	28	4395	0	0	47
2.995	1	1	300	6	1	28	4395	0	0	47
2.996	1	1	300	7	1	28	4395	0	0	47
2.997	1	1	300	8	1	28	4395	0	0	47
2.998	1	1	300	9	1	28	4395	0	0	47
2.999	1	1	300	10	1	28	4395	0	0	47
3	1	1	301	1	1	28	4395	0	0	47
3.001	1	1	301	2	1	28	4395	0	0	47
3.002	1	1	301	3	1	28	4395	0	0	47
3.003	1	1	301	4	1	28	4395	0	0	47
3.004	1	1	301	5	1	28	4395	0	0	47
3.005	1	1	301	6	1	28	4395	0	0	47
3.006	1	1	301	7	1	28	4395	0	0	47
3.007	1	1	301	8	1	28	4395	0	0	47
3.008	1	1	301	9	1	28	4395	0	0	47
3.009	1	1	301	10	1	28	4395	0	0	47
3.01	1	1	302	1	1	28	4395	0	0	47
3.011	1	1	302	2	1	28	4395	0	0	47
3.012	1	1	302	3	1	28	4395	0	0	47
3.013	1	1	302	4	1	28	4395	0	0	47
3.014	1	1	302	5	1	28	4395	0	0	47
3.015	1	1	302	6	1	28	4395	0	0	47
3.016	1	1	302	7	1	28	4395	0	0	47
3.017	1	1	302	8	1	28	4395	0	0	47
3.018	1	1	302	9	1	28	4395	0	0	47
3.019	1	1	302	10	1	28	4395	0	0	47
3.02	1	1	303	1	1	28	4395	0	0	47
3.021	1	1	303	2	1	28	4395	0	0	47
3.022	1	1	303	3	1	28	4395	0	0	47
3.023	1	1	303	4	1	28	4395	0	0	47
3.024	1	1	303	5	1	28	4395	0	0	47
3.025	1	1	303	6	1	28	4395	0	0	47
3.026	1	1	303	7	1	28	4395	0	0	47
3.027	1	1	303	8	1	28	4395	0	0	47
3.028	1	1	303	9	1	28	4395	0	0	47
3.029	1	1	303	10	1	28	4395	0	0	47
3.03	1	1	304	1	1	28	4395	0	0	47
3.031	1	1	304	2	1	28	4395	0	0	47
3.032	1	1	304	3	1	28	4395	0	0	47
3.033	1	1	304	4	1	28	4395	0	0	47
3.034	1	1	304	5	1	28	4395	0	0	47
3.035	1	1	304	6	1	28	4395	0	0	47
3.036	1	1	304	7	1	28	4395	0	0	47
3.037	1	1	304	8	1	28	4395	0	0	47
3.038	1	1	304	9	1	28	4395	0	0	47
3.039	1	1	304	10	1	28	4395	0	0	47
3.04	1	1	305	1	1	28	4395	0	0	47
3.041	1	1	305	2	1	28	4395	0	0	47
3.042	1	1	305	3	1	28	4395	0	0	47
3.043	1	1	305	4	1	28	4395	0	0	47
3.044	1	1	305	5	1	28	4395	0	0	47
3.045	1	1	305	6	1	28	4395	0	0	47
3.046	1	1	305	7	1	28	4395	0	0	47
3.047	1	1	305	8	1	28	4395	0	0	47
3.048	1	1	305	9	1	28	4395	0	0	47
3.049	1	1	305	10	1	28	4395	0	0	47
3.05	1	1	306	1	1	28	4395	0	0	47
3.051	1	1	306	2	1	28	4395	0	0	47
3.052	1	1	306	3	1	28	4395	0	0	47
3.053	1	1	306	4	1	28	4395	0	0	47
3.054	1	1	306	5	1	28	4395	0	0	47
3.055	1	1	306	6	1	28	4395	0	0	47
3.056	1	1	306	7	1	28	4395	0	0	47
3.057	1	1	306	8	1	28	4395	0	0	47
3.058	1	1	306	9	1	28	4395	0	0	47
3.059	1	1	306	10	1	28	4395	0	0	47
3.06	1	1	307	1	1	28	4395	0	0	47
3.061	1	1	307	2	1	28	4395	0	0	47
3.062	1	1	307	3	1	28	4395	0	0	47
3.063	1	1	307	4	1	28	4395	0	0	47
3.064	1	1	307	5	1	28	4395	0	0	47
3.065	1	1	307	6	1	28	4395	0	0	47
3.066	1	1	307	7	1	28	4395	0	0	47
3.067	1	1	307	8	1	28	4395	0	0	47
3.068	1	1	307	9	1	28	4395	0	0	47
3.069	1	1	307	10	1	28	4395	0	0	47
3.07	1	1	308	1	1	28	4395	0	0	47
3.071	1	1	308	2	1	28	4395	0	0	47
3.072	1	1	308	3	1	28	4395	0	0	47
3.073	1	1	308	4	1	28	4395	0	0	47
3.074	1	1	308	5	1	28	4395	0	0	47
3.075	1	1	308	6	1	28	4395	0	0	47
3.076	1	1	308	7	1	28	4395	0	0	47
3.077	1	1	308	8	1	28	4395	0	0	47
3.078	1	1	308	9	1	28	4395	0	0	47
3.079	1	1	308	10	1	28	4395	0	0	47
3.08	1	1	309	1	1	28	4395	0	0	47
3.081	1	1	309	2	1	28	4395	0	0	47
3.082	1	1	309	3	1	28	4395	0	0	47
3.083	1	1	309	4	1	28	4395	0	0	47
3.084	1	1	309	5	1	28	4395	0	0	47
3.085	1	1	309	6	1	28	4395	0	0	47
3.086	1	1	309	7	1	28	4395	0	0	47
3.087	1	1	309	8	1	28	4395	0	0	47
3.088	1	1	309	9	1	28	4395	0	0	47
3.089	1	1	309	10	1	28	4395	0	0	47
3.09	1	1	310	1	1	28	4395	0	0	47
3.091	1	1	310	2	1	28	4395	0	0	47
3.092	1	1	310	3	1	28	4395	0	0	47
3.093	1	1	310	4	1	28	4395	0	0	47
3.094	1	1	310	5	1	28	4395	0	0	47
3.095	1	1	310	6	1	28	4395	0	0	47
3.096	1	1	310	7	1	28	4395	0	0	47
3.097	1	1	310	8	1	28	4395	0	0	47
3.098	1	1	310	9	1	28	4395	0	0	47
3.099	1	1	310	10	1	28	4395	0	0	47
3.1	1	1	311	1	1	28	4395	0	0	47
3.101	1	1	311	2	1	28	4395	0	0	47
3.102	1	1	311	3	1	28	4395	0	0	47
3.103	1	1	311	4	1	28	4395	0	0	47
3.104	1	1	311	5	1	28	4395	0	0	47
3.105	1	1	311	6	1	28	4395	0	0	47
3.106	1	1	311	7	1	28	4395	0	0	47
3.107	1	1	311	8	1	28	4395	0	0	47
3.108	1	1	311	9	1	28	4395	0	0	47
3.109	1	1	311	10	1	28	4395	0	0	47
3.11	1	1	312	1	1	28	4395	0	0	47
3.111	1	1	312	2	1	28	4395	0	0	47
3.112	1	1	312	3	1	28	4395	0	0	47
3.113	1	1	312	4	1	28	4395	0	0	47
3.114	1	1	312	5	1	28	4395	0	0	47
3.115	1	1	312	6	1	28	4395	0	0	47
3.116	1	1	312	7	1	28	4395	0	0	47
3.117	1	1	312	8	1	28	4395	0	0	47
3.118	1	1	312	9	1	28	4395	0	0	47
3.119	1	1	312	10	1	28	4395	0	0	47
3.12	1	1	313	1	1	28	4395	0	0	47
3.121	1	1	313	2	1	28	4395	0	0	47
3.122	1	1	313	3	1	28	4395	0	0	47
3.123	1	1	313	4	1	28	4395	0	0	47
3.124	1	1	313	5	1	28	4395	0	0	47
3.125	1	1	313	6	1	28	4395	0	0	47
3.126	1	1	313	7	1	28	4395	0	0	47
3.127	1	1	313	8	1	28	4395	0	0	47
3.128	1	1	313	9	1	28	4395	0	0	47
3.129	1	1	313	10	1	28	4395	0	0	47
3.13	1	1	314	1	1	28	4395	0	0	47
3.131	1	1	314	2	1	28	4395	0	0	47
3.132	1	1	314	3	1	28	4395	0	0	47
3.133	1	1	314	4	1	28	4395	0	0	47
3.134	1	1	314	5	1	28	4395	0	0	47
3.135	1	1	314	6	1	28	4395	0	0	47
3.136	1	1	314	7	1	28	4395	0	0	47
3.137	1	1	314	8	1	28	4395	0	0	47
3.138	1	1	314	9	1	28	4395	0	0	47
3.139	1	1	314	10	1	28	4395	0	0	47
3.14	1	1	315	1	1	28	4395	0	0	47
3.141	1	1	315	2	1	28	4395	0	0	47
3.142	1	1	315	3	1	28	4395	0	0	47
3.143	1	1	315	4	1	28	4395	0	0	47
3.144	1	1	315	5	1	28	4395	0	0	47
3.145	1	1	315	6	1	28	4395	0	0	47
3.146	1	1	315	7	1	28	4395	0	0	47
3.147	1	1	315	8	1	28	4395	0	0	47
3.148	1	1	315	9	1	28	4395	0	0	47
3.149	1	1	315	10	1	28	4395	0	0	47
3.15	1	1	316	1	1	28	4395	0	0	47
3.151	1	1	316	2	1	28	4395	0	0	47
3.152	1	1	316	3	1	28	4395	0	0	47
3.153	1	1	316	4	1	28	4395	0	0	47
3.154	1	1	316	5	1	28	4395	0	0	47
3.155	1	1	316	6	1	28	4395	0	0	47
3.156	1	1	316	7	1	28	4395	0	0	47
3.157	1	1	316	8	1	28	4395	0	0	47
3.158	1	1	316	9	1	28	4395	0	0	47
3.159	1	1	316	10	1	28	4395	0	0	47
3.16	1	1	317	1	1	28	4395	0	0	47
3.161	1	1	317	2	1	28	4395	0	0	47
3.162	1	1	317	3	1	28	4395	0	0	47
3.163	1	1	317	4	1	28	4395	0	0	47
3.164	1	1	317	5	1	28	4395	0	0	47
3.165	1	1	317	6	1	28	4395	0	0	47
3.166	1	1	317	7	1	28	4395	0	0	47
3.167	1	1	317	8	1	28	4395	0	0	47
3.168	1	1	317	9	1	28	4395	0	0	47
3.169	1	1	317	10	1	28	4395	0	0	47
3.17	1	1	318	1	1	28	4395	0	0	47
3.171	1	1	318	2	1	28	4395	0	0	47
3.172	1	1	318	3	1	28	4395	0	0	47
3.173	1	1	318	4	1	28	4395	0	0	47
3.174	1	1	318	5	1	28	4395	0	0	47
3.175	1	1	318	6	1	28	4395	0	0	47
3.176	1	1	318	7	1	28	4395	0	0	47
3.177	1	1	318	8	1	28	4395	0	0	47
3.178	1	1	318	9	1	28	4395	0	0	47
3.179	1	1	318	10	1	28	4395	0	0	47
3.18	1	1	319	1	1	28	4395	0	0	47
3.181	1	1	319	2	1	28	4395	0	0	47
3.182	1	1	319	3	1	28	4395	0	0	47
3.183	1	1	319	4	1	28	4395	0	0	47
3.184	1	1	319	5	1	28	4395	0	0	47
3.185	1	1	319	6	1	28	4395	0	0	47
3.186	1	1	319	7	1	28	4395	0	0	47
3.187	1	1	319	8	1	28	4395	0	0	47
3.188	1	1	319	9	1	28	4395	0	0	47
3.189	1	1	319	10	1	28	4395	0	0	47
3.19	1	1	320	1	1	28	4395	0	0	47
3.191	1	1	320	2	1	28	4395	0	0	47
3.192	1	1	320	3	1	28	4395	0	0	47
3.193	1	1	320	4	1	28	4395	0	0	47
3.194	1	1	320	5	1	28	4395	0	0	47
3.195	1	1	320	6	1	28	4395	0	0	47
3.196	1	1	320	7	1	28	4395	0	0	47
3.197	1	1	320	8	1	28	4395	0	0	47
3.198	1	1	320	9	1	28	4395	0	0	47
3.199	1	1	320	10	1	28	4395	0	0	47
3.2	1	1	321	1	1	28	4395	0	0	47
3.201	1	1	321	2	1	28	4395	0	0	47
3.202	1	1	321	3	1	28	4395	0	0	47
3.203	1	1	321	4	1	28	4395	0	0	47
3.204	1	1	321	5	1	28	4395	0	0	47
3.205	1	1	321	6	1	28	4395	0	0	47
3.206	1	1	321	7	1	28	4395	0	0	47
3.207	1	1	321	8	1	28	4395	0	0	47
3.208	1	1	321	9	1	28	4395	0	0	47
3.209	1	1	321	10	1	28	4395	0	0	47
3.21	1	1	322	1	1	28	4395	0	0	47
3.211	1	1	322	2	1	28	4395	0	0	47
3.212	1	1	322	3	1	28	4395	0	0	47
3.213	1	1	322	4	1	28	4395	0	0	47
3.214	1	1	322	5	1	28	4395	0	0	47
3.215	1	1	322	6	1	28	4395	0	0	47
3.216	1	1	322	7	1	28	4395	0	0	47
3.217	1	1	322	8	1	28	4395	0	0	47
3.218	1	1	322	9	1	28	4395	0	0	47
3.219	1	1	322	10	1	28	4395	0	0	47
3.22	1	1	323	1	1	28	4395	0	0	47
3.221	1	1	323	2	1	28	4395	0	0	47
3.222	1	1	323	3	1	28	4395	0	0	47
3.223	1	1	323	4	1	28	4395	0	0	47
3.224	1	1	323	5	1	28	4395	0	0	47
3.225	1	1	323	6	1	28	4395	0	0	47
3.226	1	1	323	7	1	28	4395	0	0	47
3.227	1	1	323	8	1	28	4395	0	0	47
3.228	1	1	323	9	1	28	4395	0	0	47
3.229	1	1	323	10	1	28	4395	0	0	47
3.23	1	1	324	1	1	28	4395	0	0	47
3.231	1	1	324	2	1	28	4395	0	0	47
3.232	1	1	324	3	1	28	4395	0	0	47
3.233	1	1	324	4	1	28	4395	0	0	47
3.234	1	1	324	5	1	28	4395	0	0	47
3.235	1	1	324	6	1	28	4395	0	0	47
3.236	1	1	324	7	1	28	4395	0	0	47
3.237	1	1	324	8	1	28	4395	0	0	47
3.238	1	1	324	9	1	28	4395	0	0	47
3.239	1	1	324	10	1	28	4395	0	0	47
3.24	1	1	325	1	1	28	4395	0	0	47
3.241	1	1	325	2	1	28	4395	0	0	47
3.242	1	1	325	3	1	28	4395	0	0	47
3.243	1	1	325	4	1	28	4395	0	0	47
3.244	1	1	325	5	1	28	4395	0	0	47
3.245	1	1	325	6	1	28	4395	0	0	47
3.246	1	1	325	7	1	28	4395	0	0	47
3.247	1	1	325	8	1	28	4395	0	0	47
3.248	1	1	325	9	1	28	4395	0	0	47
3.249	1	1	325	10	1	28	4395	0	0	47
3.25	1	1	326	1	1	28	4395	0	0	47
3.251	1	1	326	2	1	28	4395	0	0	47
3.252	1	1	326	3	1	28	4395	0	0	47
3.253	1	1	326	4	1	28	4395	0	0	47
3.254	1	1	326	5	1	28	4395	0	0	47
3.255	1	1	326	6	1	28	4395	0	0	47
3.256	1	1	326	7	1	28	4395	0	0	47
3.257	1	1	326	8	1	28	4395	0	0	47
3.258	1	1	326	9	1	28	4395	0	0	47
3.259	1	1	326	10	1	28	4395	0	0	47
3.26	1	1	327	1	1	28	4395	0	0	47
3.261	1	1	327	2	1	28	4395	0	0	47
3.262	1	1	327	3	1	28	4395	0	0	47
3.263	1	1	327	4	1	28	4395	0	0	47
3.264	1	1	327	5	1	28	4395	0	0	47
3.265	1	1	327	6	1	28	4395	0	0	47
3.266	1	1	327	7	1	28	4395	0	0	47
3.267	1	1	327	8	1	28	4395	0	0	47
3.268	1	1	327	9	1	28	4395	0	0	47
3.269	1	1	327	10	1	28	4395	0	0	47
3.27	1	1	328	1	1	28	4395	0	0	47
3.271	1	1	328	2	1	28	4395	0	0	47
3.272	1	1	328	3	1	28	4395	0	0	47
3.273	1	1	328	4	1	28	4395	0	0	47
3.274	1	1	328	5	1	28	4395	0	0	47
3.275	1	1	328	6	1	28	4395	0	0	47
3.276	1	1	328	7	1	28	4395	0	0	47
3.277	1	1	328	8	1	28	4395	0	0	47
3.278	1	1	328	9	1	28	4395	0	0	47
3.279	1	1	328	10	1	28	4395	0	0	47
3.28	1	1	329	1	1	28	4395	0	0	47
3.281	1	1	329	2	1	28	4395	0	0	47
3.282	1	1	329	3	1	28	4395	0	0	47
3.283	1	1	329	4	1	28	4395	0	0	47
3.284	1	1	329	5	1	28	4395	0	0	47
3.285	1	1	329	6	1	28	4395	0	0	47
3.286	1	1	329	7	1	28	4395	0	0	47
3.287	1	1	329	8	1	28	4395	0	0	47
3.288	1	1	329	9	1	28	4395	0	0	47
3.289	1	1	329	10	1	28	4395	0	0	47
3.29	1	1	330	1	1	28	4395	0	0	47
3.291	1	1	330	2	1	28	4395	0	0	47
3.292	1	1	330	3	1	28	4395	0	0	47
3.293	1	1	330	4	1	28	4395	0	0	47
3.294	1	1	330	5	1	28	4395	0	0	47
3.295	1	1	330	6	1	28	4395	0	0	47
3.296	1	1	330	7	1	28	4395	0	0	47
3.297	1	1	330	8	1	28	4395	0	0	47
3.298	1	1	330	9	1	28	4395	0	0	47
3.299	1	1	330	10	1	28	4395	0	0	47
3.3	1	1	331	1	1	28	4395	0	0	47
3.301	1	1	331	2	1	28	4395	0	0	47
3.302	1	1	331	3	1	28	4395	0	0	47
3.303	1	1	331	4	1	28	4395	0	0	47
3.304	1	1	331	5	1	28	4395	0	0	47
3.305	1	1	331	6	1	28	4395	0	0	47
3.306	1	1	331	7	1	28	4395	0	0	47
3.307	1	1	331	8	1	28	4395	0	0	47
3.308	1	1	331	9	1	28	4395	0	0	47
3.309	1	1	331	10	1	28	4395	0	0	47
3.31	1	1	332	1	1	28	4395	0	0	47
3.311	1	1	332	2	1	28	4395	0	0	47
3.312	1	1	332	3	1	28	4395	0	0	47
3.313	1	1	332	4	1	28	4395	0	0	47
3.314	1	1	332	5	1	28	4395	0	0	47
3.315	1	1	332	6	1	28	4395	0	0	47
3.316	1	1	332	7	1	28	4395	0	0	47
3.317	1	1	332	8	1	28	4395	0	0	47
3.318	1	1	332	9	1	28	4395	0	0	47
3.319	1	1	332	10	1	28	4395	0	0	47
3.32	1	1	333	1	1	28	4395	0	0	47
3.321	1	1	333	2	1	28	4395	0	0	47
3.322	1	1	333	3	1	28	4395	0	0	47
3.323	1	1	333	4	1	28	4395	0	0	47
3.324	1	1	333	5	1	28	4395	0	0	47
3.325	1	1	333	6	1	28	4395	0	0	47
3.326	1	1	333	7	1	28	4395	0	0	47
3.327	1	1	333	8	1	28	4395	0	0	47
3.328	1	1	333	9	1	28	4395	0	0	47
3.329	1	1	333	10	1	28	4395	0	0	47
3.33	1	1	334	1	1	28	4395	0	0	47
3.331	1	1	334	2	1	28	4395	0	0	47
3.332	1	1	334	3	1	28	4395	0	0	47
3.333	1	1	334	4	1	28	4395	0	0	47
3.334	1	1	334	5	1	28	4395	0	0	47
3.335	1	1	334	6	1	28	4395	0	0	47
3.336	1	1	334	7	1	28	4395	0	0	47
3.337	1	1	334	8	1	28	4395	0	0	47
3.338	1	1	334	9	1	28	4395	0	0	47
3.339	1	1	334	10	1	28	4395	0	0	47
3.34	1	1	335	1	1	28	4395	0	0	47
3.341	1	1	335	2	1	28	4395	0	0	47
3.342	1	1	335	3	1	28	4395	0	0	47
3.343	1	1	335	4	1	28	4395	0	0	47
3.344	1	1	335	5	1	28	4395	0	0	47
3.345	1	1	335	6	1	28	4395	0	0	47
3.346	1	1	335	7	1	28	4395	0	0	47
3.347	1	1	335	8	1	28	4395	0	0	47
3.348	1	1	335	9	1	28	4395	0	0	47
3.349	1	1	335	10	1	28	4395	0	0	47
3.35	1	1	336	1	1	28	4395	0	0	47
3.351	1	1	336	2	1	28	4395	0	0	47
3.352	1	1	336	3	1	28	4395	0	0	47
3.353	1	1	336	4	1	28	4395	0	0	47
3.354	1	1	336	5	1	28	4395	0	0	47
3.355	1	1	336	6	1	28	4395	0	0	47
3.356	1	1	336	7	1	28	4395	0	0	47
3.357	1	1	336	8	1	28	4395	0	0	47
3.358	1	1	336	9	1	28	4395	0	0	47
3.359	1	1	336	10	1	28	4395	0	0	47
3.36	1	1	337	1	1	28	4395	0	0	47
3.361	1	1	337	2	1	28	4395	0	0	47
3.362	1	1	337	3	1	28	4395	0	0	47
3.363	1	1	337	4	1	28	4395	0	0	47
3.364	1	1	337	5	1	28	4395	0	0	47
3.365	1	1	337	6	1	28	4395	0	0	47
3.366	1	1	337	7	1	28	4395	0	0	47
3.367	1	1	337	8	1	28	4395	0	0	47
3.368	1	1	337	9	1	28	4395	0	0	47
3.369	1	1	337	10	1	28	4395	0	0	47
3.37	1	1	338	1	1	28	4395	0	0	47
3.371	1	1	338	2	1	28	4395	0	0	47
3.372	1	1	338	3	1	28	4395	0	0	47
3.373	1	1	338	4	1	28	4395	0	0	47
3.374	1	1	338	5	1	28	4395	0	0	47
3.375	1	1	338	6	1	28	4395	0	0	47
3.376	1	1	338	7	1	28	4395	0	0	47
3.377	1	1	338	8	1	28	4395	0	0	47
3.378	1	1	338	9	1	28	4395	0	0	47
3.379	1	1	338	10	1	28	4395	0	0	47
3.38	1	1	339	1	1	28	4395	0	0	47
3.381	1	1	339	2	1	28	4395	0	0	47
3.382	1	1	339	3	1	28	4395	0	0	47
3.383	1	1	339	4	1	28	4395	0	0	47
3.384	1	1	339	5	1	28	4395	0	0	47
3.385	1	1	339	6	1	28	4395	0	0	47
3.386	1	1	339	7	1	28	4395	0	0	47
3.387	1	1	339	8	1	28	4395	0	0	47
3.388	1	1	339	9	1	28	4395	0	0	47
3.389	1	1	339	10	1	28	4395	0	0	47
3.39	1	1	340	1	1	28	4395	0	0	47
3.391	1	1	340	2	1	28	4395	0	0	47
3.392	1	1	340	3	1	28	4395	0	0	47
3.393	1	1	340	4	1	28	4395	0	0	47
3.394	1	1	340	5	1	28	4395	0	0	47
3.395	1	1	340	6	1	28	4395	0	0	47
3.396	1	1	340	7	1	28	4395	0	0	47
3.397	1	1	340	8	1	28	4395	0	0	47
3.398	1	1	340	9	1	28	4395	0	0	47
3.399	1	1	340	10	1	28	4395	0	0	47
3.4	1	1	341	1	1	28	4395	0	0	47
3.401	1	1	341	2	1	28	4395	0	0	47
3.402	1	1	341	3	1	28	4395	0	0	47
3.403	1	1	341	4	1	28	4395	0	0	47
3.404	1	1	341	5	1	28	4395	0	0	47
3.405	1	1	341	6	1	28	4395	0	0	47
3.406	1	1	341	7	1	28	4395	0	0	47
3.407	1	1	341	8	1	28	4395	0	0	47
3.408	1	1	341	9	1	28	4395	0	0	47
3.409	1	1	341	10	1	28	4395	0	0	47
3.41	1	1	342	1	1	28	4395	0	0	47
3.411	1	1	342	2	1	28	4395	0	0	47
3.412	1	1	342	3	1	28	4395	0	0	47
3.413	1	1	342	4	1	28	4395	0	0	47
3.414	1	1	342	5	1	28	4395	0	0	47
3.415	1	1	342	6	1	28	4395	0	0	47
3.416	1	1	342	7	1	28	4395	0	0	47
3.417	1	1	342	8	1	28	4395	0	0	47
3.418	1	1	342	9	1	28	4395	0	0	47
3.419	1	1	342	10	1	28	4395	0	0	47
3.42	1	1	343	1	1	28	4395	0	0	47
3.421	1	1	343	2	1	28	4395	0	0	47
3.422	1	1	343	3	1	28	4395	0	0	47
3.423	1	1	343	4	1	28	4395	0	0	47
3.424	1	1	343	5	1	28	4395	0	0	47
3.425	1	1	343	6	1	28	4395	0	0	47
3.426	1	1	343	7	1	28	4395	0	0	47
3.427	1	1	343	8	1	28	4395	0	0	47
3.428	1	1	343	9	1	28	4395	0	0	47
3.429	1	1	343	10	1	28	4395	0	0	47
3.43	1	1	344	1	1	28	4395	0	0	47
3.431	1	1	344	2	1	28	4395	0	0	47
3.432	1	1	344	3	1	28	4395	0	0	47
3.433	1	1	344	4	1	28	4395	0	0	47
3.434	1	1	344	5	1	28	4395	0	0	47
3.435	1	1	344	6	1	28	4395	0	0	47
3.436	1	1	344	7	1	28	4395	0	0	47
3.437	1	1	344	8	1	28	4395	0	0	47
3.438	1	1	344	9	1	28	4395	0	0	47
3.439	1	1	344	10	1	28	4395	0	0	47
3.44	1	1	345	1	1	28	4395	0	0	47
3.441	1	1	345	2	1	28	4395	0	0	47
3.442	1	1	345	3	1	28	4395	0	0	47
3.443	1	1	345	4	1	28	4395	0	0	47
3.444	1	1	345	5	1	28	4395	0	0	47
3.445	1	1	345	6	1	28	4395	0	0	47
3.446	1	1	345	7	1	28	4395	0	0	47
3.447	1	1	345	8	1	28	4395	0	0	47
3.448	1	1	345	9	1	28	4395	0	0	47
3.449	1	1	345	10	1	28	4395	0	0	47
3.45	1	1	346	1	1	28	4395	0	0	47
3.451	1	1	346	2	1	28	4395	0	0	47
3.452	1	1	346	3	1	28	4395	0	0	47
3.453	1	1	346	4	1	28	4395	0	0	47
3.454	1	1	346	5	1	28	4395	0	0	47
3.455	1	1	346	6	1	28	4395	0	0	47
3.456	1	1	346	7	1	28	4395	0	0	47
3.457	1	1	346	8	1	28	4395	0	0	47
3.458	1	1	346	9	1	28	4395	0	0	47
3.459	1	1	346	10	1	28	4395	0	0	47
3.46	1	1	347	1	1	28	4395	0	0	47
3.461	1	1	347	2	1	28	4395	0	0	47
3.462	1	1	347	3	1	28	4395	0	0	47
3.463	1	1	347	4	1	28	4395	0	0	47
3.464	1	1	347	5	1	28	4395	0	0	47
3.465	1	1	347	6	1	28	4395	0	0	47
3.466	1	1	347	7	1	28	4395	0	0	47
3.467	1	1	347	8	1	28	4395	0	0	47
3.468	1	1	347	9	1	28	4395	0	0	47
3.469	1	1	347	10	1	28	4395	0	0	47
3.47	1	1	348	1	1	28	4395	0	0	47
3.471	1	1	348	2	1	28	4395	0	0	47
3.472	1	1	348	3	1	28	4395	0	0	47
3.473	1	1	348	4	1	28	4395	0	0	47
3.474	1	1	348	5	1	28	4395	0	0	47
3.475	1	1	348	6	1	28	4395	0	0	47
3.476	1	1	348	7	1	28	4395	0	0	47
3.477	1	1	348	8	1	28	4395	0	0	47
3.478	1	1	348	9	1	28	4395	0	0	47
3.479	1	1	348	10	1	28	4395	0	0	47
3.48	1	1	349	1	1	28	4395	0	0	47
3.481	1	1	349	2	1	28	4395	0	0	47
3.482	1	1	349	3	1	28	4395	0	0	47
3.483	1	1	349	4	1	28	4395	0	0	47
3.484	1	1	349	5	1	28	4395	0	0	47
3.485	1	1	349	6	1	28	4395	0	0	47
3.486	1	1	349	7	1	28	4395	0	0	47
3.487	1	1	349	8	1	28	4395	0	0	47
3.488	1	1	349	9	1	28	4395	0	0	47
3.489	1	1	349	10	1	28	4395	0	0	47
3.49	1	1	350	1	1	28	4395	0	0	47
3.491	1	1	350	2	1	28	4395	0	0	47
3.492	1	1	350	3	1	28	4395	0	0	47
3.493	1	1	350	4	1	28	4395	0	0	47
3.494	1	1	350	5	1	28	4395	0	0	47
3.495	1	1	350	6	1	28	4395	0	0	47
3.496	1	1	350	7	1	28	4395	0	0	47
3.497	1	1	350	8	1	28	4395	0	0	47
3.498	1	1	350	9	1	28	4395	0	0	47
3.499	1	1	350	10	1	28	4395	0	0	47
3.5	1	1	351	1	1	28	4395	0	0	47
3.501	1	1	351	2	1	28	4395	0	0	47
3.502	1	1	351	3	1	28	4395	0	0	47
3.503	1	1	351	4	1	28	4395	0	0	47
3.504	1	1	351	5	1	28	4395	0	0	47
3.505	1	1	351	6	1	28	4395	0	0	47
3.506	1	1	351	7	1	28	4395	0	0	47
3.507	1	1	351	8	1	28	4395	0	0	47
3.508	1	1	351	9	1	28	4395	0	0	47
3.509	1	1	351	10	1	28	4395	0	0	47
3.51	1	1	352	1	1	28	4395	0	0	47
3.511	1	1	352	2	1	28	4395	0	0	47
3.512	1	1	352	3	1	28	4395	0	0	47
3.513	1	1	352	4	1	28	4395	0	0	47
3.514	1	1	352	5	1	28	4395	0	0	47
3.515	1	1	352	6	1	28	4395	0	0	47
3.516	1	1	352	7	1	28	4395	0	0	47
3.517	1	1	352	8	1	28	4395	0	0	47
3.518	1	1	352	9	1	28	4395	0	0	47
3.519	1	1	352	10	1	28	4395	0	0	47
3.52	1	1	353	1	1	28	4395	0	0	47
3.521	1	1	353	2	1	28	4395	0	0	47
3.522	1	1	353	3	1	28	4395	0	0	47
3.523	1	1	353	4	1	28	4395	0	0	47
3.524	1	1	353	5	1	28	4395	0	0	47
3.525	1	1	353	6	1	28	4395	0	0	47
3.526	1	1	353	7	1	28	4395	0	0	47
3.527	1	1	353	8	1	28	4395	0	0	47
3.528	1	1	353	9	1	28	4395	0	0	47
3.529	1	1	353	10	1	28	4395	0	0	47
3.53	1	1	354	1	1	28	4395	0	0	47
3.531	1	1	354	2	1	28	4395	0	0	47
3.532	1	1	354	3	1	28	4395	0	0	47
3.533	1	1	354	4	1	28	4395	0	0	47
3.534	1	1	354	5	1	28	4395	0	0	47
3.535	1	1	354	6	1	28	4395	0	0	47
3.536	1	1	354	7	1	28	4395	0	0	47
3.537	1	1	354	8	1	28	4395	0	0	47
3.538	1	1	354	9	1	28	4395	0	0	47
3.539	1	1	354	10	1	28	4395	0	0	47
3.54	1	1	355	1	1	28	4395	0	0	47
3.541	1	1	355	2	1	28	4395	0	0	47
3.542	1	1	355	3	1	28	4395	0	0	47
3.543	1	1	355	4	1	28	4395	0	0	47
3.544	1	1	355	5	1	28	4395	0	0	47
3.545	1	1	355	6	1	28	4395	0	0	47
3.546	1	1	355	7	1	28	4395	0	0	47
3.547	1	1	355	8	1	28	4395	0	0	47
3.548	1	1	355	9	1	28	4395	0	0	47
3.549	1	1	355	10	1	28	4395	0	0	47
3.55	1	1	356	1	1	28	4395	0	0	47
3.551	1	1	356	2	1	28	4395	0	0	47
3.552	1	1	356	3	1	28	4395	0	0	47
3.553	1	1	356	4	1	28	4395	0	0	47
3.554	1	1	356	5	1	28	4395	0	0	47
3.555	1	1	356	6	1	28	4395	0	0	47
3.556	1	1	356	7	1	28	4395	0	0	47
3.557	1	1	356	8	1	28	4395	0	0	47
3.558	1	1	356	9	1	28	4395	0	0	47
3.559	1	1	356	10	1	28	4395	0	0	47
3.56	1	1	357	1	1	28	4395	0	0	47
3.561	1	1	357	2	1	28	4395	0	0	47
3.562	1	1	357	3	1	28	4395	0	0	47
3.563	1	1	357	4	1	28	4395	0	0	47
3.564	1	1	357	5	1	28	4395	0	0	47
3.565	1	1	357	6	1	28	4395	0	0	47
3.566	1	1	357	7	1	28	4395	0	0	47
3.567	1	1	357	8	1	28	4395	0	0	47
3.568	1	1	357	9	1	28	4395	0	0	47
3.569	1	1	357	10	1	28	4395	0	0	47
3.57	1	1	358	1	1	28	4395	0	0	47
3.571	1	1	358	2	1	28	4395	0	0	47
3.572	1	1	358	3	1	28	4395	0	0	47
3.573	1	1	358	4	1	28	4395	0	0	47
3.574	1	1	358	5	1	28	4395	0	0	47
3.575	1	1	358	6	1	28	4395	0	0	47
3.576	1	1	358	7	1	28	4395	0	0	47
3.577	1	1	358	8	1	28	4395	0	0	47
3.578	1	1	358	9	1	28	4395	0	0	47
3.579	1	1	358	10	1	28	4395	0	0	47
3.58	1	1	359	1	1	28	4395	0	0	47
3.581	1	1	359	2	1	28	4395	0	0	47
3.582	1	1	359	3	1	28	4395	0	0	47
3.583	1	1	359	4	1	28	4395	0	0	47
3.584	1	1	359	5	1	28	4395	0	0	47
3.585	1	1	359	6	1	28	4395	0	0	47
3.586	1	1	359	7	1	28	4395	0	0	47
3.587	1	1	359	8	1	28	4395	0	0	47
3.588	1	1	359	9	1	28	4395	0	0	47
3.589	1	1	359	10	1	28	4395	0	0	47
3.59	1	1	360	1	1	28	4395	0	0	47
3.591	1	1	360	2	1	28	4395	0	0	47
3.592	1	1	360	3	1	28	4395	0	0	47
3.593	1	1	360	4	1	28	4395	0	0	47
3.594	1	1	360	5	1	28	4395	0	0	47
3.595	1	1	360	6	1	28	4395	0	0	47
3.596	1	1	360	7	1	28	4395	0	0	47
3.597	1	1	360	8	1	28	4395	0	0	47
3.598	1	1	360	9	1	28	4395	0	0	47
3.599	1	1	360	10	1	28	4395	0	0	47
3.6	1	1	361	1	1	28	4395	0	0	47
3.601	1	1	361	2	1	28	4395	0	0	47
3.602	1	1	361	3	1	28	4395	0	0	47
3.603	1	1	361	4	1	28	4395	0	0	47
3.604	1	1	361	5	1	28	4395	0	0	47
3.605	1	1	361	6	1	28	4395	0	0	47
3.606	1	1	361	7	1	28	4395	0	0	47
3.607	1	1	361	8	1	28	4395	0	0	47
3.608	1	1	361	9	1	28	4395	0	0	47
3.609	1	1	361	10	1	28	4395	0	0	47
3.61	1	1	362	1	1	28	4395	0	0	47
3.611	1	1	362	2	1	28	4395	0	0	47
3.612	1	1	362	3	1	28	4395	0	0	47
3.613	1	1	362	4	1	28	4395	0	0	47
3.614	1	1	362	5	1	28	4395	0	0	47
3.615	1	1	362	6	1	28	4395	0	0	47
3.616	1	1	362	7	1	28	4395	0	0	47
3.617	1	1	362	8	1	28	4395	0	0	47
3.618	1	1	362	9	1	28	4395	0	0	47
3.619	1	1	362	10	1	28	4395	0	0	47
3.62	1	1	363	1	1	28	4395	0	0	47
3.621	1	1	363	2	1	28	4395	0	0	47
3.622	1	1	363	3	1	28	4395	0	0	47
3.623	1	1	363	4	1	28	4395	0	0	47
3.624	1	1	363	5	1	28	4395	0	0	47
3.625	1	1	363	6	1	28	4395	0	0	47
3.626	1	1	363	7	1	28	4395	0	0	47
3.627	1	1	363	8	1	28	4395	0	0	47
3.628	1	1	363	9	1	28	4395	0	0	47
3.629	1	1	363	10	1	28	4395	0	0	47
3.63	1	1	364	1	1	28	4395	0	0	47
3.631	1	1	364	2	1	28	4395	0	0	47
3.632	1	1	364	3	1	28	4395	0	0	47
3.633	1	1	364	4	1	28	4395	0	0	47
3.634	1	1	364	5	1	28	4395	0	0	47
3.635	1	1	364	6	1	28	4395	0	0	47
3.636	1	1	364	7	1	28	4395	0	0	47
3.637	1	1	364	8	1	28	4395	0	0	47
3.638	1	1	364	9	1	28	4395	0	0	47
3.639	1	1	364	10	1	28	4395	0	0	47
3.64	1	1	365	1	1	28	4395	0	0	47
3.641	1	1	365	2	1	28	4395	0	0	47
3.642	1	1	365	3	1	28	4395	0	0	47
3.643	1	1	365	4	1	28	4395	0	0	47
3.644	1	1	365	5	1	28	4395	0	0	47
3.645	1	1	365	6	1	28	4395	0	0	47
3.646	1	1	365	7	1	28	4395	0	0	47
3.647	1	1	365	8	1	28	4395	0	0	47
3.648	1	1	365	9	1	28	4395	0	0	47
3.649	1	1	365	10	1	28	4395	0	0	47
3.65	1	1	366	1	1	28	4395	0	0	47
3.651	1	1	366	2	1	28	4395	0	0	47
3.652	1	1	366	3	1	28	4395	0	0	47
3.653	1	1	366	4	1	28	4395	0	0	47
3.654	1	1	366	5	1	28	4395	0	0	47
3.655	1	1	366	6	1	28	4395	0	0	47
3.656	1	1	366	7	1	28	4395	0	0	47
3.657	1	1	366	8	1	28	4395	0	0	47
3.658	1	1	366	9	1	28	4395	0	0	47
3.659	1	1	366	10	1	28	4395	0	0	47
3.66	1	1	367	1	1	28	4395	0	0	47
3.661	1	1	367	2	1	28	4395	0	0	47
3.662	1	1	367	3	1	28	4395	0	0	47
3.663	1	1	367	4	1	28	4395	0	0	47
3.664	1	1	367	5	1	28	4395	0	0	47
3.665	1	1	367	6	1	28	4395	0	0	47
3.666	1	1	367	7	1	28	4395	0	0	47
3.667	1	1	367	8	1	28	4395	0	0	47
3.668	1	1	367	9	1	28	4395	0	0	47
3.669	1	1	367	10	1	28	4395	0	0	47
3.67	1	1	368	1	1	28	4395	0	0	47
3.671	1	1	368	2	1	28	4395	0	0	47
3.672	1	1	368	3	1	28	4395	0	0	47
3.673	1	1	368	4	1	28	4395	0	0	47
3.674	1	1	368	5	1	28	4395	0	0	47
3.675	1	1	368	6	1	28	4395	0	0	47
3.676	1	1	368	7	1	28	4395	0	0	47
3.677	1	1	368	8	1	28	4395	0	0	47
3.678	1	1	368	9	1	28	4395	0	0	47
3.679	1	1	368	10	1	28	4395	0	0	47
3.68	1	1	369	1	1	28	4395	0	0	47
3.681	1	1	369	2	1	28	4395	0	0	47
3.682	1	1	369	3	1	28	4395	0	0	47
3.683	1	1	369	4	1	28	4395	0	0	47
3.684	1	1	369	5	1	28	4395	0	0	47
3.685	1	1	369	6	1	28	4395	0	0	47
3.686	1	1	369	7	1	28	4395	0	0	47
3.687	1	1	369	8	1	28	4395	0	0	47
3.688	1	1	369	9	1	28	4395	0	0	47
3.689	1	1	369	10	1	28	4395	0	0	47
3.69	1	1	370	1	1	28	4395	0	0	47
3.691	1	1	370	2	1	28	4395	0	0	47
3.692	1	1	370	3	1	28	4395	0	0	47
3.693	1	1	370	4	1	28	4395	0	0	47
3.694	1	1	370	5	1	28	4395	0	0	47
3.695	1	1	370	6	1	28	4395	0	0	47
3.696	1	1	370	7	1	28	4395	0	0	47
3.697	1	1	370	8	1	28	4395	0	0	47
3.698	1	1	370	9	1	28	4395	0	0	47
3.699	1	1	370	10	1	28	4395	0	0	47
3.7	1	1	371	1	1	28	4395	0	0	47
3.701	1	1	371	2	1	28	4395	0	0	47
3.702	1	1	371	3	1	28	4395	0	0	47
3.703	1	1	371	4	1	28	4395	0	0	47
3.704	1	1	371	5	1	28	4395	0	0	47
3.705	1	1	371	6	1	28	4395	0	0	47
3.706	1	1	371	7	1	28	4395	0	0	47
3.707	1	1	371	8	1	28	4395	0	0	47
3.708	1	1	371	9	1	28	4395	0	0	47
3.709	1	1	371	10	1	28	4395	0	0	47
3.71	1	1	372	1	1	28	4395	0	0	47
3.711	1	1	372	2	1	28	4395	0	0	47
3.712	1	1	372	3	1	28	4395	0	0	47
3.713	1	1	372	4	1	28	4395	0	0	47
3.714	1	1	372	5	1	28	4395	0	0	47
3.715	1	1	372	6	1	28	4395	0	0	47
3.716	1	1	372	7	1	28	4395	0	0	47
3.717	1	1	372	8	1	28	4395	0	0	47
3.718	1	1	372	9	1	28	4395	0	0	47
3.719	1	1	372	10	1	28	4395	0	0	47
3.72	1	1	373	1	1	28	4395	0	0	47
3.721	1	1	373	2	1	28	4395	0	0	47
3.722	1	1	373	3	1	28	4395	0	0	47
3.723	1	1	373	4	1	28	4395	0	0	47
3.724	1	1	373	5	1	28	4395	0	0	47
3.725	1	1	373	6	1	28	4395	0	0	47
3.726	1	1	373	7	1	28	4395	0	0	47
3.727	1	1	373	8	1	28	4395	0	0	47
3.728	1	1	373	9	1	28	4395	0	0	47
3.729	1	1	373	10	1	28	4395	0	0	47
3.73	1	1	374	1	1	28	4395	0	0	47
3.731	1	1	374	2	1	28	4395	0	0	47
3.732	1	1	374	3	1	28	4395	0	0	47
3.733	1	1	374	4	1	28	4395	0	0	47
3.734	1	1	374	5	1	28	4395	0	0	47
3.735	1	1	374	6	1	28	4395	0	0	47
3.736	1	1	374	7	1	28	4395	0	0	47
3.737	1	1	374	8	1	28	4395	0	0	47
3.738	1	1	374	9	1	28	4395	0	0	47
3.739	1	1	374	10	1	28	4395	0	0	47
3.74	1	1	375	1	1	28	4395	0	0	47
3.741	1	1	375	2	1	28	4395	0	0	47
3.742	1	1	375	3	1	28	4395	0	0	47
3.743	1	1	375	4	1	28	4395	0	0	47
3.744	1	1	375	5	1	28	4395	0	0	47
3.745	1	1	375	6	1	28	4395	0	0	47
3.746	1	1	375	7	1	28	4395	0	0	47
3.747	1	1	375	8	1	28	4395	0	0	47
3.748	1	1	375	9	1	28	4395	0	0	47
3.749	1	1	375	10	1	28	4395	0	0	47
3.75	1	1	376	1	1	28	4395	0	0	47
3.751	1	1	376	2	1	28	4395	0	0	47
3.752	1	1	376	3	1	28	4395	0	0	47
3.753	1	1	376	4	1	28	4395	0	0	47
3.754	1	1	376	5	1	28	4395	0	0	47
3.755	1	1	376	6	1	28	4395	0	0	47
3.756	1	1	376	7	1	28	4395	0	0	47
3.757	1	1	376	8	1	28	4395	0	0	47
3.758	1	1	376	9	1	28	4395	0	0	47
3.759	1	1	376	10	1	28	4395	0	0	47
3.76	1	1	377	1	1	28	4395	0	0	47
3.761	1	1	377	2	1	28	4395	0	0	47
3.762	1	1	377	3	1	28	4395	0	0	47
3.763	1	1	377	4	1	28	4395	0	0	47
3.764	1	1	377	5	1	28	4395	0	0	47
3.765	1	1	377	6	1	28	4395	0	0	47
3.766	1	1	377	7	1	28	4395	0	0	47
3.767	1	1	377	8	1	28	4395	0	0	47
3.768	1	1	377	9	1	28	4395	0	0	47
3.769	1	1	377	10	1	28	4395	0	0	47
3.77	1	1	378	1	1	28	4395	0	0	47
3.771	1	1	378	2	1	28	4395	0	0	47
3.772	1	1	378	3	1	28	4395	0	0	47
3.773	1	1	378	4	1	28	4395	0	0	47
3.774	1	1	378	5	1	28	4395	0	0	47
3.775	1	1	378	6	1	28	4395	0	0	47
3.776	1	1	378	7	1	28	4395	0	0	47
3.777	1	1	378	8	1	28	4395	0	0	47
3.778	1	1	378	9	1	28	4395	0	0	47
3.779	1	1	378	10	1	28	4395	0	0	47
3.78	1	1	379	1	1	28	4395	0	0	47
3.781	1	1	379	2	1	28	4395	0	0	47
3.782	1	1	379	3	1	28	4395	0	0	47
3.783	1	1	379	4	1	28	4395	0	0	47
3.784	1	1	379	5	1	28	4395	0	0	47
3.785	1	1	379	6	1	28	4395	0	0	47
3.786	1	1	379	7	1	28	4395	0	0	47
3.787	1	1	379	8	1	28	4395	0	0	47
3.788	1	1	379	9	1	28	4395	0	0	47
3.789	1	1	379	10	1	28	4395	0	0	47
3.79	1	1	380	1	1	28	4395	0	0	47
3.791	1	1	380	2	1	28	4395	0	0	47
3.792	1	1	380	3	1	28	4395	0	0	47
3.793	1	1	380	4	1	28	4395	0	0	47
3.794	1	1	380	5	1	28	4395	0	0	47
3.795	1	1	380	6	1	28	4395	0	0	47
3.796	1	1	380	7	1	28	4395	0	0	47
3.797	1	1	380	8	1	28	4395	0	0	47
3.798	1	1	380	9	1	28	4395	0	0	47
3.799	1	1	380	10	1	28	4395	0	0	47
3.8	1	1	381	1	1	28	4395	0	0	47
3.801	1	1	381	2	1	28	4395	0	0	47
3.802	1	1	381	3	1	28	4395	0	0	47
3.803	1	1	381	4	1	28	4395	0	0	47
3.804	1	1	381	5	1	28	4395	0	0	47
3.805	1	1	381	6	1	28	4395	0	0	47
3.806	1	1	381	7	1	28	4395	0	0	47
3.807	1	1	381	8	1	28	4395	0	0	47
3.808	1	1	381	9	1	28	4395	0	0	47
3.809	1	1	381	10	1	28	4395	0	0	47
3.81	1	1	382	1	1	28	4395	0	0	47
3.811	1	1	382	2	1	28	4395	0	0	47
3.812	1	1	382	3	1	28	4395	0	0	47
3.813	1	1	382	4	1	28	4395	0	0	47
3.814	1	1	382	5	1	28	4395	0	0	47
3.815	1	1	382	6	1	28	4395	0	0	47
3.816	1	1	382	7	1	28	4395	0	0	47
3.817	1	1	382	8	1	28	4395	0	0	47
3.818	1	1	382	9	1	28	4395	0	0	47
3.819	1	1	382	10	1	28	4395	0	0	47
3.82	1	1	383	1	1	28	4395	0	0	47
3.821	1	1	383	2	1	28	4395	0	0	47
3.822	1	1	383	3	1	28	4395	0	0	47
3.823	1	1	383	4	1	28	4395	0	0	47
3.824	1	1	383	5	1	28	4395	0	0	47
3.825	1	1	383	6	1	28	4395	0	0	47
3.826	1	1	383	7	1	28	4395	0	0	47
3.827	1	1	383	8	1	28	4395	0	0	47
3.828	1	1	383	9	1	28	4395	0	0	47
3.829	1	1	383	10	1	28	4395	0	0	47
3.83	1	1	384	1	1	28	4395	0	0	47
3.831	1	1	384	2	1	28	4395	0	0	47
3.832	1	1	384	3	1	28	4395	0	0	47
3.833	1	1	384	4	1	28	4395	0	0	47
3.834	1	1	384	5	1	28	4395	0	0	47
3.835	1	1	384	6	1	28	4395	0	0	47
3.836	1	1	384	7	1	28	4395	0	0	47
3.837	1	1	384	8	1	28	4395	0	0	47
3.838	1	1	384	9	1	28	4395	0	0	47
3.839	1	1	384	10	1	28	4395	0	0	47
3.84	1	1	385	1	1	28	4395	0	0	47
3.841	1	1	385	2	1	28	4395	0	0	47
3.842	1	1	385	3	1	28	4395	0	0	47
3.843	1	1	385	4	1	28	4395	0	0	47
3.844	1	1	385	5	1	28	4395	0	0	47
3.845	1	1	385	6	1	28	4395	0	0	47
3.846	1	1	385	7	1	28	4395	0	0	47
3.847	1	1	385	8	1	28	4395	0	0	47
3.848	1	1	385	9	1	28	4395	0	0	47
3.849	1	1	385	10	1	28	4395	0	0	47
3.85	1	1	386	1	1	28	4395	0	0	47
3.851	1	1	386	2	1	28	4395	0	0	47
3.852	1	1	386	3	1	28	4395	0	0	47
3.853	1	1	386	4	1	28	4395	0	0	47
3.854	1	1	386	5	1	28	4395	0	0	47
3.855	1	1	386	6	1	28	4395	0	0	47
3.856	1	1	386	7	1	28	4395	0	0	47
3.857	1	1	386	8	1	28	4395	0	0	47
3.858	1	1	386	9	1	28	4395	0	0	47
3.859	1	1	386	10	1	28	4395	0	0	47
3.86	1	1	387	1	1	28	4395	0	0	47
3.861	1	1	387	2	1	28	4395	0	0	47
3.862	1	1	387	3	1	28	4395	0	0	47
3.863	1	1	387	4	1	28	4395	0	0	47
3.864	1	1	387	5	1	28	4395	0	0	47
3.865	1	1	387	6	1	28	4395	0	0	47
3.866	1	1	387	7	1	28	4395	0	0	47
3.867	1	1	387	8	1	28	4395	0	0	47
3.868	1	1	387	9	1	28	4395	0	0	47
3.869	1	1	387	10	1	28	4395	0	0	47
3.87	1	1	388	1	1	28	4395	0	0	47
3.871	1	1	388	2	1	28	4395	0	0	47
3.872	1	1	388	3	1	28	4395	0	0	47
3.873	1	1	388	4	1	28	4395	0	0	47
3.874	1	1	388	5	1	28	4395	0	0	47
3.875	1	1	388	6	1	28	4395	0	0	47
3.876	1	1	388	7	1	28	4395	0	0	47
3.877	1	1	388	8	1	28	4395	0	0	47
3.878	1	1	388	9	1	28	4395	0	0	47
3.879	1	1	388	10	1	28	4395	0	0	47
3.88	1	1	389	1	1	28	4395	0	0	47
3.881	1	1	389	2	1	28	4395	0	0	47
3.882	1	1	389	3	1	28	4395	0	0	47
3.883	1	1	389	4	1	28	4395	0	0	47
3.884	1	1	389	5	1	28	4395	0	0	47
3.885	1	1	389	6	1	28	4395	0	0	47
3.886	1	1	389	7	1	28	4395	0	0	47
3.887	1	1	389	8	1	28	4395	0	0	47
3.888	1	1	389	9	1	28	4395	0	0	47
3.889	1	1	389	10	1	28	4395	0	0	47
3.89	1	1	390	1	1	28	4395	0	0	47
3.891	1	1	390	2	1	28	4395	0	0	47
3.892	1	1	390	3	1	28	4395	0	0	47
3.893	1	1	390	4	1	28	4395	0	0	47
3.894	1	1	390	5	1	28	4395	0	0	47
3.895	1	1	390	6	1	28	4395	0	0	47
3.896	1	1	390	7	1	28	4395	0	0	47
3.897	1	1	390	8	1	28	4395	0	0	47
3.898	1	1	390	9	1	28	4395	0	0	47
3.899	1	1	390	10	1	28	4395	0	0	47
3.9	1	1	391	1	1	28	4395	0	0	47
3.901	1	1	391	2	1	28	4395	0	0	47
3.902	1	1	391	3	1	28	4395	0	0	47
3.942	1	1	395	3	1	28	4395	0	0	47
