% time	cellId	IMSI	frame	sframe	RNTI	mcsTb1	sizeTb1	mcsTb2	sizeTb2	Nprb
1.017	1	1	102	8	1	28	4395	0	0	47
1.064	1	1	107	5	1	28	4395	0	0	47
1.111	1	1	112	2	1	28	4395	0	0	47
1.158	1	1	116	9	1	28	4395	0	0	47
1.205	1	1	121	6	1	28	4395	0	0	47
1.252	1	1	126	3	1	28	4395	0	0	47
1.253	1	1	126	4	1	28	4395	0	0	47
1.299	1	1	130	10	1	28	4395	0	0	47
1.3	1	1	131	1	1	28	4395	0	0	47
1.301	1	1	131	2	1	28	4395	0	0	47
1.346	1	1	135	7	1	28	4395	0	0	47
1.347	1	1	135	8	1	28	4395	0	0	47
1.348	1	1	135	9	1	28	4395	0	0	47
1.349	1	1	135	10	1	28	4395	0	0	47
1.393	1	1	140	4	1	28	4395	0	0	47
1.394	1	1	140	5	1	28	4395	0	0	47
1.395	1	1	140	6	1	28	4395	0	0	47
1.396	1	1	140	7	1	28	4395	0	0	47
1.397	1	1	140	8	1	28	4395	0	0	47
1.398	1	1	140	9	1	28	4395	0	0	47
1.44	1	1	145	1	1	28	4395	0	0	47
1.441	1	1	145	2	1	28	4395	0	0	47
1.442	1	1	145	3	1	28	4395	0	0	47
1.443	1	1	145	4	1	28	4395	0	0	47
1.444	1	1	145	5	1	28	4395	0	0	47
1.445	1	1	145	6	1	28	4395	0	0	47
1.446	1	1	145	7	1	28	4395	0	0	47
1.447	1	1	145	8	1	28	4395	0	0	47
1.448	1	1	145	9	1	28	4395	0	0	47
1.487	1	1	149	8	1	28	4395	0	0	47
1.488	1	1	149	9	1	28	4395	0	0	47
1.489	1	1	149	10	1	28	4395	0	0	47
1.49	1	1	150	1	1	28	4395	0	0	47
1.491	1	1	150	2	1	28	4395	0	0	47
1.492	1	1	150	3	1	28	4395	0	0	47
1.493	1	1	150	4	1	28	4395	0	0	47
1.494	1	1	150	5	1	28	4395	0	0	47
1.495	1	1	150	6	1	28	4395	0	0	47
1.496	1	1	150	7	1	28	4395	0	0	47
1.497	1	1	150	8	1	28	4395	0	0	47
1.498	1	1	150	9	1	28	4395	0	0	47
1.499	1	1	150	10	1	28	4395	0	0	47
1.5	1	1	151	1	1	28	4395	0	0	47
1.534	1	1	154	5	1	28	4395	0	0	47
1.535	1	1	154	6	1	28	4395	0	0	47
1.536	1	1	154	7	1	28	4395	0	0	47
1.537	1	1	154	8	1	28	4395	0	0	47
1.538	1	1	154	9	1	28	4395	0	0	47
1.539	1	1	154	10	1	28	4395	0	0	47
1.54	1	1	155	1	1	28	4395	0	0	47
1.541	1	1	155	2	1	28	4395	0	0	47
1.542	1	1	155	3	1	28	4395	0	0	47
1.543	1	1	155	4	1	28	4395	0	0	47
1.544	1	1	155	5	1	28	4395	0	0	47
1.545	1	1	155	6	1	28	4395	0	0	47
1.546	1	1	155	7	1	28	4395	0	0	47
1.547	1	1	155	8	1	28	4395	0	0	47
1.548	1	1	155	9	1	28	4395	0	0	47
1.581	1	1	159	2	1	28	4395	0	0	47
1.582	1	1	159	3	1	28	4395	0	0	47
1.583	1	1	159	4	1	28	4395	0	0	47
1.584	1	1	159	5	1	28	4395	0	0	47
1.585	1	1	159	6	1	28	4395	0	0	47
1.586	1	1	159	7	1	28	4395	0	0	47
1.587	1	1	159	8	1	28	4395	0	0	47
1.588	1	1	159	9	1	28	4395	0	0	47
1.589	1	1	159	10	1	28	4395	0	0	47
1.59	1	1	160	1	1	28	4395	0	0	47
1.591	1	1	160	2	1	28	4395	0	0	47
1.592	1	1	160	3	1	28	4395	0	0	47
1.593	1	1	160	4	1	28	4395	0	0	47
1.594	1	1	160	5	1	28	4395	0	0	47
1.595	1	1	160	6	1	28	4395	0	0	47
1.628	1	1	163	9	1	28	4395	0	0	47
1.629	1	1	163	10	1	28	4395	0	0	47
1.63	1	1	164	1	1	28	4395	0	0	47
1.631	1	1	164	2	1	28	4395	0	0	47
1.632	1	1	164	3	1	28	4395	0	0	47
1.633	1	1	164	4	1	28	4395	0	0	47
1.634	1	1	164	5	1	28	4395	0	0	47
1.635	1	1	164	6	1	28	4395	0	0	47
1.636	1	1	164	7	1	28	4395	0	0	47
1.637	1	1	164	8	1	28	4395	0	0	47
1.638	1	1	164	9	1	28	4395	0	0	47
1.639	1	1	164	10	1	28	4395	0	0	47
1.64	1	1	165	1	1	28	4395	0	0	47
1.641	1	1	165	2	1	28	4395	0	0	47
1.642	1	1	165	3	1	28	4395	0	0	47
1.675	1	1	168	6	1	28	4395	0	0	47
1.676	1	1	168	7	1	28	4395	0	0	47
1.677	1	1	168	8	1	28	4395	0	0	47
1.678	1	1	168	9	1	28	4395	0	0	47
1.679	1	1	168	10	1	28	4395	0	0	47
1.68	1	1	169	1	1	28	4395	0	0	47
1.681	1	1	169	2	1	28	4395	0	0	47
1.682	1	1	169	3	1	28	4395	0	0	47
1.683	1	1	169	4	1	28	4395	0	0	47
1.684	1	1	169	5	1	28	4395	0	0	47
1.685	1	1	169	6	1	28	4395	0	0	47
1.686	1	1	169	7	1	28	4395	0	0	47
1.687	1	1	169	8	1	28	4395	0	0	47
1.688	1	1	169	9	1	28	4395	0	0	47
1.689	1	1	169	10	1	28	4395	0	0	47
1.722	1	1	173	3	1	28	4395	0	0	47
1.723	1	1	173	4	1	28	4395	0	0	47
1.724	1	1	173	5	1	28	4395	0	0	47
1.725	1	1	173	6	1	28	4395	0	0	47
1.726	1	1	173	7	1	28	4395	0	0	47
1.727	1	1	173	8	1	28	4395	0	0	47
1.728	1	1	173	9	1	28	4395	0	0	47
1.729	1	1	173	10	1	28	4395	0	0	47
1.73	1	1	174	1	1	28	4395	0	0	47
1.731	1	1	174	2	1	28	4395	0	0	47
1.732	1	1	174	3	1	28	4395	0	0	47
1.733	1	1	174	4	1	28	4395	0	0	47
1.734	1	1	174	5	1	28	4395	0	0	47
1.735	1	1	174	6	1	28	4395	0	0	47
1.736	1	1	174	7	1	28	4395	0	0	47
1.769	1	1	177	10	1	28	4395	0	0	47
1.77	1	1	178	1	1	28	4395	0	0	47
1.771	1	1	178	2	1	28	4395	0	0	47
1.772	1	1	178	3	1	28	4395	0	0	47
1.773	1	1	178	4	1	28	4395	0	0	47
1.774	1	1	178	5	1	28	4395	0	0	47
1.775	1	1	178	6	1	28	4395	0	0	47
1.776	1	1	178	7	1	28	4395	0	0	47
1.777	1	1	178	8	1	28	4395	0	0	47
1.778	1	1	178	9	1	28	4395	0	0	47
1.779	1	1	178	10	1	28	4395	0	0	47
1.78	1	1	179	1	1	28	4395	0	0	47
1.781	1	1	179	2	1	28	4395	0	0	47
1.782	1	1	179	3	1	28	4395	0	0	47
1.783	1	1	179	4	1	28	4395	0	0	47
1.816	1	1	182	7	1	28	4395	0	0	47
1.817	1	1	182	8	1	28	4395	0	0	47
1.818	1	1	182	9	1	28	4395	0	0	47
1.819	1	1	182	10	1	28	4395	0	0	47
1.82	1	1	183	1	1	28	4395	0	0	47
1.821	1	1	183	2	1	28	4395	0	0	47
1.822	1	1	183	3	1	28	4395	0	0	47
1.823	1	1	183	4	1	28	4395	0	0	47
1.824	1	1	183	5	1	28	4395	0	0	47
1.825	1	1	183	6	1	28	4395	0	0	47
1.826	1	1	183	7	1	28	4395	0	0	47
1.827	1	1	183	8	1	28	4395	0	0	47
1.828	1	1	183	9	1	28	4395	0	0	47
1.829	1	1	183	10	1	28	4395	0	0	47
1.83	1	1	184	1	1	28	4395	0	0	47
1.863	1	1	187	4	1	28	4395	0	0	47
1.864	1	1	187	5	1	28	4395	0	0	47
1.865	1	1	187	6	1	28	4395	0	0	47
1.866	1	1	187	7	1	28	4395	0	0	47
1.867	1	1	187	8	1	28	4395	0	0	47
1.868	1	1	187	9	1	28	4395	0	0	47
1.869	1	1	187	10	1	28	4395	0	0	47
1.87	1	1	188	1	1	28	4395	0	0	47
1.871	1	1	188	2	1	28	4395	0	0	47
1.872	1	1	188	3	1	28	4395	0	0	47
1.873	1	1	188	4	1	28	4395	0	0	47
1.874	1	1	188	5	1	28	4395	0	0	47
1.875	1	1	188	6	1	28	4395	0	0	47
1.876	1	1	188	7	1	28	4395	0	0	47
1.877	1	1	188	8	1	28	4395	0	0	47
1.91	1	1	192	1	1	28	4395	0	0	47
1.911	1	1	192	2	1	28	4395	0	0	47
1.912	1	1	192	3	1	28	4395	0	0	47
1.913	1	1	192	4	1	28	4395	0	0	47
1.914	1	1	192	5	1	28	4395	0	0	47
1.915	1	1	192	6	1	28	4395	0	0	47
1.916	1	1	192	7	1	28	4395	0	0	47
1.917	1	1	192	8	1	28	4395	0	0	47
1.918	1	1	192	9	1	28	4395	0	0	47
1.919	1	1	192	10	1	28	4395	0	0	47
1.92	1	1	193	1	1	28	4395	0	0	47
1.921	1	1	193	2	1	28	4395	0	0	47
1.922	1	1	193	3	1	28	4395	0	0	47
1.923	1	1	193	4	1	28	4395	0	0	47
1.924	1	1	193	5	1	28	4395	0	0	47
1.957	1	1	196	8	1	28	4395	0	0	47
1.958	1	1	196	9	1	28	4395	0	0	47
1.959	1	1	196	10	1	28	4395	0	0	47
1.96	1	1	197	1	1	28	4395	0	0	47
1.961	1	1	197	2	1	28	4395	0	0	47
1.962	1	1	197	3	1	28	4395	0	0	47
1.963	1	1	197	4	1	28	4395	0	0	47
1.964	1	1	197	5	1	28	4395	0	0	47
1.965	1	1	197	6	1	28	4395	0	0	47
1.966	1	1	197	7	1	28	4395	0	0	47
1.967	1	1	197	8	1	28	4395	0	0	47
1.968	1	1	197	9	1	28	4395	0	0	47
1.969	1	1	197	10	1	28	4395	0	0	47
1.97	1	1	198	1	1	28	4395	0	0	47
1.971	1	1	198	2	1	28	4395	0	0	47
2.004	1	1	201	5	1	28	4395	0	0	47
2.005	1	1	201	6	1	28	4395	0	0	47
2.006	1	1	201	7	1	28	4395	0	0	47
2.007	1	1	201	8	1	28	4395	0	0	47
2.008	1	1	201	9	1	28	4395	0	0	47
2.009	1	1	201	10	1	28	4395	0	0	47
2.01	1	1	202	1	1	28	4395	0	0	47
2.011	1	1	202	2	1	28	4395	0	0	47
2.012	1	1	202	3	1	28	4395	0	0	47
2.013	1	1	202	4	1	28	4395	0	0	47
2.014	1	1	202	5	1	28	4395	0	0	47
2.015	1	1	202	6	1	28	4395	0	0	47
2.016	1	1	202	7	1	28	4395	0	0	47
2.017	1	1	202	8	1	28	4395	0	0	47
2.018	1	1	202	9	1	28	4395	0	0	47
2.051	1	1	206	2	1	28	4395	0	0	47
2.052	1	1	206	3	1	28	4395	0	0	47
2.053	1	1	206	4	1	28	4395	0	0	47
2.054	1	1	206	5	1	28	4395	0	0	47
2.055	1	1	206	6	1	28	4395	0	0	47
2.056	1	1	206	7	1	28	4395	0	0	47
2.057	1	1	206	8	1	28	4395	0	0	47
2.058	1	1	206	9	1	28	4395	0	0	47
2.059	1	1	206	10	1	28	4395	0	0	47
2.06	1	1	207	1	1	28	4395	0	0	47
2.061	1	1	207	2	1	28	4395	0	0	47
2.062	1	1	207	3	1	28	4395	0	0	47
2.063	1	1	207	4	1	28	4395	0	0	47
2.064	1	1	207	5	1	28	4395	0	0	47
2.065	1	1	207	6	1	28	4395	0	0	47
2.098	1	1	210	9	1	28	4395	0	0	47
2.099	1	1	210	10	1	28	4395	0	0	47
2.1	1	1	211	1	1	28	4395	0	0	47
2.101	1	1	211	2	1	28	4395	0	0	47
2.102	1	1	211	3	1	28	4395	0	0	47
2.103	1	1	211	4	1	28	4395	0	0	47
2.104	1	1	211	5	1	28	4395	0	0	47
2.105	1	1	211	6	1	28	4395	0	0	47
2.106	1	1	211	7	1	28	4395	0	0	47
2.107	1	1	211	8	1	28	4395	0	0	47
2.108	1	1	211	9	1	28	4395	0	0	47
2.109	1	1	211	10	1	28	4395	0	0	47
2.11	1	1	212	1	1	28	4395	0	0	47
2.111	1	1	212	2	1	28	4395	0	0	47
2.112	1	1	212	3	1	28	4395	0	0	47
2.145	1	1	215	6	1	28	4395	0	0	47
2.146	1	1	215	7	1	28	4395	0	0	47
2.147	1	1	215	8	1	28	4395	0	0	47
2.148	1	1	215	9	1	28	4395	0	0	47
2.149	1	1	215	10	1	28	4395	0	0	47
2.15	1	1	216	1	1	28	4395	0	0	47
2.151	1	1	216	2	1	28	4395	0	0	47
2.152	1	1	216	3	1	28	4395	0	0	47
2.153	1	1	216	4	1	28	4395	0	0	47
2.154	1	1	216	5	1	28	4395	0	0	47
2.155	1	1	216	6	1	28	4395	0	0	47
2.156	1	1	216	7	1	28	4395	0	0	47
2.157	1	1	216	8	1	28	4395	0	0	47
2.158	1	1	216	9	1	28	4395	0	0	47
2.159	1	1	216	10	1	28	4395	0	0	47
2.192	1	1	220	3	1	28	4395	0	0	47
2.193	1	1	220	4	1	28	4395	0	0	47
2.194	1	1	220	5	1	28	4395	0	0	47
2.195	1	1	220	6	1	28	4395	0	0	47
2.196	1	1	220	7	1	28	4395	0	0	47
2.197	1	1	220	8	1	28	4395	0	0	47
2.198	1	1	220	9	1	28	4395	0	0	47
2.199	1	1	220	10	1	28	4395	0	0	47
2.2	1	1	221	1	1	28	4395	0	0	47
2.201	1	1	221	2	1	28	4395	0	0	47
2.202	1	1	221	3	1	28	4395	0	0	47
2.203	1	1	221	4	1	28	4395	0	0	47
2.204	1	1	221	5	1	28	4395	0	0	47
2.205	1	1	221	6	1	28	4395	0	0	47
2.206	1	1	221	7	1	28	4395	0	0	47
2.239	1	1	224	10	1	28	4395	0	0	47
2.24	1	1	225	1	1	28	4395	0	0	47
2.241	1	1	225	2	1	28	4395	0	0	47
2.242	1	1	225	3	1	28	4395	0	0	47
2.243	1	1	225	4	1	28	4395	0	0	47
2.244	1	1	225	5	1	28	4395	0	0	47
2.245	1	1	225	6	1	28	4395	0	0	47
2.246	1	1	225	7	1	28	4395	0	0	47
2.247	1	1	225	8	1	28	4395	0	0	47
2.248	1	1	225	9	1	28	4395	0	0	47
2.249	1	1	225	10	1	28	4395	0	0	47
2.25	1	1	226	1	1	28	4395	0	0	47
2.251	1	1	226	2	1	28	4395	0	0	47
2.252	1	1	226	3	1	28	4395	0	0	47
2.253	1	1	226	4	1	28	4395	0	0	47
2.286	1	1	229	7	1	28	4395	0	0	47
2.287	1	1	229	8	1	28	4395	0	0	47
2.288	1	1	229	9	1	28	4395	0	0	47
2.289	1	1	229	10	1	28	4395	0	0	47
2.29	1	1	230	1	1	28	4395	0	0	47
2.291	1	1	230	2	1	28	4395	0	0	47
2.292	1	1	230	3	1	28	4395	0	0	47
2.293	1	1	230	4	1	28	4395	0	0	47
2.294	1	1	230	5	1	28	4395	0	0	47
2.295	1	1	230	6	1	28	4395	0	0	47
2.296	1	1	230	7	1	28	4395	0	0	47
2.297	1	1	230	8	1	28	4395	0	0	47
2.298	1	1	230	9	1	28	4395	0	0	47
2.299	1	1	230	10	1	28	4395	0	0	47
2.3	1	1	231	1	1	28	4395	0	0	47
2.333	1	1	234	4	1	28	4395	0	0	47
2.334	1	1	234	5	1	28	4395	0	0	47
2.335	1	1	234	6	1	28	4395	0	0	47
2.336	1	1	234	7	1	28	4395	0	0	47
2.337	1	1	234	8	1	28	4395	0	0	47
2.338	1	1	234	9	1	28	4395	0	0	47
2.339	1	1	234	10	1	28	4395	0	0	47
2.34	1	1	235	1	1	28	4395	0	0	47
2.341	1	1	235	2	1	28	4395	0	0	47
2.342	1	1	235	3	1	28	4395	0	0	47
2.343	1	1	235	4	1	28	4395	0	0	47
2.344	1	1	235	5	1	28	4395	0	0	47
2.345	1	1	235	6	1	28	4395	0	0	47
2.346	1	1	235	7	1	28	4395	0	0	47
2.347	1	1	235	8	1	28	4395	0	0	47
2.38	1	1	239	1	1	28	4395	0	0	47
2.381	1	1	239	2	1	28	4395	0	0	47
2.382	1	1	239	3	1	28	4395	0	0	47
2.383	1	1	239	4	1	28	4395	0	0	47
2.384	1	1	239	5	1	28	4395	0	0	47
2.385	1	1	239	6	1	28	4395	0	0	47
2.386	1	1	239	7	1	28	4395	0	0	47
2.387	1	1	239	8	1	28	4395	0	0	47
2.388	1	1	239	9	1	28	4395	0	0	47
2.389	1	1	239	10	1	28	4395	0	0	47
2.39	1	1	240	1	1	28	4395	0	0	47
2.391	1	1	240	2	1	28	4395	0	0	47
2.392	1	1	240	3	1	28	4395	0	0	47
2.393	1	1	240	4	1	28	4395	0	0	47
2.394	1	1	240	5	1	28	4395	0	0	47
2.427	1	1	243	8	1	28	4395	0	0	47
2.428	1	1	243	9	1	28	4395	0	0	47
2.429	1	1	243	10	1	28	4395	0	0	47
2.43	1	1	244	1	1	28	4395	0	0	47
2.431	1	1	244	2	1	28	4395	0	0	47
2.432	1	1	244	3	1	28	4395	0	0	47
2.433	1	1	244	4	1	28	4395	0	0	47
2.434	1	1	244	5	1	28	4395	0	0	47
2.435	1	1	244	6	1	28	4395	0	0	47
2.436	1	1	244	7	1	28	4395	0	0	47
2.437	1	1	244	8	1	28	4395	0	0	47
2.438	1	1	244	9	1	28	4395	0	0	47
2.439	1	1	244	10	1	28	4395	0	0	47
2.44	1	1	245	1	1	28	4395	0	0	47
2.441	1	1	245	2	1	28	4395	0	0	47
2.474	1	1	248	5	1	28	4395	0	0	47
2.475	1	1	248	6	1	28	4395	0	0	47
2.476	1	1	248	7	1	28	4395	0	0	47
2.477	1	1	248	8	1	28	4395	0	0	47
2.478	1	1	248	9	1	28	4395	0	0	47
2.479	1	1	248	10	1	28	4395	0	0	47
2.48	1	1	249	1	1	28	4395	0	0	47
2.481	1	1	249	2	1	28	4395	0	0	47
2.482	1	1	249	3	1	28	4395	0	0	47
2.483	1	1	249	4	1	28	4395	0	0	47
2.484	1	1	249	5	1	28	4395	0	0	47
2.485	1	1	249	6	1	28	4395	0	0	47
2.486	1	1	249	7	1	28	4395	0	0	47
2.487	1	1	249	8	1	28	4395	0	0	47
2.488	1	1	249	9	1	28	4395	0	0	47
2.521	1	1	253	2	1	28	4395	0	0	47
2.522	1	1	253	3	1	28	4395	0	0	47
2.523	1	1	253	4	1	28	4395	0	0	47
2.524	1	1	253	5	1	28	4395	0	0	47
2.525	1	1	253	6	1	28	4395	0	0	47
2.526	1	1	253	7	1	28	4395	0	0	47
2.527	1	1	253	8	1	28	4395	0	0	47
2.528	1	1	253	9	1	28	4395	0	0	47
2.529	1	1	253	10	1	28	4395	0	0	47
2.53	1	1	254	1	1	28	4395	0	0	47
2.531	1	1	254	2	1	28	4395	0	0	47
2.532	1	1	254	3	1	28	4395	0	0	47
2.533	1	1	254	4	1	28	4395	0	0	47
2.534	1	1	254	5	1	28	4395	0	0	47
2.535	1	1	254	6	1	28	4395	0	0	47
2.568	1	1	257	9	1	28	4395	0	0	47
2.569	1	1	257	10	1	28	4395	0	0	47
2.57	1	1	258	1	1	28	4395	0	0	47
2.571	1	1	258	2	1	28	4395	0	0	47
2.572	1	1	258	3	1	28	4395	0	0	47
2.573	1	1	258	4	1	28	4395	0	0	47
2.574	1	1	258	5	1	28	4395	0	0	47
2.575	1	1	258	6	1	28	4395	0	0	47
2.576	1	1	258	7	1	28	4395	0	0	47
2.577	1	1	258	8	1	28	4395	0	0	47
2.578	1	1	258	9	1	28	4395	0	0	47
2.579	1	1	258	10	1	28	4395	0	0	47
2.58	1	1	259	1	1	28	4395	0	0	47
2.581	1	1	259	2	1	28	4395	0	0	47
2.582	1	1	259	3	1	28	4395	0	0	47
2.615	1	1	262	6	1	28	4395	0	0	47
2.616	1	1	262	7	1	28	4395	0	0	47
2.617	1	1	262	8	1	28	4395	0	0	47
2.618	1	1	262	9	1	28	4395	0	0	47
2.619	1	1	262	10	1	28	4395	0	0	47
2.62	1	1	263	1	1	28	4395	0	0	47
2.621	1	1	263	2	1	28	4395	0	0	47
2.622	1	1	263	3	1	28	4395	0	0	47
2.623	1	1	263	4	1	28	4395	0	0	47
2.624	1	1	263	5	1	28	4395	0	0	47
2.625	1	1	263	6	1	28	4395	0	0	47
2.626	1	1	263	7	1	28	4395	0	0	47
2.627	1	1	263	8	1	28	4395	0	0	47
2.628	1	1	263	9	1	28	4395	0	0	47
2.629	1	1	263	10	1	28	4395	0	0	47
2.662	1	1	267	3	1	28	4395	0	0	47
2.663	1	1	267	4	1	28	4395	0	0	47
2.664	1	1	267	5	1	28	4395	0	0	47
2.665	1	1	267	6	1	28	4395	0	0	47
2.666	1	1	267	7	1	28	4395	0	0	47
2.667	1	1	267	8	1	28	4395	0	0	47
2.668	1	1	267	9	1	28	4395	0	0	47
2.669	1	1	267	10	1	28	4395	0	0	47
2.67	1	1	268	1	1	28	4395	0	0	47
2.671	1	1	268	2	1	28	4395	0	0	47
2.672	1	1	268	3	1	28	4395	0	0	47
2.673	1	1	268	4	1	28	4395	0	0	47
2.674	1	1	268	5	1	28	4395	0	0	47
2.675	1	1	268	6	1	28	4395	0	0	47
2.676	1	1	268	7	1	28	4395	0	0	47
2.709	1	1	271	10	1	28	4395	0	0	47
2.71	1	1	272	1	1	28	4395	0	0	47
2.711	1	1	272	2	1	28	4395	0	0	47
2.712	1	1	272	3	1	28	4395	0	0	47
2.713	1	1	272	4	1	28	4395	0	0	47
2.714	1	1	272	5	1	28	4395	0	0	47
2.715	1	1	272	6	1	28	4395	0	0	47
2.716	1	1	272	7	1	28	4395	0	0	47
2.717	1	1	272	8	1	28	4395	0	0	47
2.718	1	1	272	9	1	28	4395	0	0	47
2.719	1	1	272	10	1	28	4395	0	0	47
2.72	1	1	273	1	1	28	4395	0	0	47
2.721	1	1	273	2	1	28	4395	0	0	47
2.722	1	1	273	3	1	28	4395	0	0	47
2.723	1	1	273	4	1	28	4395	0	0	47
2.756	1	1	276	7	1	28	4395	0	0	47
2.757	1	1	276	8	1	28	4395	0	0	47
2.758	1	1	276	9	1	28	4395	0	0	47
2.759	1	1	276	10	1	28	4395	0	0	47
2.76	1	1	277	1	1	28	4395	0	0	47
2.761	1	1	277	2	1	28	4395	0	0	47
2.762	1	1	277	3	1	28	4395	0	0	47
2.763	1	1	277	4	1	28	4395	0	0	47
2.764	1	1	277	5	1	28	4395	0	0	47
2.765	1	1	277	6	1	28	4395	0	0	47
2.766	1	1	277	7	1	28	4395	0	0	47
2.767	1	1	277	8	1	28	4395	0	0	47
2.768	1	1	277	9	1	28	4395	0	0	47
2.769	1	1	277	10	1	28	4395	0	0	47
2.77	1	1	278	1	1	28	4395	0	0	47
2.803	1	1	281	4	1	28	4395	0	0	47
2.804	1	1	281	5	1	28	4395	0	0	47
2.805	1	1	281	6	1	28	4395	0	0	47
2.806	1	1	281	7	1	28	4395	0	0	47
2.807	1	1	281	8	1	28	4395	0	0	47
2.808	1	1	281	9	1	28	4395	0	0	47
2.809	1	1	281	10	1	28	4395	0	0	47
2.81	1	1	282	1	1	28	4395	0	0	47
2.811	1	1	282	2	1	28	4395	0	0	47
2.812	1	1	282	3	1	28	4395	0	0	47
2.813	1	1	282	4	1	28	4395	0	0	47
2.814	1	1	282	5	1	28	4395	0	0	47
2.815	1	1	282	6	1	28	4395	0	0	47
2.816	1	1	282	7	1	28	4395	0	0	47
2.817	1	1	282	8	1	28	4395	0	0	47
2.85	1	1	286	1	1	28	4395	0	0	47
2.851	1	1	286	2	1	28	4395	0	0	47
2.852	1	1	286	3	1	28	4395	0	0	47
2.853	1	1	286	4	1	28	4395	0	0	47
2.854	1	1	286	5	1	28	4395	0	0	47
2.855	1	1	286	6	1	28	4395	0	0	47
2.856	1	1	286	7	1	28	4395	0	0	47
2.857	1	1	286	8	1	28	4395	0	0	47
2.858	1	1	286	9	1	28	4395	0	0	47
2.859	1	1	286	10	1	28	4395	0	0	47
2.86	1	1	287	1	1	28	4395	0	0	47
2.861	1	1	287	2	1	28	4395	0	0	47
2.862	1	1	287	3	1	28	4395	0	0	47
2.863	1	1	287	4	1	28	4395	0	0	47
2.864	1	1	287	5	1	28	4395	0	0	47
2.897	1	1	290	8	1	28	4395	0	0	47
2.898	1	1	290	9	1	28	4395	0	0	47
2.899	1	1	290	10	1	28	4395	0	0	47
2.9	1	1	291	1	1	28	4395	0	0	47
2.901	1	1	291	2	1	28	4395	0	0	47
2.902	1	1	291	3	1	28	4395	0	0	47
2.903	1	1	291	4	1	28	4395	0	0	47
2.904	1	1	291	5	1	28	4395	0	0	47
2.905	1	1	291	6	1	28	4395	0	0	47
2.906	1	1	291	7	1	28	4395	0	0	47
2.907	1	1	291	8	1	28	4395	0	0	47
2.908	1	1	291	9	1	28	4395	0	0	47
2.909	1	1	291	10	1	28	4395	0	0	47
2.91	1	1	292	1	1	28	4395	0	0	47
2.911	1	1	292	2	1	28	4395	0	0	47
2.944	1	1	295	5	1	28	4395	0	0	47
2.945	1	1	295	6	1	28	4395	0	0	47
2.946	1	1	295	7	1	28	4395	0	0	47
2.947	1	1	295	8	1	28	4395	0	0	47
2.948	1	1	295	9	1	28	4395	0	0	47
2.949	1	1	295	10	1	28	4395	0	0	47
2.95	1	1	296	1	1	28	4395	0	0	47
2.951	1	1	296	2	1	28	4395	0	0	47
2.952	1	1	296	3	1	28	4395	0	0	47
2.953	1	1	296	4	1	28	4395	0	0	47
2.954	1	1	296	5	1	28	4395	0	0	47
2.955	1	1	296	6	1	28	4395	0	0	47
2.956	1	1	296	7	1	28	4395	0	0	47
2.957	1	1	296	8	1	28	4395	0	0	47
2.958	1	1	296	9	1	28	4395	0	0	47
2.991	1	1	300	2	1	28	4395	0	0	47
2.992	1	1	300	3	1	28	4395	0	0	47
2.993	1	1	300	4	1	28	4395	0	0	47
2.994	1	1	300	5	1	28	4395	0	0	47
2.995	1	1	300	6	1	28	4395	0	0	47
2.996	1	1	300	7	1	28	4395	0	0	47
2.997	1	1	300	8	1	28	4395	0	0	47
2.998	1	1	300	9	1	28	4395	0	0	47
2.999	1	1	300	10	1	28	4395	0	0	47
3	1	1	301	1	1	28	4395	0	0	47
3.001	1	1	301	2	1	28	4395	0	0	47
3.002	1	1	301	3	1	28	4395	0	0	47
3.003	1	1	301	4	1	28	4395	0	0	47
3.004	1	1	301	5	1	28	4395	0	0	47
3.005	1	1	301	6	1	28	4395	0	0	47
3.038	1	1	304	9	1	28	4395	0	0	47
3.039	1	1	304	10	1	28	4395	0	0	47
3.04	1	1	305	1	1	28	4395	0	0	47
3.041	1	1	305	2	1	28	4395	0	0	47
3.042	1	1	305	3	1	28	4395	0	0	47
3.043	1	1	305	4	1	28	4395	0	0	47
3.044	1	1	305	5	1	28	4395	0	0	47
3.045	1	1	305	6	1	28	4395	0	0	47
3.046	1	1	305	7	1	28	4395	0	0	47
3.047	1	1	305	8	1	28	4395	0	0	47
3.048	1	1	305	9	1	28	4395	0	0	47
3.049	1	1	305	10	1	28	4395	0	0	47
3.05	1	1	306	1	1	28	4395	0	0	47
3.051	1	1	306	2	1	28	4395	0	0	47
3.052	1	1	306	3	1	28	4395	0	0	47
3.085	1	1	309	6	1	28	4395	0	0	47
3.086	1	1	309	7	1	28	4395	0	0	47
3.087	1	1	309	8	1	28	4395	0	0	47
3.088	1	1	309	9	1	28	4395	0	0	47
3.089	1	1	309	10	1	28	4395	0	0	47
3.09	1	1	310	1	1	28	4395	0	0	47
3.091	1	1	310	2	1	28	4395	0	0	47
3.092	1	1	310	3	1	28	4395	0	0	47
3.093	1	1	310	4	1	28	4395	0	0	47
3.094	1	1	310	5	1	28	4395	0	0	47
3.095	1	1	310	6	1	28	4395	0	0	47
3.096	1	1	310	7	1	28	4395	0	0	47
3.097	1	1	310	8	1	28	4395	0	0	47
3.098	1	1	310	9	1	28	4395	0	0	47
3.099	1	1	310	10	1	28	4395	0	0	47
3.132	1	1	314	3	1	28	4395	0	0	47
3.133	1	1	314	4	1	28	4395	0	0	47
3.134	1	1	314	5	1	28	4395	0	0	47
3.135	1	1	314	6	1	28	4395	0	0	47
3.136	1	1	314	7	1	28	4395	0	0	47
3.137	1	1	314	8	1	28	4395	0	0	47
3.138	1	1	314	9	1	28	4395	0	0	47
3.139	1	1	314	10	1	28	4395	0	0	47
3.14	1	1	315	1	1	28	4395	0	0	47
3.141	1	1	315	2	1	28	4395	0	0	47
3.142	1	1	315	3	1	28	4395	0	0	47
3.143	1	1	315	4	1	28	4395	0	0	47
3.144	1	1	315	5	1	28	4395	0	0	47
3.145	1	1	315	6	1	28	4395	0	0	47
3.146	1	1	315	7	1	28	4395	0	0	47
3.179	1	1	318	10	1	28	4395	0	0	47
3.18	1	1	319	1	1	28	4395	0	0	47
3.181	1	1	319	2	1	28	4395	0	0	47
3.182	1	1	319	3	1	28	4395	0	0	47
3.183	1	1	319	4	1	28	4395	0	0	47
3.184	1	1	319	5	1	28	4395	0	0	47
3.185	1	1	319	6	1	28	4395	0	0	47
3.186	1	1	319	7	1	28	4395	0	0	47
3.187	1	1	319	8	1	28	4395	0	0	47
3.188	1	1	319	9	1	28	4395	0	0	47
3.189	1	1	319	10	1	28	4395	0	0	47
3.19	1	1	320	1	1	28	4395	0	0	47
3.191	1	1	320	2	1	28	4395	0	0	47
3.192	1	1	320	3	1	28	4395	0	0	47
3.193	1	1	320	4	1	28	4395	0	0	47
3.226	1	1	323	7	1	28	4395	0	0	47
3.227	1	1	323	8	1	28	4395	0	0	47
3.228	1	1	323	9	1	28	4395	0	0	47
3.229	1	1	323	10	1	28	4395	0	0	47
3.23	1	1	324	1	1	28	4395	0	0	47
3.231	1	1	324	2	1	28	4395	0	0	47
3.232	1	1	324	3	1	28	4395	0	0	47
3.233	1	1	324	4	1	28	4395	0	0	47
3.234	1	1	324	5	1	28	4395	0	0	47
3.235	1	1	324	6	1	28	4395	0	0	47
3.236	1	1	324	7	1	28	4395	0	0	47
3.237	1	1	324	8	1	28	4395	0	0	47
3.238	1	1	324	9	1	28	4395	0	0	47
3.239	1	1	324	10	1	28	4395	0	0	47
3.24	1	1	325	1	1	28	4395	0	0	47
3.273	1	1	328	4	1	28	4395	0	0	47
3.274	1	1	328	5	1	28	4395	0	0	47
3.275	1	1	328	6	1	28	4395	0	0	47
3.276	1	1	328	7	1	28	4395	0	0	47
3.277	1	1	328	8	1	28	4395	0	0	47
3.278	1	1	328	9	1	28	4395	0	0	47
3.279	1	1	328	10	1	28	4395	0	0	47
3.28	1	1	329	1	1	28	4395	0	0	47
3.281	1	1	329	2	1	28	4395	0	0	47
3.282	1	1	329	3	1	28	4395	0	0	47
3.283	1	1	329	4	1	28	4395	0	0	47
3.284	1	1	329	5	1	28	4395	0	0	47
3.285	1	1	329	6	1	28	4395	0	0	47
3.286	1	1	329	7	1	28	4395	0	0	47
3.287	1	1	329	8	1	28	4395	0	0	47
3.32	1	1	333	1	1	28	4395	0	0	47
3.321	1	1	333	2	1	28	4395	0	0	47
3.322	1	1	333	3	1	28	4395	0	0	47
3.323	1	1	333	4	1	28	4395	0	0	47
3.324	1	1	333	5	1	28	4395	0	0	47
3.325	1	1	333	6	1	28	4395	0	0	47
3.326	1	1	333	7	1	28	4395	0	0	47
3.327	1	1	333	8	1	28	4395	0	0	47
3.328	1	1	333	9	1	28	4395	0	0	47
3.329	1	1	333	10	1	28	4395	0	0	47
3.33	1	1	334	1	1	28	4395	0	0	47
3.331	1	1	334	2	1	28	4395	0	0	47
3.332	1	1	334	3	1	28	4395	0	0	47
3.333	1	1	334	4	1	28	4395	0	0	47
3.334	1	1	334	5	1	28	4395	0	0	47
3.367	1	1	337	8	1	28	4395	0	0	47
3.368	1	1	337	9	1	28	4395	0	0	47
3.369	1	1	337	10	1	28	4395	0	0	47
3.37	1	1	338	1	1	28	4395	0	0	47
3.371	1	1	338	2	1	28	4395	0	0	47
3.372	1	1	338	3	1	28	4395	0	0	47
3.373	1	1	338	4	1	28	4395	0	0	47
3.374	1	1	338	5	1	28	4395	0	0	47
3.375	1	1	338	6	1	28	4395	0	0	47
3.376	1	1	338	7	1	28	4395	0	0	47
3.377	1	1	338	8	1	28	4395	0	0	47
3.378	1	1	338	9	1	28	4395	0	0	47
3.379	1	1	338	10	1	28	4395	0	0	47
3.38	1	1	339	1	1	28	4395	0	0	47
3.381	1	1	339	2	1	28	4395	0	0	47
3.414	1	1	342	5	1	28	4395	0	0	47
3.415	1	1	342	6	1	28	4395	0	0	47
3.416	1	1	342	7	1	28	4395	0	0	47
3.417	1	1	342	8	1	28	4395	0	0	47
3.418	1	1	342	9	1	28	4395	0	0	47
3.419	1	1	342	10	1	28	4395	0	0	47
3.42	1	1	343	1	1	28	4395	0	0	47
3.421	1	1	343	2	1	28	4395	0	0	47
3.422	1	1	343	3	1	28	4395	0	0	47
3.423	1	1	343	4	1	28	4395	0	0	47
3.424	1	1	343	5	1	28	4395	0	0	47
3.425	1	1	343	6	1	28	4395	0	0	47
3.426	1	1	343	7	1	28	4395	0	0	47
3.427	1	1	343	8	1	28	4395	0	0	47
3.428	1	1	343	9	1	28	4395	0	0	47
3.461	1	1	347	2	1	28	4395	0	0	47
3.462	1	1	347	3	1	28	4395	0	0	47
3.463	1	1	347	4	1	28	4395	0	0	47
3.464	1	1	347	5	1	28	4395	0	0	47
3.465	1	1	347	6	1	28	4395	0	0	47
3.466	1	1	347	7	1	28	4395	0	0	47
3.467	1	1	347	8	1	28	4395	0	0	47
3.468	1	1	347	9	1	28	4395	0	0	47
3.469	1	1	347	10	1	28	4395	0	0	47
3.47	1	1	348	1	1	28	4395	0	0	47
3.471	1	1	348	2	1	28	4395	0	0	47
3.472	1	1	348	3	1	28	4395	0	0	47
3.473	1	1	348	4	1	28	4395	0	0	47
3.474	1	1	348	5	1	28	4395	0	0	47
3.475	1	1	348	6	1	28	4395	0	0	47
3.508	1	1	351	9	1	28	4395	0	0	47
3.509	1	1	351	10	1	28	4395	0	0	47
3.51	1	1	352	1	1	28	4395	0	0	47
3.511	1	1	352	2	1	28	4395	0	0	47
3.512	1	1	352	3	1	28	4395	0	0	47
3.513	1	1	352	4	1	28	4395	0	0	47
3.514	1	1	352	5	1	28	4395	0	0	47
3.515	1	1	352	6	1	28	4395	0	0	47
3.516	1	1	352	7	1	28	4395	0	0	47
3.517	1	1	352	8	1	28	4395	0	0	47
3.518	1	1	352	9	1	28	4395	0	0	47
3.519	1	1	352	10	1	28	4395	0	0	47
3.52	1	1	353	1	1	28	4395	0	0	47
3.521	1	1	353	2	1	28	4395	0	0	47
3.522	1	1	353	3	1	28	4395	0	0	47
3.555	1	1	356	6	1	28	4395	0	0	47
3.556	1	1	356	7	1	28	4395	0	0	47
3.557	1	1	356	8	1	28	4395	0	0	47
3.558	1	1	356	9	1	28	4395	0	0	47
3.559	1	1	356	10	1	28	4395	0	0	47
3.56	1	1	357	1	1	28	4395	0	0	47
3.561	1	1	357	2	1	28	4395	0	0	47
3.562	1	1	357	3	1	28	4395	0	0	47
3.563	1	1	357	4	1	28	4395	0	0	47
3.564	1	1	357	5	1	28	4395	0	0	47
3.565	1	1	357	6	1	28	4395	0	0	47
3.566	1	1	357	7	1	28	4395	0	0	47
3.567	1	1	357	8	1	28	4395	0	0	47
3.568	1	1	357	9	1	28	4395	0	0	47
3.569	1	1	357	10	1	28	4395	0	0	47
3.602	1	1	361	3	1	28	4395	0	0	47
3.603	1	1	361	4	1	28	4395	0	0	47
3.604	1	1	361	5	1	28	4395	0	0	47
3.605	1	1	361	6	1	28	4395	0	0	47
3.606	1	1	361	7	1	28	4395	0	0	47
3.607	1	1	361	8	1	28	4395	0	0	47
3.608	1	1	361	9	1	28	4395	0	0	47
3.609	1	1	361	10	1	28	4395	0	0	47
3.61	1	1	362	1	1	28	4395	0	0	47
3.611	1	1	362	2	1	28	4395	0	0	47
3.612	1	1	362	3	1	28	4395	0	0	47
3.613	1	1	362	4	1	28	4395	0	0	47
3.614	1	1	362	5	1	28	4395	0	0	47
3.615	1	1	362	6	1	28	4395	0	0	47
3.616	1	1	362	7	1	28	4395	0	0	47
3.649	1	1	365	10	1	28	4395	0	0	47
3.65	1	1	366	1	1	28	4395	0	0	47
3.651	1	1	366	2	1	28	4395	0	0	47
3.652	1	1	366	3	1	28	4395	0	0	47
3.653	1	1	366	4	1	28	4395	0	0	47
3.654	1	1	366	5	1	28	4395	0	0	47
3.655	1	1	366	6	1	28	4395	0	0	47
3.656	1	1	366	7	1	28	4395	0	0	47
3.657	1	1	366	8	1	28	4395	0	0	47
3.658	1	1	366	9	1	28	4395	0	0	47
3.659	1	1	366	10	1	28	4395	0	0	47
3.66	1	1	367	1	1	28	4395	0	0	47
3.661	1	1	367	2	1	28	4395	0	0	47
3.662	1	1	367	3	1	28	4395	0	0	47
3.663	1	1	367	4	1	28	4395	0	0	47
3.696	1	1	370	7	1	28	4395	0	0	47
3.697	1	1	370	8	1	28	4395	0	0	47
3.698	1	1	370	9	1	28	4395	0	0	47
3.699	1	1	370	10	1	28	4395	0	0	47
3.7	1	1	371	1	1	28	4395	0	0	47
3.701	1	1	371	2	1	28	4395	0	0	47
3.702	1	1	371	3	1	28	4395	0	0	47
3.703	1	1	371	4	1	28	4395	0	0	47
3.704	1	1	371	5	1	28	4395	0	0	47
3.705	1	1	371	6	1	28	4395	0	0	47
3.706	1	1	371	7	1	28	4395	0	0	47
3.707	1	1	371	8	1	28	4395	0	0	47
3.708	1	1	371	9	1	28	4395	0	0	47
3.709	1	1	371	10	1	28	4395	0	0	47
3.71	1	1	372	1	1	28	4395	0	0	47
3.743	1	1	375	4	1	28	4395	0	0	47
3.744	1	1	375	5	1	28	4395	0	0	47
3.745	1	1	375	6	1	28	4395	0	0	47
3.746	1	1	375	7	1	28	4395	0	0	47
3.747	1	1	375	8	1	28	4395	0	0	47
3.748	1	1	375	9	1	28	4395	0	0	47
3.749	1	1	375	10	1	28	4395	0	0	47
3.75	1	1	376	1	1	28	4395	0	0	47
3.751	1	1	376	2	1	28	4395	0	0	47
3.752	1	1	376	3	1	28	4395	0	0	47
3.753	1	1	376	4	1	28	4395	0	0	47
3.754	1	1	376	5	1	28	4395	0	0	47
3.755	1	1	376	6	1	28	4395	0	0	47
3.756	1	1	376	7	1	28	4395	0	0	47
3.757	1	1	376	8	1	28	4395	0	0	47
3.79	1	1	380	1	1	28	4395	0	0	47
3.791	1	1	380	2	1	28	4395	0	0	47
3.792	1	1	380	3	1	28	4395	0	0	47
3.793	1	1	380	4	1	28	4395	0	0	47
3.794	1	1	380	5	1	28	4395	0	0	47
3.795	1	1	380	6	1	28	4395	0	0	47
3.796	1	1	380	7	1	28	4395	0	0	47
3.797	1	1	380	8	1	28	4395	0	0	47
3.798	1	1	380	9	1	28	4395	0	0	47
3.799	1	1	380	10	1	28	4395	0	0	47
3.8	1	1	381	1	1	28	4395	0	0	47
3.801	1	1	381	2	1	28	4395	0	0	47
3.802	1	1	381	3	1	28	4395	0	0	47
3.803	1	1	381	4	1	28	4395	0	0	47
3.804	1	1	381	5	1	28	4395	0	0	47
3.837	1	1	384	8	1	28	4395	0	0	47
3.838	1	1	384	9	1	28	4395	0	0	47
3.839	1	1	384	10	1	28	4395	0	0	47
3.84	1	1	385	1	1	28	4395	0	0	47
3.841	1	1	385	2	1	28	4395	0	0	47
3.842	1	1	385	3	1	28	4395	0	0	47
3.843	1	1	385	4	1	28	4395	0	0	47
3.844	1	1	385	5	1	28	4395	0	0	47
3.845	1	1	385	6	1	28	4395	0	0	47
3.846	1	1	385	7	1	28	4395	0	0	47
3.847	1	1	385	8	1	28	4395	0	0	47
3.848	1	1	385	9	1	28	4395	0	0	47
3.849	1	1	385	10	1	28	4395	0	0	47
3.85	1	1	386	1	1	28	4395	0	0	47
3.851	1	1	386	2	1	28	4395	0	0	47
3.884	1	1	389	5	1	28	4395	0	0	47
3.885	1	1	389	6	1	28	4395	0	0	47
3.886	1	1	389	7	1	28	4395	0	0	47
3.887	1	1	389	8	1	28	4395	0	0	47
3.888	1	1	389	9	1	28	4395	0	0	47
3.889	1	1	389	10	1	28	4395	0	0	47
3.89	1	1	390	1	1	28	4395	0	0	47
3.891	1	1	390	2	1	28	4395	0	0	47
3.892	1	1	390	3	1	28	4395	0	0	47
3.893	1	1	390	4	1	28	4395	0	0	47
3.894	1	1	390	5	1	28	4395	0	0	47
3.895	1	1	390	6	1	28	4395	0	0	47
3.896	1	1	390	7	1	28	4395	0	0	47
3.897	1	1	390	8	1	28	4395	0	0	47
3.898	1	1	390	9	1	28	4395	0	0	47
3.931	1	1	394	2	1	28	4395	0	0	47
3.932	1	1	394	3	1	28	4395	0	0	47
3.933	1	1	394	4	1	28	4395	0	0	47
3.934	1	1	394	5	1	28	4395	0	0	47
3.935	1	1	394	6	1	28	4395	0	0	47
3.936	1	1	394	7	1	28	4395	0	0	47
3.937	1	1	394	8	1	28	4395	0	0	47
3.938	1	1	394	9	1	28	4395	0	0	47
3.939	1	1	394	10	1	28	4395	0	0	47
3.94	1	1	395	1	1	28	4395	0	0	47
3.941	1	1	395	2	1	28	4395	0	0	47
3.942	1	1	395	3	1	28	4395	0	0	47
3.943	1	1	395	4	1	28	4395	0	0	47
3.944	1	1	395	5	1	28	4395	0	0	47
3.945	1	1	395	6	1	28	4395	0	0	47
3.978	1	1	398	9	1	28	4395	0	0	47
3.979	1	1	398	10	1	28	4395	0	0	47
3.98	1	1	399	1	1	28	4395	0	0	47
3.981	1	1	399	2	1	28	4395	0	0	47
3.982	1	1	399	3	1	28	4395	0	0	47
3.983	1	1	399	4	1	28	4395	0	0	47
3.984	1	1	399	5	1	28	4395	0	0	47
3.985	1	1	399	6	1	28	4395	0	0	47
3.986	1	1	399	7	1	28	4395	0	0	47
3.987	1	1	399	8	1	28	4395	0	0	47
3.988	1	1	399	9	1	28	4395	0	0	47
3.989	1	1	399	10	1	28	4395	0	0	47
3.99	1	1	400	1	1	28	4395	0	0	47
3.991	1	1	400	2	1	28	4395	0	0	47
3.992	1	1	400	3	1	28	4395	0	0	47
4.025	1	1	403	6	1	28	4395	0	0	47
4.026	1	1	403	7	1	28	4395	0	0	47
4.027	1	1	403	8	1	28	4395	0	0	47
4.028	1	1	403	9	1	28	4395	0	0	47
4.029	1	1	403	10	1	28	4395	0	0	47
4.03	1	1	404	1	1	28	4395	0	0	47
4.031	1	1	404	2	1	28	4395	0	0	47
4.032	1	1	404	3	1	28	4395	0	0	47
4.033	1	1	404	4	1	28	4395	0	0	47
4.034	1	1	404	5	1	28	4395	0	0	47
4.035	1	1	404	6	1	28	4395	0	0	47
4.036	1	1	404	7	1	28	4395	0	0	47
4.037	1	1	404	8	1	28	4395	0	0	47
4.038	1	1	404	9	1	28	4395	0	0	47
4.039	1	1	404	10	1	28	4395	0	0	47
4.072	1	1	408	3	1	28	4395	0	0	47
4.073	1	1	408	4	1	28	4395	0	0	47
4.074	1	1	408	5	1	28	4395	0	0	47
4.075	1	1	408	6	1	28	4395	0	0	47
4.076	1	1	408	7	1	28	4395	0	0	47
4.077	1	1	408	8	1	28	4395	0	0	47
4.078	1	1	408	9	1	28	4395	0	0	47
4.079	1	1	408	10	1	28	4395	0	0	47
4.08	1	1	409	1	1	28	4395	0	0	47
4.081	1	1	409	2	1	28	4395	0	0	47
4.082	1	1	409	3	1	28	4395	0	0	47
4.083	1	1	409	4	1	28	4395	0	0	47
4.084	1	1	409	5	1	28	4395	0	0	47
4.085	1	1	409	6	1	28	4395	0	0	47
4.086	1	1	409	7	1	28	4395	0	0	47
4.119	1	1	412	10	1	28	4395	0	0	47
4.12	1	1	413	1	1	28	4395	0	0	47
4.121	1	1	413	2	1	28	4395	0	0	47
4.122	1	1	413	3	1	28	4395	0	0	47
4.123	1	1	413	4	1	28	4395	0	0	47
4.124	1	1	413	5	1	28	4395	0	0	47
4.125	1	1	413	6	1	28	4395	0	0	47
4.126	1	1	413	7	1	28	4395	0	0	47
4.127	1	1	413	8	1	28	4395	0	0	47
4.128	1	1	413	9	1	28	4395	0	0	47
4.129	1	1	413	10	1	28	4395	0	0	47
4.13	1	1	414	1	1	28	4395	0	0	47
4.131	1	1	414	2	1	28	4395	0	0	47
4.132	1	1	414	3	1	28	4395	0	0	47
4.133	1	1	414	4	1	28	4395	0	0	47
4.166	1	1	417	7	1	28	4395	0	0	47
4.167	1	1	417	8	1	28	4395	0	0	47
4.168	1	1	417	9	1	28	4395	0	0	47
4.169	1	1	417	10	1	28	4395	0	0	47
4.17	1	1	418	1	1	28	4395	0	0	47
4.171	1	1	418	2	1	28	4395	0	0	47
4.172	1	1	418	3	1	28	4395	0	0	47
4.173	1	1	418	4	1	28	4395	0	0	47
4.174	1	1	418	5	1	28	4395	0	0	47
4.175	1	1	418	6	1	28	4395	0	0	47
4.176	1	1	418	7	1	28	4395	0	0	47
4.177	1	1	418	8	1	28	4395	0	0	47
4.178	1	1	418	9	1	28	4395	0	0	47
4.179	1	1	418	10	1	28	4395	0	0	47
4.18	1	1	419	1	1	28	4395	0	0	47
4.213	1	1	422	4	1	28	4395	0	0	47
4.214	1	1	422	5	1	28	4395	0	0	47
4.215	1	1	422	6	1	28	4395	0	0	47
4.216	1	1	422	7	1	28	4395	0	0	47
4.217	1	1	422	8	1	28	4395	0	0	47
4.218	1	1	422	9	1	28	4395	0	0	47
4.219	1	1	422	10	1	28	4395	0	0	47
4.22	1	1	423	1	1	28	4395	0	0	47
4.221	1	1	423	2	1	28	4395	0	0	47
4.222	1	1	423	3	1	28	4395	0	0	47
4.223	1	1	423	4	1	28	4395	0	0	47
4.224	1	1	423	5	1	28	4395	0	0	47
4.225	1	1	423	6	1	28	4395	0	0	47
4.226	1	1	423	7	1	28	4395	0	0	47
4.227	1	1	423	8	1	28	4395	0	0	47
4.26	1	1	427	1	1	28	4395	0	0	47
4.261	1	1	427	2	1	28	4395	0	0	47
4.262	1	1	427	3	1	28	4395	0	0	47
4.263	1	1	427	4	1	28	4395	0	0	47
4.264	1	1	427	5	1	28	4395	0	0	47
4.265	1	1	427	6	1	28	4395	0	0	47
4.266	1	1	427	7	1	28	4395	0	0	47
4.267	1	1	427	8	1	28	4395	0	0	47
4.268	1	1	427	9	1	28	4395	0	0	47
4.269	1	1	427	10	1	28	4395	0	0	47
4.27	1	1	428	1	1	28	4395	0	0	47
4.271	1	1	428	2	1	28	4395	0	0	47
4.272	1	1	428	3	1	28	4395	0	0	47
4.273	1	1	428	4	1	28	4395	0	0	47
4.274	1	1	428	5	1	28	4395	0	0	47
4.307	1	1	431	8	1	28	4395	0	0	47
4.308	1	1	431	9	1	28	4395	0	0	47
4.309	1	1	431	10	1	28	4395	0	0	47
4.31	1	1	432	1	1	28	4395	0	0	47
4.311	1	1	432	2	1	28	4395	0	0	47
4.312	1	1	432	3	1	28	4395	0	0	47
4.313	1	1	432	4	1	28	4395	0	0	47
4.314	1	1	432	5	1	28	4395	0	0	47
4.315	1	1	432	6	1	28	4395	0	0	47
4.316	1	1	432	7	1	28	4395	0	0	47
4.317	1	1	432	8	1	28	4395	0	0	47
4.318	1	1	432	9	1	28	4395	0	0	47
4.319	1	1	432	10	1	28	4395	0	0	47
4.32	1	1	433	1	1	28	4395	0	0	47
4.321	1	1	433	2	1	28	4395	0	0	47
4.354	1	1	436	5	1	28	4395	0	0	47
4.355	1	1	436	6	1	28	4395	0	0	47
4.356	1	1	436	7	1	28	4395	0	0	47
4.357	1	1	436	8	1	28	4395	0	0	47
4.358	1	1	436	9	1	28	4395	0	0	47
4.359	1	1	436	10	1	28	4395	0	0	47
4.36	1	1	437	1	1	28	4395	0	0	47
4.361	1	1	437	2	1	28	4395	0	0	47
4.362	1	1	437	3	1	28	4395	0	0	47
4.363	1	1	437	4	1	28	4395	0	0	47
4.364	1	1	437	5	1	28	4395	0	0	47
4.365	1	1	437	6	1	28	4395	0	0	47
4.366	1	1	437	7	1	28	4395	0	0	47
4.367	1	1	437	8	1	28	4395	0	0	47
4.368	1	1	437	9	1	28	4395	0	0	47
4.401	1	1	441	2	1	28	4395	0	0	47
4.402	1	1	441	3	1	28	4395	0	0	47
4.403	1	1	441	4	1	28	4395	0	0	47
4.404	1	1	441	5	1	28	4395	0	0	47
4.405	1	1	441	6	1	28	4395	0	0	47
4.406	1	1	441	7	1	28	4395	0	0	47
4.407	1	1	441	8	1	28	4395	0	0	47
4.408	1	1	441	9	1	28	4395	0	0	47
4.409	1	1	441	10	1	28	4395	0	0	47
4.41	1	1	442	1	1	28	4395	0	0	47
4.411	1	1	442	2	1	28	4395	0	0	47
4.412	1	1	442	3	1	28	4395	0	0	47
4.413	1	1	442	4	1	28	4395	0	0	47
4.414	1	1	442	5	1	28	4395	0	0	47
4.415	1	1	442	6	1	28	4395	0	0	47
4.448	1	1	445	9	1	28	4395	0	0	47
4.449	1	1	445	10	1	28	4395	0	0	47
4.45	1	1	446	1	1	28	4395	0	0	47
4.451	1	1	446	2	1	28	4395	0	0	47
4.452	1	1	446	3	1	28	4395	0	0	47
4.453	1	1	446	4	1	28	4395	0	0	47
4.454	1	1	446	5	1	28	4395	0	0	47
4.455	1	1	446	6	1	28	4395	0	0	47
4.456	1	1	446	7	1	28	4395	0	0	47
4.457	1	1	446	8	1	28	4395	0	0	47
4.458	1	1	446	9	1	28	4395	0	0	47
4.459	1	1	446	10	1	28	4395	0	0	47
4.46	1	1	447	1	1	28	4395	0	0	47
4.461	1	1	447	2	1	28	4395	0	0	47
4.462	1	1	447	3	1	28	4395	0	0	47
4.495	1	1	450	6	1	28	4395	0	0	47
4.496	1	1	450	7	1	28	4395	0	0	47
4.497	1	1	450	8	1	28	4395	0	0	47
4.498	1	1	450	9	1	28	4395	0	0	47
4.499	1	1	450	10	1	28	4395	0	0	47
4.5	1	1	451	1	1	28	4395	0	0	47
4.501	1	1	451	2	1	28	4395	0	0	47
4.502	1	1	451	3	1	28	4395	0	0	47
4.503	1	1	451	4	1	28	4395	0	0	47
4.504	1	1	451	5	1	28	4395	0	0	47
4.505	1	1	451	6	1	28	4395	0	0	47
4.506	1	1	451	7	1	28	4395	0	0	47
4.507	1	1	451	8	1	28	4395	0	0	47
4.508	1	1	451	9	1	28	4395	0	0	47
4.509	1	1	451	10	1	28	4395	0	0	47
4.542	1	1	455	3	1	28	4395	0	0	47
4.543	1	1	455	4	1	28	4395	0	0	47
4.544	1	1	455	5	1	28	4395	0	0	47
4.545	1	1	455	6	1	28	4395	0	0	47
4.546	1	1	455	7	1	28	4395	0	0	47
4.547	1	1	455	8	1	28	4395	0	0	47
4.548	1	1	455	9	1	28	4395	0	0	47
4.549	1	1	455	10	1	28	4395	0	0	47
4.55	1	1	456	1	1	28	4395	0	0	47
4.551	1	1	456	2	1	28	4395	0	0	47
4.552	1	1	456	3	1	28	4395	0	0	47
4.553	1	1	456	4	1	28	4395	0	0	47
4.554	1	1	456	5	1	28	4395	0	0	47
4.555	1	1	456	6	1	28	4395	0	0	47
4.556	1	1	456	7	1	28	4395	0	0	47
4.589	1	1	459	10	1	28	4395	0	0	47
4.59	1	1	460	1	1	28	4395	0	0	47
4.591	1	1	460	2	1	28	4395	0	0	47
4.592	1	1	460	3	1	28	4395	0	0	47
4.593	1	1	460	4	1	28	4395	0	0	47
4.594	1	1	460	5	1	28	4395	0	0	47
4.595	1	1	460	6	1	28	4395	0	0	47
4.596	1	1	460	7	1	28	4395	0	0	47
4.597	1	1	460	8	1	28	4395	0	0	47
4.598	1	1	460	9	1	28	4395	0	0	47
4.599	1	1	460	10	1	28	4395	0	0	47
4.6	1	1	461	1	1	28	4395	0	0	47
4.601	1	1	461	2	1	28	4395	0	0	47
4.602	1	1	461	3	1	28	4395	0	0	47
4.603	1	1	461	4	1	28	4395	0	0	47
4.636	1	1	464	7	1	28	4395	0	0	47
4.637	1	1	464	8	1	28	4395	0	0	47
4.638	1	1	464	9	1	28	4395	0	0	47
4.639	1	1	464	10	1	28	4395	0	0	47
4.64	1	1	465	1	1	28	4395	0	0	47
4.641	1	1	465	2	1	28	4395	0	0	47
4.642	1	1	465	3	1	28	4395	0	0	47
4.643	1	1	465	4	1	28	4395	0	0	47
4.644	1	1	465	5	1	28	4395	0	0	47
4.645	1	1	465	6	1	28	4395	0	0	47
4.646	1	1	465	7	1	28	4395	0	0	47
4.647	1	1	465	8	1	28	4395	0	0	47
4.648	1	1	465	9	1	28	4395	0	0	47
4.649	1	1	465	10	1	28	4395	0	0	47
4.65	1	1	466	1	1	28	4395	0	0	47
4.683	1	1	469	4	1	28	4395	0	0	47
4.684	1	1	469	5	1	28	4395	0	0	47
4.685	1	1	469	6	1	28	4395	0	0	47
4.686	1	1	469	7	1	28	4395	0	0	47
4.687	1	1	469	8	1	28	4395	0	0	47
4.688	1	1	469	9	1	28	4395	0	0	47
4.689	1	1	469	10	1	28	4395	0	0	47
4.69	1	1	470	1	1	28	4395	0	0	47
4.691	1	1	470	2	1	28	4395	0	0	47
4.692	1	1	470	3	1	28	4395	0	0	47
4.693	1	1	470	4	1	28	4395	0	0	47
4.694	1	1	470	5	1	28	4395	0	0	47
4.695	1	1	470	6	1	28	4395	0	0	47
4.696	1	1	470	7	1	28	4395	0	0	47
4.697	1	1	470	8	1	28	4395	0	0	47
4.73	1	1	474	1	1	28	4395	0	0	47
4.731	1	1	474	2	1	28	4395	0	0	47
4.732	1	1	474	3	1	28	4395	0	0	47
4.733	1	1	474	4	1	28	4395	0	0	47
4.734	1	1	474	5	1	28	4395	0	0	47
4.735	1	1	474	6	1	28	4395	0	0	47
4.736	1	1	474	7	1	28	4395	0	0	47
4.737	1	1	474	8	1	28	4395	0	0	47
4.738	1	1	474	9	1	28	4395	0	0	47
4.739	1	1	474	10	1	28	4395	0	0	47
4.74	1	1	475	1	1	28	4395	0	0	47
4.741	1	1	475	2	1	28	4395	0	0	47
4.742	1	1	475	3	1	28	4395	0	0	47
4.743	1	1	475	4	1	28	4395	0	0	47
4.744	1	1	475	5	1	28	4395	0	0	47
4.777	1	1	478	8	1	28	4395	0	0	47
4.778	1	1	478	9	1	28	4395	0	0	47
4.779	1	1	478	10	1	28	4395	0	0	47
4.78	1	1	479	1	1	28	4395	0	0	47
4.781	1	1	479	2	1	28	4395	0	0	47
4.782	1	1	479	3	1	28	4395	0	0	47
4.783	1	1	479	4	1	28	4395	0	0	47
4.784	1	1	479	5	1	28	4395	0	0	47
4.785	1	1	479	6	1	28	4395	0	0	47
4.786	1	1	479	7	1	28	4395	0	0	47
4.787	1	1	479	8	1	28	4395	0	0	47
4.788	1	1	479	9	1	28	4395	0	0	47
4.789	1	1	479	10	1	28	4395	0	0	47
4.79	1	1	480	1	1	28	4395	0	0	47
4.791	1	1	480	2	1	28	4395	0	0	47
4.824	1	1	483	5	1	28	4395	0	0	47
4.825	1	1	483	6	1	28	4395	0	0	47
4.826	1	1	483	7	1	28	4395	0	0	47
4.827	1	1	483	8	1	28	4395	0	0	47
4.828	1	1	483	9	1	28	4395	0	0	47
4.829	1	1	483	10	1	28	4395	0	0	47
4.83	1	1	484	1	1	28	4395	0	0	47
4.831	1	1	484	2	1	28	4395	0	0	47
4.832	1	1	484	3	1	28	4395	0	0	47
4.833	1	1	484	4	1	28	4395	0	0	47
4.834	1	1	484	5	1	28	4395	0	0	47
4.835	1	1	484	6	1	28	4395	0	0	47
4.836	1	1	484	7	1	28	4395	0	0	47
4.837	1	1	484	8	1	28	4395	0	0	47
4.838	1	1	484	9	1	28	4395	0	0	47
4.871	1	1	488	2	1	28	4395	0	0	47
4.872	1	1	488	3	1	28	4395	0	0	47
4.873	1	1	488	4	1	28	4395	0	0	47
4.874	1	1	488	5	1	28	4395	0	0	47
4.875	1	1	488	6	1	28	4395	0	0	47
4.876	1	1	488	7	1	28	4395	0	0	47
4.877	1	1	488	8	1	28	4395	0	0	47
4.878	1	1	488	9	1	28	4395	0	0	47
4.879	1	1	488	10	1	28	4395	0	0	47
4.88	1	1	489	1	1	28	4395	0	0	47
4.881	1	1	489	2	1	28	4395	0	0	47
4.882	1	1	489	3	1	28	4395	0	0	47
4.883	1	1	489	4	1	28	4395	0	0	47
4.884	1	1	489	5	1	28	4395	0	0	47
4.885	1	1	489	6	1	28	4395	0	0	47
4.918	1	1	492	9	1	28	4395	0	0	47
4.919	1	1	492	10	1	28	4395	0	0	47
4.92	1	1	493	1	1	28	4395	0	0	47
4.921	1	1	493	2	1	28	4395	0	0	47
4.922	1	1	493	3	1	28	4395	0	0	47
4.923	1	1	493	4	1	28	4395	0	0	47
4.924	1	1	493	5	1	28	4395	0	0	47
4.925	1	1	493	6	1	28	4395	0	0	47
4.926	1	1	493	7	1	28	4395	0	0	47
4.927	1	1	493	8	1	28	4395	0	0	47
4.928	1	1	493	9	1	28	4395	0	0	47
4.929	1	1	493	10	1	28	4395	0	0	47
4.93	1	1	494	1	1	28	4395	0	0	47
4.931	1	1	494	2	1	28	4395	0	0	47
4.932	1	1	494	3	1	28	4395	0	0	47
4.965	1	1	497	6	1	28	4395	0	0	47
4.966	1	1	497	7	1	28	4395	0	0	47
4.967	1	1	497	8	1	28	4395	0	0	47
4.968	1	1	497	9	1	28	4395	0	0	47
4.969	1	1	497	10	1	28	4395	0	0	47
4.97	1	1	498	1	1	28	4395	0	0	47
4.971	1	1	498	2	1	28	4395	0	0	47
4.972	1	1	498	3	1	28	4395	0	0	47
4.973	1	1	498	4	1	28	4395	0	0	47
4.974	1	1	498	5	1	28	4395	0	0	47
4.975	1	1	498	6	1	28	4395	0	0	47
4.976	1	1	498	7	1	28	4395	0	0	47
4.977	1	1	498	8	1	28	4395	0	0	47
4.978	1	1	498	9	1	28	4395	0	0	47
4.979	1	1	498	10	1	28	4395	0	0	47
5.012	1	1	502	3	1	28	4395	0	0	47
5.013	1	1	502	4	1	28	4395	0	0	47
5.014	1	1	502	5	1	28	4395	0	0	47
5.015	1	1	502	6	1	28	4395	0	0	47
5.016	1	1	502	7	1	28	4395	0	0	47
5.017	1	1	502	8	1	28	4395	0	0	47
5.018	1	1	502	9	1	28	4395	0	0	47
5.019	1	1	502	10	1	28	4395	0	0	47
5.02	1	1	503	1	1	28	4395	0	0	47
5.021	1	1	503	2	1	28	4395	0	0	47
5.022	1	1	503	3	1	28	4395	0	0	47
5.023	1	1	503	4	1	28	4395	0	0	47
5.024	1	1	503	5	1	28	4395	0	0	47
5.025	1	1	503	6	1	28	4395	0	0	47
5.026	1	1	503	7	1	28	4395	0	0	47
5.059	1	1	506	10	1	28	4395	0	0	47
5.06	1	1	507	1	1	28	4395	0	0	47
5.061	1	1	507	2	1	28	4395	0	0	47
5.062	1	1	507	3	1	28	4395	0	0	47
5.063	1	1	507	4	1	28	4395	0	0	47
5.064	1	1	507	5	1	28	4395	0	0	47
5.065	1	1	507	6	1	28	4395	0	0	47
5.066	1	1	507	7	1	28	4395	0	0	47
5.067	1	1	507	8	1	28	4395	0	0	47
5.068	1	1	507	9	1	28	4395	0	0	47
5.069	1	1	507	10	1	28	4395	0	0	47
5.07	1	1	508	1	1	28	4395	0	0	47
5.071	1	1	508	2	1	28	4395	0	0	47
5.072	1	1	508	3	1	28	4395	0	0	47
5.073	1	1	508	4	1	28	4395	0	0	47
5.106	1	1	511	7	1	28	4395	0	0	47
5.107	1	1	511	8	1	28	4395	0	0	47
5.108	1	1	511	9	1	28	4395	0	0	47
5.109	1	1	511	10	1	28	4395	0	0	47
5.11	1	1	512	1	1	28	4395	0	0	47
5.111	1	1	512	2	1	28	4395	0	0	47
5.112	1	1	512	3	1	28	4395	0	0	47
5.113	1	1	512	4	1	28	4395	0	0	47
5.114	1	1	512	5	1	28	4395	0	0	47
5.115	1	1	512	6	1	28	4395	0	0	47
5.116	1	1	512	7	1	28	4395	0	0	47
5.117	1	1	512	8	1	28	4395	0	0	47
5.118	1	1	512	9	1	28	4395	0	0	47
5.119	1	1	512	10	1	28	4395	0	0	47
5.12	1	1	513	1	1	28	4395	0	0	47
5.153	1	1	516	4	1	28	4395	0	0	47
5.154	1	1	516	5	1	28	4395	0	0	47
5.155	1	1	516	6	1	28	4395	0	0	47
5.156	1	1	516	7	1	28	4395	0	0	47
5.157	1	1	516	8	1	28	4395	0	0	47
5.158	1	1	516	9	1	28	4395	0	0	47
5.159	1	1	516	10	1	28	4395	0	0	47
5.16	1	1	517	1	1	28	4395	0	0	47
5.161	1	1	517	2	1	28	4395	0	0	47
5.162	1	1	517	3	1	28	4395	0	0	47
5.163	1	1	517	4	1	28	4395	0	0	47
5.164	1	1	517	5	1	28	4395	0	0	47
5.165	1	1	517	6	1	28	4395	0	0	47
5.166	1	1	517	7	1	28	4395	0	0	47
5.167	1	1	517	8	1	28	4395	0	0	47
5.2	1	1	521	1	1	28	4395	0	0	47
5.201	1	1	521	2	1	28	4395	0	0	47
5.202	1	1	521	3	1	28	4395	0	0	47
5.203	1	1	521	4	1	28	4395	0	0	47
5.204	1	1	521	5	1	28	4395	0	0	47
5.205	1	1	521	6	1	28	4395	0	0	47
5.206	1	1	521	7	1	28	4395	0	0	47
5.207	1	1	521	8	1	28	4395	0	0	47
5.208	1	1	521	9	1	28	4395	0	0	47
5.209	1	1	521	10	1	28	4395	0	0	47
5.21	1	1	522	1	1	28	4395	0	0	47
5.211	1	1	522	2	1	28	4395	0	0	47
5.212	1	1	522	3	1	28	4395	0	0	47
5.213	1	1	522	4	1	28	4395	0	0	47
5.214	1	1	522	5	1	28	4395	0	0	47
5.247	1	1	525	8	1	28	4395	0	0	47
5.248	1	1	525	9	1	28	4395	0	0	47
5.249	1	1	525	10	1	28	4395	0	0	47
5.25	1	1	526	1	1	28	4395	0	0	47
5.251	1	1	526	2	1	28	4395	0	0	47
5.252	1	1	526	3	1	28	4395	0	0	47
5.253	1	1	526	4	1	28	4395	0	0	47
5.254	1	1	526	5	1	28	4395	0	0	47
5.255	1	1	526	6	1	28	4395	0	0	47
5.256	1	1	526	7	1	28	4395	0	0	47
5.257	1	1	526	8	1	28	4395	0	0	47
5.258	1	1	526	9	1	28	4395	0	0	47
5.259	1	1	526	10	1	28	4395	0	0	47
5.26	1	1	527	1	1	28	4395	0	0	47
5.261	1	1	527	2	1	28	4395	0	0	47
5.294	1	1	530	5	1	28	4395	0	0	47
5.295	1	1	530	6	1	28	4395	0	0	47
5.296	1	1	530	7	1	28	4395	0	0	47
5.297	1	1	530	8	1	28	4395	0	0	47
5.298	1	1	530	9	1	28	4395	0	0	47
5.299	1	1	530	10	1	28	4395	0	0	47
5.3	1	1	531	1	1	28	4395	0	0	47
5.301	1	1	531	2	1	28	4395	0	0	47
5.302	1	1	531	3	1	28	4395	0	0	47
5.303	1	1	531	4	1	28	4395	0	0	47
5.304	1	1	531	5	1	28	4395	0	0	47
5.305	1	1	531	6	1	28	4395	0	0	47
5.306	1	1	531	7	1	28	4395	0	0	47
5.307	1	1	531	8	1	28	4395	0	0	47
5.308	1	1	531	9	1	28	4395	0	0	47
5.341	1	1	535	2	1	28	4395	0	0	47
5.342	1	1	535	3	1	28	4395	0	0	47
5.343	1	1	535	4	1	28	4395	0	0	47
5.344	1	1	535	5	1	28	4395	0	0	47
5.345	1	1	535	6	1	28	4395	0	0	47
5.346	1	1	535	7	1	28	4395	0	0	47
5.347	1	1	535	8	1	28	4395	0	0	47
5.348	1	1	535	9	1	28	4395	0	0	47
5.349	1	1	535	10	1	28	4395	0	0	47
5.35	1	1	536	1	1	28	4395	0	0	47
5.351	1	1	536	2	1	28	4395	0	0	47
5.352	1	1	536	3	1	28	4395	0	0	47
5.353	1	1	536	4	1	28	4395	0	0	47
5.354	1	1	536	5	1	28	4395	0	0	47
5.355	1	1	536	6	1	28	4395	0	0	47
5.388	1	1	539	9	1	28	4395	0	0	47
5.389	1	1	539	10	1	28	4395	0	0	47
5.39	1	1	540	1	1	28	4395	0	0	47
5.391	1	1	540	2	1	28	4395	0	0	47
5.392	1	1	540	3	1	28	4395	0	0	47
5.393	1	1	540	4	1	28	4395	0	0	47
5.394	1	1	540	5	1	28	4395	0	0	47
5.395	1	1	540	6	1	28	4395	0	0	47
5.396	1	1	540	7	1	28	4395	0	0	47
5.397	1	1	540	8	1	28	4395	0	0	47
5.398	1	1	540	9	1	28	4395	0	0	47
5.399	1	1	540	10	1	28	4395	0	0	47
5.4	1	1	541	1	1	28	4395	0	0	47
5.401	1	1	541	2	1	28	4395	0	0	47
5.402	1	1	541	3	1	28	4395	0	0	47
5.435	1	1	544	6	1	28	4395	0	0	47
5.436	1	1	544	7	1	28	4395	0	0	47
5.437	1	1	544	8	1	28	4395	0	0	47
5.438	1	1	544	9	1	28	4395	0	0	47
5.439	1	1	544	10	1	28	4395	0	0	47
5.44	1	1	545	1	1	28	4395	0	0	47
5.441	1	1	545	2	1	28	4395	0	0	47
5.442	1	1	545	3	1	28	4395	0	0	47
5.443	1	1	545	4	1	28	4395	0	0	47
5.444	1	1	545	5	1	28	4395	0	0	47
5.445	1	1	545	6	1	28	4395	0	0	47
5.446	1	1	545	7	1	28	4395	0	0	47
5.447	1	1	545	8	1	28	4395	0	0	47
5.448	1	1	545	9	1	28	4395	0	0	47
5.449	1	1	545	10	1	28	4395	0	0	47
5.482	1	1	549	3	1	28	4395	0	0	47
5.483	1	1	549	4	1	28	4395	0	0	47
5.484	1	1	549	5	1	28	4395	0	0	47
5.485	1	1	549	6	1	28	4395	0	0	47
5.486	1	1	549	7	1	28	4395	0	0	47
5.487	1	1	549	8	1	28	4395	0	0	47
5.488	1	1	549	9	1	28	4395	0	0	47
5.489	1	1	549	10	1	28	4395	0	0	47
5.49	1	1	550	1	1	28	4395	0	0	47
5.491	1	1	550	2	1	28	4395	0	0	47
5.492	1	1	550	3	1	28	4395	0	0	47
5.493	1	1	550	4	1	28	4395	0	0	47
5.494	1	1	550	5	1	28	4395	0	0	47
5.495	1	1	550	6	1	28	4395	0	0	47
5.496	1	1	550	7	1	28	4395	0	0	47
5.529	1	1	553	10	1	28	4395	0	0	47
5.53	1	1	554	1	1	28	4395	0	0	47
5.531	1	1	554	2	1	28	4395	0	0	47
5.532	1	1	554	3	1	28	4395	0	0	47
5.533	1	1	554	4	1	28	4395	0	0	47
5.534	1	1	554	5	1	28	4395	0	0	47
5.535	1	1	554	6	1	28	4395	0	0	47
5.536	1	1	554	7	1	28	4395	0	0	47
5.537	1	1	554	8	1	28	4395	0	0	47
5.538	1	1	554	9	1	28	4395	0	0	47
5.539	1	1	554	10	1	28	4395	0	0	47
5.54	1	1	555	1	1	28	4395	0	0	47
5.541	1	1	555	2	1	28	4395	0	0	47
5.542	1	1	555	3	1	28	4395	0	0	47
5.543	1	1	555	4	1	28	4395	0	0	47
5.576	1	1	558	7	1	28	4395	0	0	47
5.577	1	1	558	8	1	28	4395	0	0	47
5.578	1	1	558	9	1	28	4395	0	0	47
5.579	1	1	558	10	1	28	4395	0	0	47
5.58	1	1	559	1	1	28	4395	0	0	47
5.581	1	1	559	2	1	28	4395	0	0	47
5.582	1	1	559	3	1	28	4395	0	0	47
5.583	1	1	559	4	1	28	4395	0	0	47
5.584	1	1	559	5	1	28	4395	0	0	47
5.585	1	1	559	6	1	28	4395	0	0	47
5.586	1	1	559	7	1	28	4395	0	0	47
5.587	1	1	559	8	1	28	4395	0	0	47
5.588	1	1	559	9	1	28	4395	0	0	47
5.589	1	1	559	10	1	28	4395	0	0	47
5.59	1	1	560	1	1	28	4395	0	0	47
5.623	1	1	563	4	1	28	4395	0	0	47
5.624	1	1	563	5	1	28	4395	0	0	47
5.625	1	1	563	6	1	28	4395	0	0	47
5.626	1	1	563	7	1	28	4395	0	0	47
5.627	1	1	563	8	1	28	4395	0	0	47
5.628	1	1	563	9	1	28	4395	0	0	47
5.629	1	1	563	10	1	28	4395	0	0	47
5.63	1	1	564	1	1	28	4395	0	0	47
5.631	1	1	564	2	1	28	4395	0	0	47
5.632	1	1	564	3	1	28	4395	0	0	47
5.633	1	1	564	4	1	28	4395	0	0	47
5.634	1	1	564	5	1	28	4395	0	0	47
5.635	1	1	564	6	1	28	4395	0	0	47
5.636	1	1	564	7	1	28	4395	0	0	47
5.637	1	1	564	8	1	28	4395	0	0	47
5.67	1	1	568	1	1	28	4395	0	0	47
5.671	1	1	568	2	1	28	4395	0	0	47
5.672	1	1	568	3	1	28	4395	0	0	47
5.673	1	1	568	4	1	28	4395	0	0	47
5.674	1	1	568	5	1	28	4395	0	0	47
5.675	1	1	568	6	1	28	4395	0	0	47
5.676	1	1	568	7	1	28	4395	0	0	47
5.677	1	1	568	8	1	28	4395	0	0	47
5.678	1	1	568	9	1	28	4395	0	0	47
5.679	1	1	568	10	1	28	4395	0	0	47
5.68	1	1	569	1	1	28	4395	0	0	47
5.681	1	1	569	2	1	28	4395	0	0	47
5.682	1	1	569	3	1	28	4395	0	0	47
5.683	1	1	569	4	1	28	4395	0	0	47
5.684	1	1	569	5	1	28	4395	0	0	47
5.717	1	1	572	8	1	28	4395	0	0	47
5.718	1	1	572	9	1	28	4395	0	0	47
5.719	1	1	572	10	1	28	4395	0	0	47
5.72	1	1	573	1	1	28	4395	0	0	47
5.721	1	1	573	2	1	28	4395	0	0	47
5.722	1	1	573	3	1	28	4395	0	0	47
5.723	1	1	573	4	1	28	4395	0	0	47
5.724	1	1	573	5	1	28	4395	0	0	47
5.725	1	1	573	6	1	28	4395	0	0	47
5.726	1	1	573	7	1	28	4395	0	0	47
5.727	1	1	573	8	1	28	4395	0	0	47
5.728	1	1	573	9	1	28	4395	0	0	47
5.729	1	1	573	10	1	28	4395	0	0	47
5.73	1	1	574	1	1	28	4395	0	0	47
5.731	1	1	574	2	1	28	4395	0	0	47
5.764	1	1	577	5	1	28	4395	0	0	47
5.765	1	1	577	6	1	28	4395	0	0	47
5.766	1	1	577	7	1	28	4395	0	0	47
5.767	1	1	577	8	1	28	4395	0	0	47
5.768	1	1	577	9	1	28	4395	0	0	47
5.769	1	1	577	10	1	28	4395	0	0	47
5.77	1	1	578	1	1	28	4395	0	0	47
5.771	1	1	578	2	1	28	4395	0	0	47
5.772	1	1	578	3	1	28	4395	0	0	47
5.773	1	1	578	4	1	28	4395	0	0	47
5.774	1	1	578	5	1	28	4395	0	0	47
5.775	1	1	578	6	1	28	4395	0	0	47
5.776	1	1	578	7	1	28	4395	0	0	47
5.777	1	1	578	8	1	28	4395	0	0	47
5.778	1	1	578	9	1	28	4395	0	0	47
5.811	1	1	582	2	1	28	4395	0	0	47
5.812	1	1	582	3	1	28	4395	0	0	47
5.813	1	1	582	4	1	28	4395	0	0	47
5.814	1	1	582	5	1	28	4395	0	0	47
5.815	1	1	582	6	1	28	4395	0	0	47
5.816	1	1	582	7	1	28	4395	0	0	47
5.817	1	1	582	8	1	28	4395	0	0	47
5.818	1	1	582	9	1	28	4395	0	0	47
5.819	1	1	582	10	1	28	4395	0	0	47
5.82	1	1	583	1	1	28	4395	0	0	47
5.821	1	1	583	2	1	28	4395	0	0	47
5.822	1	1	583	3	1	28	4395	0	0	47
5.823	1	1	583	4	1	28	4395	0	0	47
5.824	1	1	583	5	1	28	4395	0	0	47
5.825	1	1	583	6	1	28	4395	0	0	47
5.858	1	1	586	9	1	28	4395	0	0	47
5.859	1	1	586	10	1	28	4395	0	0	47
5.86	1	1	587	1	1	28	4395	0	0	47
5.861	1	1	587	2	1	28	4395	0	0	47
5.862	1	1	587	3	1	28	4395	0	0	47
5.863	1	1	587	4	1	28	4395	0	0	47
5.864	1	1	587	5	1	28	4395	0	0	47
5.865	1	1	587	6	1	28	4395	0	0	47
5.866	1	1	587	7	1	28	4395	0	0	47
5.867	1	1	587	8	1	28	4395	0	0	47
5.868	1	1	587	9	1	28	4395	0	0	47
5.869	1	1	587	10	1	28	4395	0	0	47
5.87	1	1	588	1	1	28	4395	0	0	47
5.871	1	1	588	2	1	28	4395	0	0	47
5.872	1	1	588	3	1	28	4395	0	0	47
5.905	1	1	591	6	1	28	4395	0	0	47
5.906	1	1	591	7	1	28	4395	0	0	47
5.907	1	1	591	8	1	28	4395	0	0	47
5.908	1	1	591	9	1	28	4395	0	0	47
5.909	1	1	591	10	1	28	4395	0	0	47
5.91	1	1	592	1	1	28	4395	0	0	47
5.911	1	1	592	2	1	28	4395	0	0	47
5.912	1	1	592	3	1	28	4395	0	0	47
5.913	1	1	592	4	1	28	4395	0	0	47
5.914	1	1	592	5	1	28	4395	0	0	47
5.915	1	1	592	6	1	28	4395	0	0	47
5.916	1	1	592	7	1	28	4395	0	0	47
5.917	1	1	592	8	1	28	4395	0	0	47
5.918	1	1	592	9	1	28	4395	0	0	47
5.919	1	1	592	10	1	28	4395	0	0	47
5.952	1	1	596	3	1	28	4395	0	0	47
5.953	1	1	596	4	1	28	4395	0	0	47
5.954	1	1	596	5	1	28	4395	0	0	47
5.955	1	1	596	6	1	28	4395	0	0	47
5.956	1	1	596	7	1	28	4395	0	0	47
5.957	1	1	596	8	1	28	4395	0	0	47
5.958	1	1	596	9	1	28	4395	0	0	47
5.959	1	1	596	10	1	28	4395	0	0	47
5.96	1	1	597	1	1	28	4395	0	0	47
5.961	1	1	597	2	1	28	4395	0	0	47
5.962	1	1	597	3	1	28	4395	0	0	47
5.963	1	1	597	4	1	28	4395	0	0	47
5.964	1	1	597	5	1	28	4395	0	0	47
5.965	1	1	597	6	1	28	4395	0	0	47
5.966	1	1	597	7	1	28	4395	0	0	47
5.999	1	1	600	10	1	28	4395	0	0	47
6	1	1	601	1	1	28	4395	0	0	47
6.001	1	1	601	2	1	28	4395	0	0	47
6.002	1	1	601	3	1	28	4395	0	0	47
6.003	1	1	601	4	1	28	4395	0	0	47
6.004	1	1	601	5	1	28	4395	0	0	47
6.005	1	1	601	6	1	28	4395	0	0	47
6.006	1	1	601	7	1	28	4395	0	0	47
6.007	1	1	601	8	1	28	4395	0	0	47
6.008	1	1	601	9	1	28	4395	0	0	47
6.009	1	1	601	10	1	28	4395	0	0	47
6.01	1	1	602	1	1	28	4395	0	0	47
6.011	1	1	602	2	1	28	4395	0	0	47
6.012	1	1	602	3	1	28	4395	0	0	47
6.013	1	1	602	4	1	28	4395	0	0	47
6.046	1	1	605	7	1	28	4395	0	0	47
6.047	1	1	605	8	1	28	4395	0	0	47
6.048	1	1	605	9	1	28	4395	0	0	47
6.049	1	1	605	10	1	28	4395	0	0	47
6.05	1	1	606	1	1	28	4395	0	0	47
6.051	1	1	606	2	1	28	4395	0	0	47
6.052	1	1	606	3	1	28	4395	0	0	47
6.053	1	1	606	4	1	28	4395	0	0	47
6.054	1	1	606	5	1	28	4395	0	0	47
6.055	1	1	606	6	1	28	4395	0	0	47
6.056	1	1	606	7	1	28	4395	0	0	47
6.057	1	1	606	8	1	28	4395	0	0	47
6.058	1	1	606	9	1	28	4395	0	0	47
6.059	1	1	606	10	1	28	4395	0	0	47
6.06	1	1	607	1	1	28	4395	0	0	47
6.093	1	1	610	4	1	28	4395	0	0	47
6.094	1	1	610	5	1	28	4395	0	0	47
6.095	1	1	610	6	1	28	4395	0	0	47
6.096	1	1	610	7	1	28	4395	0	0	47
6.097	1	1	610	8	1	28	4395	0	0	47
6.098	1	1	610	9	1	28	4395	0	0	47
6.099	1	1	610	10	1	28	4395	0	0	47
6.1	1	1	611	1	1	28	4395	0	0	47
6.101	1	1	611	2	1	28	4395	0	0	47
6.102	1	1	611	3	1	28	4395	0	0	47
6.103	1	1	611	4	1	28	4395	0	0	47
6.104	1	1	611	5	1	28	4395	0	0	47
6.105	1	1	611	6	1	28	4395	0	0	47
6.106	1	1	611	7	1	28	4395	0	0	47
6.107	1	1	611	8	1	28	4395	0	0	47
6.14	1	1	615	1	1	28	4395	0	0	47
6.141	1	1	615	2	1	28	4395	0	0	47
6.142	1	1	615	3	1	28	4395	0	0	47
6.143	1	1	615	4	1	28	4395	0	0	47
6.144	1	1	615	5	1	28	4395	0	0	47
6.145	1	1	615	6	1	28	4395	0	0	47
6.146	1	1	615	7	1	28	4395	0	0	47
6.147	1	1	615	8	1	28	4395	0	0	47
6.148	1	1	615	9	1	28	4395	0	0	47
6.149	1	1	615	10	1	28	4395	0	0	47
6.15	1	1	616	1	1	28	4395	0	0	47
6.151	1	1	616	2	1	28	4395	0	0	47
6.152	1	1	616	3	1	28	4395	0	0	47
6.153	1	1	616	4	1	28	4395	0	0	47
6.154	1	1	616	5	1	28	4395	0	0	47
6.187	1	1	619	8	1	28	4395	0	0	47
6.188	1	1	619	9	1	28	4395	0	0	47
6.189	1	1	619	10	1	28	4395	0	0	47
6.19	1	1	620	1	1	28	4395	0	0	47
6.191	1	1	620	2	1	28	4395	0	0	47
6.192	1	1	620	3	1	28	4395	0	0	47
6.193	1	1	620	4	1	28	4395	0	0	47
6.194	1	1	620	5	1	28	4395	0	0	47
6.195	1	1	620	6	1	28	4395	0	0	47
6.196	1	1	620	7	1	28	4395	0	0	47
6.197	1	1	620	8	1	28	4395	0	0	47
6.198	1	1	620	9	1	28	4395	0	0	47
6.199	1	1	620	10	1	28	4395	0	0	47
6.2	1	1	621	1	1	28	4395	0	0	47
6.201	1	1	621	2	1	28	4395	0	0	47
6.234	1	1	624	5	1	28	4395	0	0	47
6.235	1	1	624	6	1	28	4395	0	0	47
6.236	1	1	624	7	1	28	4395	0	0	47
6.237	1	1	624	8	1	28	4395	0	0	47
6.238	1	1	624	9	1	28	4395	0	0	47
6.239	1	1	624	10	1	28	4395	0	0	47
6.24	1	1	625	1	1	28	4395	0	0	47
6.241	1	1	625	2	1	28	4395	0	0	47
6.242	1	1	625	3	1	28	4395	0	0	47
6.243	1	1	625	4	1	28	4395	0	0	47
6.244	1	1	625	5	1	28	4395	0	0	47
6.245	1	1	625	6	1	28	4395	0	0	47
6.246	1	1	625	7	1	28	4395	0	0	47
6.247	1	1	625	8	1	28	4395	0	0	47
6.248	1	1	625	9	1	28	4395	0	0	47
6.281	1	1	629	2	1	28	4395	0	0	47
6.282	1	1	629	3	1	28	4395	0	0	47
6.283	1	1	629	4	1	28	4395	0	0	47
6.284	1	1	629	5	1	28	4395	0	0	47
6.285	1	1	629	6	1	28	4395	0	0	47
6.286	1	1	629	7	1	28	4395	0	0	47
6.287	1	1	629	8	1	28	4395	0	0	47
6.288	1	1	629	9	1	28	4395	0	0	47
6.289	1	1	629	10	1	28	4395	0	0	47
6.29	1	1	630	1	1	28	4395	0	0	47
6.291	1	1	630	2	1	28	4395	0	0	47
6.292	1	1	630	3	1	28	4395	0	0	47
6.293	1	1	630	4	1	28	4395	0	0	47
6.294	1	1	630	5	1	28	4395	0	0	47
6.295	1	1	630	6	1	28	4395	0	0	47
6.328	1	1	633	9	1	28	4395	0	0	47
6.329	1	1	633	10	1	28	4395	0	0	47
6.33	1	1	634	1	1	28	4395	0	0	47
6.331	1	1	634	2	1	28	4395	0	0	47
6.332	1	1	634	3	1	28	4395	0	0	47
6.333	1	1	634	4	1	28	4395	0	0	47
6.334	1	1	634	5	1	28	4395	0	0	47
6.335	1	1	634	6	1	28	4395	0	0	47
6.336	1	1	634	7	1	28	4395	0	0	47
6.337	1	1	634	8	1	28	4395	0	0	47
6.338	1	1	634	9	1	28	4395	0	0	47
6.339	1	1	634	10	1	28	4395	0	0	47
6.34	1	1	635	1	1	28	4395	0	0	47
6.341	1	1	635	2	1	28	4395	0	0	47
6.342	1	1	635	3	1	28	4395	0	0	47
6.375	1	1	638	6	1	28	4395	0	0	47
6.376	1	1	638	7	1	28	4395	0	0	47
6.377	1	1	638	8	1	28	4395	0	0	47
6.378	1	1	638	9	1	28	4395	0	0	47
6.379	1	1	638	10	1	28	4395	0	0	47
6.38	1	1	639	1	1	28	4395	0	0	47
6.381	1	1	639	2	1	28	4395	0	0	47
6.382	1	1	639	3	1	28	4395	0	0	47
6.383	1	1	639	4	1	28	4395	0	0	47
6.384	1	1	639	5	1	28	4395	0	0	47
6.385	1	1	639	6	1	28	4395	0	0	47
6.386	1	1	639	7	1	28	4395	0	0	47
6.387	1	1	639	8	1	28	4395	0	0	47
6.388	1	1	639	9	1	28	4395	0	0	47
6.389	1	1	639	10	1	28	4395	0	0	47
6.422	1	1	643	3	1	28	4395	0	0	47
6.423	1	1	643	4	1	28	4395	0	0	47
6.424	1	1	643	5	1	28	4395	0	0	47
6.425	1	1	643	6	1	28	4395	0	0	47
6.426	1	1	643	7	1	28	4395	0	0	47
6.427	1	1	643	8	1	28	4395	0	0	47
6.428	1	1	643	9	1	28	4395	0	0	47
6.429	1	1	643	10	1	28	4395	0	0	47
6.43	1	1	644	1	1	28	4395	0	0	47
6.431	1	1	644	2	1	28	4395	0	0	47
6.432	1	1	644	3	1	28	4395	0	0	47
6.433	1	1	644	4	1	28	4395	0	0	47
6.434	1	1	644	5	1	28	4395	0	0	47
6.435	1	1	644	6	1	28	4395	0	0	47
6.436	1	1	644	7	1	28	4395	0	0	47
6.469	1	1	647	10	1	28	4395	0	0	47
6.47	1	1	648	1	1	28	4395	0	0	47
6.471	1	1	648	2	1	28	4395	0	0	47
6.472	1	1	648	3	1	28	4395	0	0	47
6.473	1	1	648	4	1	28	4395	0	0	47
6.474	1	1	648	5	1	28	4395	0	0	47
6.475	1	1	648	6	1	28	4395	0	0	47
6.476	1	1	648	7	1	28	4395	0	0	47
6.477	1	1	648	8	1	28	4395	0	0	47
6.478	1	1	648	9	1	28	4395	0	0	47
6.479	1	1	648	10	1	28	4395	0	0	47
6.48	1	1	649	1	1	28	4395	0	0	47
6.481	1	1	649	2	1	28	4395	0	0	47
6.482	1	1	649	3	1	28	4395	0	0	47
6.483	1	1	649	4	1	28	4395	0	0	47
6.516	1	1	652	7	1	28	4395	0	0	47
6.517	1	1	652	8	1	28	4395	0	0	47
6.518	1	1	652	9	1	28	4395	0	0	47
6.519	1	1	652	10	1	28	4395	0	0	47
6.52	1	1	653	1	1	28	4395	0	0	47
6.521	1	1	653	2	1	28	4395	0	0	47
6.522	1	1	653	3	1	28	4395	0	0	47
6.523	1	1	653	4	1	28	4395	0	0	47
6.524	1	1	653	5	1	28	4395	0	0	47
6.525	1	1	653	6	1	28	4395	0	0	47
6.526	1	1	653	7	1	28	4395	0	0	47
6.527	1	1	653	8	1	28	4395	0	0	47
6.528	1	1	653	9	1	28	4395	0	0	47
6.529	1	1	653	10	1	28	4395	0	0	47
6.53	1	1	654	1	1	28	4395	0	0	47
6.563	1	1	657	4	1	28	4395	0	0	47
6.564	1	1	657	5	1	28	4395	0	0	47
6.565	1	1	657	6	1	28	4395	0	0	47
6.566	1	1	657	7	1	28	4395	0	0	47
6.567	1	1	657	8	1	28	4395	0	0	47
6.568	1	1	657	9	1	28	4395	0	0	47
6.569	1	1	657	10	1	28	4395	0	0	47
6.57	1	1	658	1	1	28	4395	0	0	47
6.571	1	1	658	2	1	28	4395	0	0	47
6.572	1	1	658	3	1	28	4395	0	0	47
6.573	1	1	658	4	1	28	4395	0	0	47
6.574	1	1	658	5	1	28	4395	0	0	47
6.575	1	1	658	6	1	28	4395	0	0	47
6.576	1	1	658	7	1	28	4395	0	0	47
6.577	1	1	658	8	1	28	4395	0	0	47
6.61	1	1	662	1	1	28	4395	0	0	47
6.611	1	1	662	2	1	28	4395	0	0	47
6.612	1	1	662	3	1	28	4395	0	0	47
6.613	1	1	662	4	1	28	4395	0	0	47
6.614	1	1	662	5	1	28	4395	0	0	47
6.615	1	1	662	6	1	28	4395	0	0	47
6.616	1	1	662	7	1	28	4395	0	0	47
6.617	1	1	662	8	1	28	4395	0	0	47
6.618	1	1	662	9	1	28	4395	0	0	47
6.619	1	1	662	10	1	28	4395	0	0	47
6.62	1	1	663	1	1	28	4395	0	0	47
6.621	1	1	663	2	1	28	4395	0	0	47
6.622	1	1	663	3	1	28	4395	0	0	47
6.623	1	1	663	4	1	28	4395	0	0	47
6.624	1	1	663	5	1	28	4395	0	0	47
6.657	1	1	666	8	1	28	4395	0	0	47
6.658	1	1	666	9	1	28	4395	0	0	47
6.659	1	1	666	10	1	28	4395	0	0	47
6.66	1	1	667	1	1	28	4395	0	0	47
6.661	1	1	667	2	1	28	4395	0	0	47
6.662	1	1	667	3	1	28	4395	0	0	47
6.663	1	1	667	4	1	28	4395	0	0	47
6.664	1	1	667	5	1	28	4395	0	0	47
6.665	1	1	667	6	1	28	4395	0	0	47
6.666	1	1	667	7	1	28	4395	0	0	47
6.667	1	1	667	8	1	28	4395	0	0	47
6.668	1	1	667	9	1	28	4395	0	0	47
6.669	1	1	667	10	1	28	4395	0	0	47
6.67	1	1	668	1	1	28	4395	0	0	47
6.671	1	1	668	2	1	28	4395	0	0	47
6.704	1	1	671	5	1	28	4395	0	0	47
6.705	1	1	671	6	1	28	4395	0	0	47
6.706	1	1	671	7	1	28	4395	0	0	47
6.707	1	1	671	8	1	28	4395	0	0	47
6.708	1	1	671	9	1	28	4395	0	0	47
6.709	1	1	671	10	1	28	4395	0	0	47
6.71	1	1	672	1	1	28	4395	0	0	47
6.711	1	1	672	2	1	28	4395	0	0	47
6.712	1	1	672	3	1	28	4395	0	0	47
6.713	1	1	672	4	1	28	4395	0	0	47
6.714	1	1	672	5	1	28	4395	0	0	47
6.715	1	1	672	6	1	28	4395	0	0	47
6.716	1	1	672	7	1	28	4395	0	0	47
6.717	1	1	672	8	1	28	4395	0	0	47
6.718	1	1	672	9	1	28	4395	0	0	47
6.751	1	1	676	2	1	28	4395	0	0	47
6.752	1	1	676	3	1	28	4395	0	0	47
6.753	1	1	676	4	1	28	4395	0	0	47
6.754	1	1	676	5	1	28	4395	0	0	47
6.755	1	1	676	6	1	28	4395	0	0	47
6.756	1	1	676	7	1	28	4395	0	0	47
6.757	1	1	676	8	1	28	4395	0	0	47
6.758	1	1	676	9	1	28	4395	0	0	47
6.759	1	1	676	10	1	28	4395	0	0	47
6.76	1	1	677	1	1	28	4395	0	0	47
6.761	1	1	677	2	1	28	4395	0	0	47
6.762	1	1	677	3	1	28	4395	0	0	47
6.763	1	1	677	4	1	28	4395	0	0	47
6.764	1	1	677	5	1	28	4395	0	0	47
6.765	1	1	677	6	1	28	4395	0	0	47
6.798	1	1	680	9	1	28	4395	0	0	47
6.799	1	1	680	10	1	28	4395	0	0	47
6.8	1	1	681	1	1	28	4395	0	0	47
6.801	1	1	681	2	1	28	4395	0	0	47
6.802	1	1	681	3	1	28	4395	0	0	47
6.803	1	1	681	4	1	28	4395	0	0	47
6.804	1	1	681	5	1	28	4395	0	0	47
6.805	1	1	681	6	1	28	4395	0	0	47
6.806	1	1	681	7	1	28	4395	0	0	47
6.807	1	1	681	8	1	28	4395	0	0	47
6.808	1	1	681	9	1	28	4395	0	0	47
6.809	1	1	681	10	1	28	4395	0	0	47
6.81	1	1	682	1	1	28	4395	0	0	47
6.811	1	1	682	2	1	28	4395	0	0	47
6.812	1	1	682	3	1	28	4395	0	0	47
6.845	1	1	685	6	1	28	4395	0	0	47
6.846	1	1	685	7	1	28	4395	0	0	47
6.847	1	1	685	8	1	28	4395	0	0	47
6.848	1	1	685	9	1	28	4395	0	0	47
6.849	1	1	685	10	1	28	4395	0	0	47
6.85	1	1	686	1	1	28	4395	0	0	47
6.851	1	1	686	2	1	28	4395	0	0	47
6.852	1	1	686	3	1	28	4395	0	0	47
6.853	1	1	686	4	1	28	4395	0	0	47
6.854	1	1	686	5	1	28	4395	0	0	47
6.855	1	1	686	6	1	28	4395	0	0	47
6.856	1	1	686	7	1	28	4395	0	0	47
6.857	1	1	686	8	1	28	4395	0	0	47
6.858	1	1	686	9	1	28	4395	0	0	47
6.859	1	1	686	10	1	28	4395	0	0	47
6.892	1	1	690	3	1	28	4395	0	0	47
6.893	1	1	690	4	1	28	4395	0	0	47
6.894	1	1	690	5	1	28	4395	0	0	47
6.895	1	1	690	6	1	28	4395	0	0	47
6.896	1	1	690	7	1	28	4395	0	0	47
6.897	1	1	690	8	1	28	4395	0	0	47
6.898	1	1	690	9	1	28	4395	0	0	47
6.899	1	1	690	10	1	28	4395	0	0	47
6.9	1	1	691	1	1	28	4395	0	0	47
6.901	1	1	691	2	1	28	4395	0	0	47
6.902	1	1	691	3	1	28	4395	0	0	47
6.903	1	1	691	4	1	28	4395	0	0	47
6.904	1	1	691	5	1	28	4395	0	0	47
6.905	1	1	691	6	1	28	4395	0	0	47
6.906	1	1	691	7	1	28	4395	0	0	47
6.939	1	1	694	10	1	28	4395	0	0	47
6.94	1	1	695	1	1	28	4395	0	0	47
6.941	1	1	695	2	1	28	4395	0	0	47
6.942	1	1	695	3	1	28	4395	0	0	47
6.943	1	1	695	4	1	28	4395	0	0	47
6.944	1	1	695	5	1	28	4395	0	0	47
6.945	1	1	695	6	1	28	4395	0	0	47
6.946	1	1	695	7	1	28	4395	0	0	47
6.947	1	1	695	8	1	28	4395	0	0	47
6.948	1	1	695	9	1	28	4395	0	0	47
6.949	1	1	695	10	1	28	4395	0	0	47
6.95	1	1	696	1	1	28	4395	0	0	47
6.951	1	1	696	2	1	28	4395	0	0	47
6.952	1	1	696	3	1	28	4395	0	0	47
6.953	1	1	696	4	1	28	4395	0	0	47
6.986	1	1	699	7	1	28	4395	0	0	47
6.987	1	1	699	8	1	28	4395	0	0	47
6.988	1	1	699	9	1	28	4395	0	0	47
6.989	1	1	699	10	1	28	4395	0	0	47
6.99	1	1	700	1	1	28	4395	0	0	47
6.991	1	1	700	2	1	28	4395	0	0	47
6.992	1	1	700	3	1	28	4395	0	0	47
6.993	1	1	700	4	1	28	4395	0	0	47
6.994	1	1	700	5	1	28	4395	0	0	47
6.995	1	1	700	6	1	28	4395	0	0	47
6.996	1	1	700	7	1	28	4395	0	0	47
6.997	1	1	700	8	1	28	4395	0	0	47
6.998	1	1	700	9	1	28	4395	0	0	47
6.999	1	1	700	10	1	28	4395	0	0	47
7	1	1	701	1	1	28	4395	0	0	47
7.033	1	1	704	4	1	28	4395	0	0	47
7.034	1	1	704	5	1	28	4395	0	0	47
7.035	1	1	704	6	1	28	4395	0	0	47
7.036	1	1	704	7	1	28	4395	0	0	47
7.037	1	1	704	8	1	28	4395	0	0	47
7.038	1	1	704	9	1	28	4395	0	0	47
7.039	1	1	704	10	1	28	4395	0	0	47
7.04	1	1	705	1	1	28	4395	0	0	47
7.041	1	1	705	2	1	28	4395	0	0	47
7.042	1	1	705	3	1	28	4395	0	0	47
7.043	1	1	705	4	1	28	4395	0	0	47
7.044	1	1	705	5	1	28	4395	0	0	47
7.045	1	1	705	6	1	28	4395	0	0	47
7.046	1	1	705	7	1	28	4395	0	0	47
7.047	1	1	705	8	1	28	4395	0	0	47
7.08	1	1	709	1	1	28	4395	0	0	47
7.081	1	1	709	2	1	28	4395	0	0	47
7.082	1	1	709	3	1	28	4395	0	0	47
7.083	1	1	709	4	1	28	4395	0	0	47
7.084	1	1	709	5	1	28	4395	0	0	47
7.085	1	1	709	6	1	28	4395	0	0	47
7.086	1	1	709	7	1	28	4395	0	0	47
7.087	1	1	709	8	1	28	4395	0	0	47
7.088	1	1	709	9	1	28	4395	0	0	47
7.089	1	1	709	10	1	28	4395	0	0	47
7.09	1	1	710	1	1	28	4395	0	0	47
7.091	1	1	710	2	1	28	4395	0	0	47
7.092	1	1	710	3	1	28	4395	0	0	47
7.093	1	1	710	4	1	28	4395	0	0	47
7.094	1	1	710	5	1	28	4395	0	0	47
7.127	1	1	713	8	1	28	4395	0	0	47
7.128	1	1	713	9	1	28	4395	0	0	47
7.129	1	1	713	10	1	28	4395	0	0	47
7.13	1	1	714	1	1	28	4395	0	0	47
7.131	1	1	714	2	1	28	4395	0	0	47
7.132	1	1	714	3	1	28	4395	0	0	47
7.133	1	1	714	4	1	28	4395	0	0	47
7.134	1	1	714	5	1	28	4395	0	0	47
7.135	1	1	714	6	1	28	4395	0	0	47
7.136	1	1	714	7	1	28	4395	0	0	47
7.137	1	1	714	8	1	28	4395	0	0	47
7.138	1	1	714	9	1	28	4395	0	0	47
7.139	1	1	714	10	1	28	4395	0	0	47
7.14	1	1	715	1	1	28	4395	0	0	47
7.141	1	1	715	2	1	28	4395	0	0	47
7.174	1	1	718	5	1	28	4395	0	0	47
7.175	1	1	718	6	1	28	4395	0	0	47
7.176	1	1	718	7	1	28	4395	0	0	47
7.177	1	1	718	8	1	28	4395	0	0	47
7.178	1	1	718	9	1	28	4395	0	0	47
7.179	1	1	718	10	1	28	4395	0	0	47
7.18	1	1	719	1	1	28	4395	0	0	47
7.181	1	1	719	2	1	28	4395	0	0	47
7.182	1	1	719	3	1	28	4395	0	0	47
7.183	1	1	719	4	1	28	4395	0	0	47
7.184	1	1	719	5	1	28	4395	0	0	47
7.185	1	1	719	6	1	28	4395	0	0	47
7.186	1	1	719	7	1	28	4395	0	0	47
7.187	1	1	719	8	1	28	4395	0	0	47
7.188	1	1	719	9	1	28	4395	0	0	47
7.221	1	1	723	2	1	28	4395	0	0	47
7.222	1	1	723	3	1	28	4395	0	0	47
7.223	1	1	723	4	1	28	4395	0	0	47
7.224	1	1	723	5	1	28	4395	0	0	47
7.225	1	1	723	6	1	28	4395	0	0	47
7.226	1	1	723	7	1	28	4395	0	0	47
7.227	1	1	723	8	1	28	4395	0	0	47
7.228	1	1	723	9	1	28	4395	0	0	47
7.229	1	1	723	10	1	28	4395	0	0	47
7.23	1	1	724	1	1	28	4395	0	0	47
7.231	1	1	724	2	1	28	4395	0	0	47
7.232	1	1	724	3	1	28	4395	0	0	47
7.233	1	1	724	4	1	28	4395	0	0	47
7.234	1	1	724	5	1	28	4395	0	0	47
7.235	1	1	724	6	1	28	4395	0	0	47
7.268	1	1	727	9	1	28	4395	0	0	47
7.269	1	1	727	10	1	28	4395	0	0	47
7.27	1	1	728	1	1	28	4395	0	0	47
7.271	1	1	728	2	1	28	4395	0	0	47
7.272	1	1	728	3	1	28	4395	0	0	47
7.273	1	1	728	4	1	28	4395	0	0	47
7.274	1	1	728	5	1	28	4395	0	0	47
7.275	1	1	728	6	1	28	4395	0	0	47
7.276	1	1	728	7	1	28	4395	0	0	47
7.277	1	1	728	8	1	28	4395	0	0	47
7.278	1	1	728	9	1	28	4395	0	0	47
7.279	1	1	728	10	1	28	4395	0	0	47
7.28	1	1	729	1	1	28	4395	0	0	47
7.281	1	1	729	2	1	28	4395	0	0	47
7.282	1	1	729	3	1	28	4395	0	0	47
7.315	1	1	732	6	1	28	4395	0	0	47
7.316	1	1	732	7	1	28	4395	0	0	47
7.317	1	1	732	8	1	28	4395	0	0	47
7.318	1	1	732	9	1	28	4395	0	0	47
7.319	1	1	732	10	1	28	4395	0	0	47
7.32	1	1	733	1	1	28	4395	0	0	47
7.321	1	1	733	2	1	28	4395	0	0	47
7.322	1	1	733	3	1	28	4395	0	0	47
7.323	1	1	733	4	1	28	4395	0	0	47
7.324	1	1	733	5	1	28	4395	0	0	47
7.325	1	1	733	6	1	28	4395	0	0	47
7.326	1	1	733	7	1	28	4395	0	0	47
7.327	1	1	733	8	1	28	4395	0	0	47
7.328	1	1	733	9	1	28	4395	0	0	47
7.329	1	1	733	10	1	28	4395	0	0	47
7.362	1	1	737	3	1	28	4395	0	0	47
7.363	1	1	737	4	1	28	4395	0	0	47
7.364	1	1	737	5	1	28	4395	0	0	47
7.365	1	1	737	6	1	28	4395	0	0	47
7.366	1	1	737	7	1	28	4395	0	0	47
7.367	1	1	737	8	1	28	4395	0	0	47
7.368	1	1	737	9	1	28	4395	0	0	47
7.369	1	1	737	10	1	28	4395	0	0	47
7.37	1	1	738	1	1	28	4395	0	0	47
7.371	1	1	738	2	1	28	4395	0	0	47
7.372	1	1	738	3	1	28	4395	0	0	47
7.373	1	1	738	4	1	28	4395	0	0	47
7.374	1	1	738	5	1	28	4395	0	0	47
7.375	1	1	738	6	1	28	4395	0	0	47
7.376	1	1	738	7	1	28	4395	0	0	47
7.409	1	1	741	10	1	28	4395	0	0	47
7.41	1	1	742	1	1	28	4395	0	0	47
7.411	1	1	742	2	1	28	4395	0	0	47
7.412	1	1	742	3	1	28	4395	0	0	47
7.413	1	1	742	4	1	28	4395	0	0	47
7.414	1	1	742	5	1	28	4395	0	0	47
7.415	1	1	742	6	1	28	4395	0	0	47
7.416	1	1	742	7	1	28	4395	0	0	47
7.417	1	1	742	8	1	28	4395	0	0	47
7.418	1	1	742	9	1	28	4395	0	0	47
7.419	1	1	742	10	1	28	4395	0	0	47
7.42	1	1	743	1	1	28	4395	0	0	47
7.421	1	1	743	2	1	28	4395	0	0	47
7.422	1	1	743	3	1	28	4395	0	0	47
7.423	1	1	743	4	1	28	4395	0	0	47
7.456	1	1	746	7	1	28	4395	0	0	47
7.457	1	1	746	8	1	28	4395	0	0	47
7.458	1	1	746	9	1	28	4395	0	0	47
7.459	1	1	746	10	1	28	4395	0	0	47
7.46	1	1	747	1	1	28	4395	0	0	47
7.461	1	1	747	2	1	28	4395	0	0	47
7.462	1	1	747	3	1	28	4395	0	0	47
7.463	1	1	747	4	1	28	4395	0	0	47
7.464	1	1	747	5	1	28	4395	0	0	47
7.465	1	1	747	6	1	28	4395	0	0	47
7.466	1	1	747	7	1	28	4395	0	0	47
7.467	1	1	747	8	1	28	4395	0	0	47
7.468	1	1	747	9	1	28	4395	0	0	47
7.469	1	1	747	10	1	28	4395	0	0	47
7.47	1	1	748	1	1	28	4395	0	0	47
7.503	1	1	751	4	1	28	4395	0	0	47
7.504	1	1	751	5	1	28	4395	0	0	47
7.505	1	1	751	6	1	28	4395	0	0	47
7.506	1	1	751	7	1	28	4395	0	0	47
7.507	1	1	751	8	1	28	4395	0	0	47
7.508	1	1	751	9	1	28	4395	0	0	47
7.509	1	1	751	10	1	28	4395	0	0	47
7.51	1	1	752	1	1	28	4395	0	0	47
7.511	1	1	752	2	1	28	4395	0	0	47
7.512	1	1	752	3	1	28	4395	0	0	47
7.513	1	1	752	4	1	28	4395	0	0	47
7.514	1	1	752	5	1	28	4395	0	0	47
7.515	1	1	752	6	1	28	4395	0	0	47
7.516	1	1	752	7	1	28	4395	0	0	47
7.517	1	1	752	8	1	28	4395	0	0	47
7.55	1	1	756	1	1	28	4395	0	0	47
7.551	1	1	756	2	1	28	4395	0	0	47
7.552	1	1	756	3	1	28	4395	0	0	47
7.553	1	1	756	4	1	28	4395	0	0	47
7.554	1	1	756	5	1	28	4395	0	0	47
7.555	1	1	756	6	1	28	4395	0	0	47
7.556	1	1	756	7	1	28	4395	0	0	47
7.557	1	1	756	8	1	28	4395	0	0	47
7.558	1	1	756	9	1	28	4395	0	0	47
7.559	1	1	756	10	1	28	4395	0	0	47
7.56	1	1	757	1	1	28	4395	0	0	47
7.561	1	1	757	2	1	28	4395	0	0	47
7.562	1	1	757	3	1	28	4395	0	0	47
7.563	1	1	757	4	1	28	4395	0	0	47
7.564	1	1	757	5	1	28	4395	0	0	47
7.597	1	1	760	8	1	28	4395	0	0	47
7.598	1	1	760	9	1	28	4395	0	0	47
7.599	1	1	760	10	1	28	4395	0	0	47
7.6	1	1	761	1	1	28	4395	0	0	47
7.601	1	1	761	2	1	28	4395	0	0	47
7.602	1	1	761	3	1	28	4395	0	0	47
7.603	1	1	761	4	1	28	4395	0	0	47
7.604	1	1	761	5	1	28	4395	0	0	47
7.605	1	1	761	6	1	28	4395	0	0	47
7.606	1	1	761	7	1	28	4395	0	0	47
7.607	1	1	761	8	1	28	4395	0	0	47
7.608	1	1	761	9	1	28	4395	0	0	47
7.609	1	1	761	10	1	28	4395	0	0	47
7.61	1	1	762	1	1	28	4395	0	0	47
7.611	1	1	762	2	1	28	4395	0	0	47
7.644	1	1	765	5	1	28	4395	0	0	47
7.645	1	1	765	6	1	28	4395	0	0	47
7.646	1	1	765	7	1	28	4395	0	0	47
7.647	1	1	765	8	1	28	4395	0	0	47
7.648	1	1	765	9	1	28	4395	0	0	47
7.649	1	1	765	10	1	28	4395	0	0	47
7.65	1	1	766	1	1	28	4395	0	0	47
7.651	1	1	766	2	1	28	4395	0	0	47
7.652	1	1	766	3	1	28	4395	0	0	47
7.653	1	1	766	4	1	28	4395	0	0	47
7.654	1	1	766	5	1	28	4395	0	0	47
7.655	1	1	766	6	1	28	4395	0	0	47
7.656	1	1	766	7	1	28	4395	0	0	47
7.657	1	1	766	8	1	28	4395	0	0	47
7.658	1	1	766	9	1	28	4395	0	0	47
7.691	1	1	770	2	1	28	4395	0	0	47
7.692	1	1	770	3	1	28	4395	0	0	47
7.693	1	1	770	4	1	28	4395	0	0	47
7.694	1	1	770	5	1	28	4395	0	0	47
7.695	1	1	770	6	1	28	4395	0	0	47
7.696	1	1	770	7	1	28	4395	0	0	47
7.697	1	1	770	8	1	28	4395	0	0	47
7.698	1	1	770	9	1	28	4395	0	0	47
7.699	1	1	770	10	1	28	4395	0	0	47
7.7	1	1	771	1	1	28	4395	0	0	47
7.701	1	1	771	2	1	28	4395	0	0	47
7.702	1	1	771	3	1	28	4395	0	0	47
7.703	1	1	771	4	1	28	4395	0	0	47
7.704	1	1	771	5	1	28	4395	0	0	47
7.705	1	1	771	6	1	28	4395	0	0	47
7.738	1	1	774	9	1	28	4395	0	0	47
7.739	1	1	774	10	1	28	4395	0	0	47
7.74	1	1	775	1	1	28	4395	0	0	47
7.741	1	1	775	2	1	28	4395	0	0	47
7.742	1	1	775	3	1	28	4395	0	0	47
7.743	1	1	775	4	1	28	4395	0	0	47
7.744	1	1	775	5	1	28	4395	0	0	47
7.745	1	1	775	6	1	28	4395	0	0	47
7.746	1	1	775	7	1	28	4395	0	0	47
7.747	1	1	775	8	1	28	4395	0	0	47
7.748	1	1	775	9	1	28	4395	0	0	47
7.749	1	1	775	10	1	28	4395	0	0	47
7.75	1	1	776	1	1	28	4395	0	0	47
7.751	1	1	776	2	1	28	4395	0	0	47
7.752	1	1	776	3	1	28	4395	0	0	47
7.785	1	1	779	6	1	28	4395	0	0	47
7.786	1	1	779	7	1	28	4395	0	0	47
7.787	1	1	779	8	1	28	4395	0	0	47
7.788	1	1	779	9	1	28	4395	0	0	47
7.789	1	1	779	10	1	28	4395	0	0	47
7.79	1	1	780	1	1	28	4395	0	0	47
7.791	1	1	780	2	1	28	4395	0	0	47
7.792	1	1	780	3	1	28	4395	0	0	47
7.793	1	1	780	4	1	28	4395	0	0	47
7.794	1	1	780	5	1	28	4395	0	0	47
7.795	1	1	780	6	1	28	4395	0	0	47
7.796	1	1	780	7	1	28	4395	0	0	47
7.797	1	1	780	8	1	28	4395	0	0	47
7.798	1	1	780	9	1	28	4395	0	0	47
7.799	1	1	780	10	1	28	4395	0	0	47
7.832	1	1	784	3	1	28	4395	0	0	47
7.833	1	1	784	4	1	28	4395	0	0	47
7.834	1	1	784	5	1	28	4395	0	0	47
7.835	1	1	784	6	1	28	4395	0	0	47
7.836	1	1	784	7	1	28	4395	0	0	47
7.837	1	1	784	8	1	28	4395	0	0	47
7.838	1	1	784	9	1	28	4395	0	0	47
7.839	1	1	784	10	1	28	4395	0	0	47
7.84	1	1	785	1	1	28	4395	0	0	47
7.841	1	1	785	2	1	28	4395	0	0	47
7.842	1	1	785	3	1	28	4395	0	0	47
7.843	1	1	785	4	1	28	4395	0	0	47
7.844	1	1	785	5	1	28	4395	0	0	47
7.845	1	1	785	6	1	28	4395	0	0	47
7.846	1	1	785	7	1	28	4395	0	0	47
7.879	1	1	788	10	1	28	4395	0	0	47
7.88	1	1	789	1	1	28	4395	0	0	47
7.881	1	1	789	2	1	28	4395	0	0	47
7.882	1	1	789	3	1	28	4395	0	0	47
7.883	1	1	789	4	1	28	4395	0	0	47
7.884	1	1	789	5	1	28	4395	0	0	47
7.885	1	1	789	6	1	28	4395	0	0	47
7.886	1	1	789	7	1	28	4395	0	0	47
7.887	1	1	789	8	1	28	4395	0	0	47
7.888	1	1	789	9	1	28	4395	0	0	47
7.889	1	1	789	10	1	28	4395	0	0	47
7.89	1	1	790	1	1	28	4395	0	0	47
7.891	1	1	790	2	1	28	4395	0	0	47
7.892	1	1	790	3	1	28	4395	0	0	47
7.893	1	1	790	4	1	28	4395	0	0	47
7.926	1	1	793	7	1	28	4395	0	0	47
7.927	1	1	793	8	1	28	4395	0	0	47
7.928	1	1	793	9	1	28	4395	0	0	47
7.929	1	1	793	10	1	28	4395	0	0	47
7.93	1	1	794	1	1	28	4395	0	0	47
7.931	1	1	794	2	1	28	4395	0	0	47
7.932	1	1	794	3	1	28	4395	0	0	47
7.933	1	1	794	4	1	28	4395	0	0	47
7.934	1	1	794	5	1	28	4395	0	0	47
7.935	1	1	794	6	1	28	4395	0	0	47
7.936	1	1	794	7	1	28	4395	0	0	47
7.937	1	1	794	8	1	28	4395	0	0	47
7.938	1	1	794	9	1	28	4395	0	0	47
7.939	1	1	794	10	1	28	4395	0	0	47
7.94	1	1	795	1	1	28	4395	0	0	47
7.973	1	1	798	4	1	28	4395	0	0	47
7.974	1	1	798	5	1	28	4395	0	0	47
7.975	1	1	798	6	1	28	4395	0	0	47
7.976	1	1	798	7	1	28	4395	0	0	47
7.977	1	1	798	8	1	28	4395	0	0	47
7.978	1	1	798	9	1	28	4395	0	0	47
7.979	1	1	798	10	1	28	4395	0	0	47
7.98	1	1	799	1	1	28	4395	0	0	47
7.981	1	1	799	2	1	28	4395	0	0	47
7.982	1	1	799	3	1	28	4395	0	0	47
7.983	1	1	799	4	1	28	4395	0	0	47
7.984	1	1	799	5	1	28	4395	0	0	47
7.985	1	1	799	6	1	28	4395	0	0	47
7.986	1	1	799	7	1	28	4395	0	0	47
7.987	1	1	799	8	1	28	4395	0	0	47
8.02	1	1	803	1	1	28	4395	0	0	47
8.021	1	1	803	2	1	28	4395	0	0	47
8.022	1	1	803	3	1	28	4395	0	0	47
8.023	1	1	803	4	1	28	4395	0	0	47
8.024	1	1	803	5	1	28	4395	0	0	47
8.025	1	1	803	6	1	28	4395	0	0	47
8.026	1	1	803	7	1	28	4395	0	0	47
8.027	1	1	803	8	1	28	4395	0	0	47
8.028	1	1	803	9	1	28	4395	0	0	47
8.029	1	1	803	10	1	28	4395	0	0	47
8.03	1	1	804	1	1	28	4395	0	0	47
8.031	1	1	804	2	1	28	4395	0	0	47
8.032	1	1	804	3	1	28	4395	0	0	47
8.033	1	1	804	4	1	28	4395	0	0	47
8.034	1	1	804	5	1	28	4395	0	0	47
8.067	1	1	807	8	1	28	4395	0	0	47
8.068	1	1	807	9	1	28	4395	0	0	47
8.069	1	1	807	10	1	28	4395	0	0	47
8.07	1	1	808	1	1	28	4395	0	0	47
8.071	1	1	808	2	1	28	4395	0	0	47
8.072	1	1	808	3	1	28	4395	0	0	47
8.073	1	1	808	4	1	28	4395	0	0	47
8.074	1	1	808	5	1	28	4395	0	0	47
8.075	1	1	808	6	1	28	4395	0	0	47
8.076	1	1	808	7	1	28	4395	0	0	47
8.077	1	1	808	8	1	28	4395	0	0	47
8.078	1	1	808	9	1	28	4395	0	0	47
8.079	1	1	808	10	1	28	4395	0	0	47
8.08	1	1	809	1	1	28	4395	0	0	47
8.081	1	1	809	2	1	28	4395	0	0	47
8.114	1	1	812	5	1	28	4395	0	0	47
8.115	1	1	812	6	1	28	4395	0	0	47
8.116	1	1	812	7	1	28	4395	0	0	47
8.117	1	1	812	8	1	28	4395	0	0	47
8.118	1	1	812	9	1	28	4395	0	0	47
8.119	1	1	812	10	1	28	4395	0	0	47
8.12	1	1	813	1	1	28	4395	0	0	47
8.121	1	1	813	2	1	28	4395	0	0	47
8.122	1	1	813	3	1	28	4395	0	0	47
8.123	1	1	813	4	1	28	4395	0	0	47
8.124	1	1	813	5	1	28	4395	0	0	47
8.125	1	1	813	6	1	28	4395	0	0	47
8.126	1	1	813	7	1	28	4395	0	0	47
8.127	1	1	813	8	1	28	4395	0	0	47
8.128	1	1	813	9	1	28	4395	0	0	47
8.161	1	1	817	2	1	28	4395	0	0	47
8.162	1	1	817	3	1	28	4395	0	0	47
8.163	1	1	817	4	1	28	4395	0	0	47
8.164	1	1	817	5	1	28	4395	0	0	47
8.165	1	1	817	6	1	28	4395	0	0	47
8.166	1	1	817	7	1	28	4395	0	0	47
8.167	1	1	817	8	1	28	4395	0	0	47
8.168	1	1	817	9	1	28	4395	0	0	47
8.169	1	1	817	10	1	28	4395	0	0	47
8.17	1	1	818	1	1	28	4395	0	0	47
8.171	1	1	818	2	1	28	4395	0	0	47
8.172	1	1	818	3	1	28	4395	0	0	47
8.173	1	1	818	4	1	28	4395	0	0	47
8.174	1	1	818	5	1	28	4395	0	0	47
8.175	1	1	818	6	1	28	4395	0	0	47
8.208	1	1	821	9	1	28	4395	0	0	47
8.209	1	1	821	10	1	28	4395	0	0	47
8.21	1	1	822	1	1	28	4395	0	0	47
8.211	1	1	822	2	1	28	4395	0	0	47
8.212	1	1	822	3	1	28	4395	0	0	47
8.213	1	1	822	4	1	28	4395	0	0	47
8.214	1	1	822	5	1	28	4395	0	0	47
8.215	1	1	822	6	1	28	4395	0	0	47
8.216	1	1	822	7	1	28	4395	0	0	47
8.217	1	1	822	8	1	28	4395	0	0	47
8.218	1	1	822	9	1	28	4395	0	0	47
8.219	1	1	822	10	1	28	4395	0	0	47
8.22	1	1	823	1	1	28	4395	0	0	47
8.221	1	1	823	2	1	28	4395	0	0	47
8.222	1	1	823	3	1	28	4395	0	0	47
8.255	1	1	826	6	1	28	4395	0	0	47
8.256	1	1	826	7	1	28	4395	0	0	47
8.257	1	1	826	8	1	28	4395	0	0	47
8.258	1	1	826	9	1	28	4395	0	0	47
8.259	1	1	826	10	1	28	4395	0	0	47
8.26	1	1	827	1	1	28	4395	0	0	47
8.261	1	1	827	2	1	28	4395	0	0	47
8.262	1	1	827	3	1	28	4395	0	0	47
8.263	1	1	827	4	1	28	4395	0	0	47
8.264	1	1	827	5	1	28	4395	0	0	47
8.265	1	1	827	6	1	28	4395	0	0	47
8.266	1	1	827	7	1	28	4395	0	0	47
8.267	1	1	827	8	1	28	4395	0	0	47
8.268	1	1	827	9	1	28	4395	0	0	47
8.269	1	1	827	10	1	28	4395	0	0	47
8.302	1	1	831	3	1	28	4395	0	0	47
8.303	1	1	831	4	1	28	4395	0	0	47
8.304	1	1	831	5	1	28	4395	0	0	47
8.305	1	1	831	6	1	28	4395	0	0	47
8.306	1	1	831	7	1	28	4395	0	0	47
8.307	1	1	831	8	1	28	4395	0	0	47
8.308	1	1	831	9	1	28	4395	0	0	47
8.309	1	1	831	10	1	28	4395	0	0	47
8.31	1	1	832	1	1	28	4395	0	0	47
8.311	1	1	832	2	1	28	4395	0	0	47
8.312	1	1	832	3	1	28	4395	0	0	47
8.313	1	1	832	4	1	28	4395	0	0	47
8.314	1	1	832	5	1	28	4395	0	0	47
8.315	1	1	832	6	1	28	4395	0	0	47
8.316	1	1	832	7	1	28	4395	0	0	47
8.349	1	1	835	10	1	28	4395	0	0	47
8.35	1	1	836	1	1	28	4395	0	0	47
8.351	1	1	836	2	1	28	4395	0	0	47
8.352	1	1	836	3	1	28	4395	0	0	47
8.353	1	1	836	4	1	28	4395	0	0	47
8.354	1	1	836	5	1	28	4395	0	0	47
8.355	1	1	836	6	1	28	4395	0	0	47
8.356	1	1	836	7	1	28	4395	0	0	47
8.357	1	1	836	8	1	28	4395	0	0	47
8.358	1	1	836	9	1	28	4395	0	0	47
8.359	1	1	836	10	1	28	4395	0	0	47
8.36	1	1	837	1	1	28	4395	0	0	47
8.361	1	1	837	2	1	28	4395	0	0	47
8.362	1	1	837	3	1	28	4395	0	0	47
8.363	1	1	837	4	1	28	4395	0	0	47
8.396	1	1	840	7	1	28	4395	0	0	47
8.397	1	1	840	8	1	28	4395	0	0	47
8.398	1	1	840	9	1	28	4395	0	0	47
8.399	1	1	840	10	1	28	4395	0	0	47
8.4	1	1	841	1	1	28	4395	0	0	47
8.401	1	1	841	2	1	28	4395	0	0	47
8.402	1	1	841	3	1	28	4395	0	0	47
8.403	1	1	841	4	1	28	4395	0	0	47
8.404	1	1	841	5	1	28	4395	0	0	47
8.405	1	1	841	6	1	28	4395	0	0	47
8.406	1	1	841	7	1	28	4395	0	0	47
8.407	1	1	841	8	1	28	4395	0	0	47
8.408	1	1	841	9	1	28	4395	0	0	47
8.409	1	1	841	10	1	28	4395	0	0	47
8.41	1	1	842	1	1	28	4395	0	0	47
8.443	1	1	845	4	1	28	4395	0	0	47
8.444	1	1	845	5	1	28	4395	0	0	47
8.445	1	1	845	6	1	28	4395	0	0	47
8.446	1	1	845	7	1	28	4395	0	0	47
8.447	1	1	845	8	1	28	4395	0	0	47
8.448	1	1	845	9	1	28	4395	0	0	47
8.449	1	1	845	10	1	28	4395	0	0	47
8.45	1	1	846	1	1	28	4395	0	0	47
8.451	1	1	846	2	1	28	4395	0	0	47
8.452	1	1	846	3	1	28	4395	0	0	47
8.453	1	1	846	4	1	28	4395	0	0	47
8.454	1	1	846	5	1	28	4395	0	0	47
8.455	1	1	846	6	1	28	4395	0	0	47
8.456	1	1	846	7	1	28	4395	0	0	47
8.457	1	1	846	8	1	28	4395	0	0	47
8.49	1	1	850	1	1	28	4395	0	0	47
8.491	1	1	850	2	1	28	4395	0	0	47
8.492	1	1	850	3	1	28	4395	0	0	47
8.493	1	1	850	4	1	28	4395	0	0	47
8.494	1	1	850	5	1	28	4395	0	0	47
8.495	1	1	850	6	1	28	4395	0	0	47
8.496	1	1	850	7	1	28	4395	0	0	47
8.497	1	1	850	8	1	28	4395	0	0	47
8.498	1	1	850	9	1	28	4395	0	0	47
8.499	1	1	850	10	1	28	4395	0	0	47
8.5	1	1	851	1	1	28	4395	0	0	47
8.501	1	1	851	2	1	28	4395	0	0	47
8.502	1	1	851	3	1	28	4395	0	0	47
8.503	1	1	851	4	1	28	4395	0	0	47
8.504	1	1	851	5	1	28	4395	0	0	47
8.537	1	1	854	8	1	28	4395	0	0	47
8.538	1	1	854	9	1	28	4395	0	0	47
8.539	1	1	854	10	1	28	4395	0	0	47
8.54	1	1	855	1	1	28	4395	0	0	47
8.541	1	1	855	2	1	28	4395	0	0	47
8.542	1	1	855	3	1	28	4395	0	0	47
8.543	1	1	855	4	1	28	4395	0	0	47
8.544	1	1	855	5	1	28	4395	0	0	47
8.545	1	1	855	6	1	28	4395	0	0	47
8.546	1	1	855	7	1	28	4395	0	0	47
8.547	1	1	855	8	1	28	4395	0	0	47
8.548	1	1	855	9	1	28	4395	0	0	47
8.549	1	1	855	10	1	28	4395	0	0	47
8.55	1	1	856	1	1	28	4395	0	0	47
8.551	1	1	856	2	1	28	4395	0	0	47
8.584	1	1	859	5	1	28	4395	0	0	47
8.585	1	1	859	6	1	28	4395	0	0	47
8.586	1	1	859	7	1	28	4395	0	0	47
8.587	1	1	859	8	1	28	4395	0	0	47
8.588	1	1	859	9	1	28	4395	0	0	47
8.589	1	1	859	10	1	28	4395	0	0	47
8.59	1	1	860	1	1	28	4395	0	0	47
8.591	1	1	860	2	1	28	4395	0	0	47
8.592	1	1	860	3	1	28	4395	0	0	47
8.593	1	1	860	4	1	28	4395	0	0	47
8.594	1	1	860	5	1	28	4395	0	0	47
8.595	1	1	860	6	1	28	4395	0	0	47
8.596	1	1	860	7	1	28	4395	0	0	47
8.597	1	1	860	8	1	28	4395	0	0	47
8.598	1	1	860	9	1	28	4395	0	0	47
8.631	1	1	864	2	1	28	4395	0	0	47
8.632	1	1	864	3	1	28	4395	0	0	47
8.633	1	1	864	4	1	28	4395	0	0	47
8.634	1	1	864	5	1	28	4395	0	0	47
8.635	1	1	864	6	1	28	4395	0	0	47
8.636	1	1	864	7	1	28	4395	0	0	47
8.637	1	1	864	8	1	28	4395	0	0	47
8.638	1	1	864	9	1	28	4395	0	0	47
8.639	1	1	864	10	1	28	4395	0	0	47
8.64	1	1	865	1	1	28	4395	0	0	47
8.641	1	1	865	2	1	28	4395	0	0	47
8.642	1	1	865	3	1	28	4395	0	0	47
8.643	1	1	865	4	1	28	4395	0	0	47
8.644	1	1	865	5	1	28	4395	0	0	47
8.645	1	1	865	6	1	28	4395	0	0	47
8.678	1	1	868	9	1	28	4395	0	0	47
8.679	1	1	868	10	1	28	4395	0	0	47
8.68	1	1	869	1	1	28	4395	0	0	47
8.681	1	1	869	2	1	28	4395	0	0	47
8.682	1	1	869	3	1	28	4395	0	0	47
8.683	1	1	869	4	1	28	4395	0	0	47
8.684	1	1	869	5	1	28	4395	0	0	47
8.685	1	1	869	6	1	28	4395	0	0	47
8.686	1	1	869	7	1	28	4395	0	0	47
8.687	1	1	869	8	1	28	4395	0	0	47
8.688	1	1	869	9	1	28	4395	0	0	47
8.689	1	1	869	10	1	28	4395	0	0	47
8.69	1	1	870	1	1	28	4395	0	0	47
8.691	1	1	870	2	1	28	4395	0	0	47
8.692	1	1	870	3	1	28	4395	0	0	47
8.725	1	1	873	6	1	28	4395	0	0	47
8.726	1	1	873	7	1	28	4395	0	0	47
8.727	1	1	873	8	1	28	4395	0	0	47
8.728	1	1	873	9	1	28	4395	0	0	47
8.729	1	1	873	10	1	28	4395	0	0	47
8.73	1	1	874	1	1	28	4395	0	0	47
8.731	1	1	874	2	1	28	4395	0	0	47
8.732	1	1	874	3	1	28	4395	0	0	47
8.733	1	1	874	4	1	28	4395	0	0	47
8.734	1	1	874	5	1	28	4395	0	0	47
8.735	1	1	874	6	1	28	4395	0	0	47
8.736	1	1	874	7	1	28	4395	0	0	47
8.737	1	1	874	8	1	28	4395	0	0	47
8.738	1	1	874	9	1	28	4395	0	0	47
8.739	1	1	874	10	1	28	4395	0	0	47
8.772	1	1	878	3	1	28	4395	0	0	47
8.773	1	1	878	4	1	28	4395	0	0	47
8.774	1	1	878	5	1	28	4395	0	0	47
8.775	1	1	878	6	1	28	4395	0	0	47
8.776	1	1	878	7	1	28	4395	0	0	47
8.777	1	1	878	8	1	28	4395	0	0	47
8.778	1	1	878	9	1	28	4395	0	0	47
8.779	1	1	878	10	1	28	4395	0	0	47
8.78	1	1	879	1	1	28	4395	0	0	47
8.781	1	1	879	2	1	28	4395	0	0	47
8.782	1	1	879	3	1	28	4395	0	0	47
8.783	1	1	879	4	1	28	4395	0	0	47
8.784	1	1	879	5	1	28	4395	0	0	47
8.785	1	1	879	6	1	28	4395	0	0	47
8.786	1	1	879	7	1	28	4395	0	0	47
8.819	1	1	882	10	1	28	4395	0	0	47
8.82	1	1	883	1	1	28	4395	0	0	47
8.821	1	1	883	2	1	28	4395	0	0	47
8.822	1	1	883	3	1	28	4395	0	0	47
8.823	1	1	883	4	1	28	4395	0	0	47
8.824	1	1	883	5	1	28	4395	0	0	47
8.825	1	1	883	6	1	28	4395	0	0	47
8.826	1	1	883	7	1	28	4395	0	0	47
8.827	1	1	883	8	1	28	4395	0	0	47
8.828	1	1	883	9	1	28	4395	0	0	47
8.829	1	1	883	10	1	28	4395	0	0	47
8.83	1	1	884	1	1	28	4395	0	0	47
8.831	1	1	884	2	1	28	4395	0	0	47
8.832	1	1	884	3	1	28	4395	0	0	47
8.833	1	1	884	4	1	28	4395	0	0	47
8.866	1	1	887	7	1	28	4395	0	0	47
8.867	1	1	887	8	1	28	4395	0	0	47
8.868	1	1	887	9	1	28	4395	0	0	47
8.869	1	1	887	10	1	28	4395	0	0	47
8.87	1	1	888	1	1	28	4395	0	0	47
8.871	1	1	888	2	1	28	4395	0	0	47
8.872	1	1	888	3	1	28	4395	0	0	47
8.873	1	1	888	4	1	28	4395	0	0	47
8.874	1	1	888	5	1	28	4395	0	0	47
8.875	1	1	888	6	1	28	4395	0	0	47
8.876	1	1	888	7	1	28	4395	0	0	47
8.877	1	1	888	8	1	28	4395	0	0	47
8.878	1	1	888	9	1	28	4395	0	0	47
8.879	1	1	888	10	1	28	4395	0	0	47
8.88	1	1	889	1	1	28	4395	0	0	47
8.913	1	1	892	4	1	28	4395	0	0	47
8.914	1	1	892	5	1	28	4395	0	0	47
8.915	1	1	892	6	1	28	4395	0	0	47
8.916	1	1	892	7	1	28	4395	0	0	47
8.917	1	1	892	8	1	28	4395	0	0	47
8.918	1	1	892	9	1	28	4395	0	0	47
8.919	1	1	892	10	1	28	4395	0	0	47
8.92	1	1	893	1	1	28	4395	0	0	47
8.921	1	1	893	2	1	28	4395	0	0	47
8.922	1	1	893	3	1	28	4395	0	0	47
8.923	1	1	893	4	1	28	4395	0	0	47
8.924	1	1	893	5	1	28	4395	0	0	47
8.925	1	1	893	6	1	28	4395	0	0	47
8.926	1	1	893	7	1	28	4395	0	0	47
8.927	1	1	893	8	1	28	4395	0	0	47
8.96	1	1	897	1	1	28	4395	0	0	47
8.961	1	1	897	2	1	28	4395	0	0	47
8.962	1	1	897	3	1	28	4395	0	0	47
8.963	1	1	897	4	1	28	4395	0	0	47
8.964	1	1	897	5	1	28	4395	0	0	47
8.965	1	1	897	6	1	28	4395	0	0	47
8.966	1	1	897	7	1	28	4395	0	0	47
8.967	1	1	897	8	1	28	4395	0	0	47
8.968	1	1	897	9	1	28	4395	0	0	47
8.969	1	1	897	10	1	28	4395	0	0	47
8.97	1	1	898	1	1	28	4395	0	0	47
8.971	1	1	898	2	1	28	4395	0	0	47
8.972	1	1	898	3	1	28	4395	0	0	47
8.973	1	1	898	4	1	28	4395	0	0	47
8.974	1	1	898	5	1	28	4395	0	0	47
9.007	1	1	901	8	1	28	4395	0	0	47
9.008	1	1	901	9	1	28	4395	0	0	47
9.009	1	1	901	10	1	28	4395	0	0	47
9.01	1	1	902	1	1	28	4395	0	0	47
9.011	1	1	902	2	1	28	4395	0	0	47
9.012	1	1	902	3	1	28	4395	0	0	47
9.013	1	1	902	4	1	28	4395	0	0	47
9.014	1	1	902	5	1	28	4395	0	0	47
9.054	1	1	906	5	1	28	4395	0	0	47
