% time	cellId	IMSI	frame	sframe	RNTI	mcsTb1	sizeTb1	mcsTb2	sizeTb2	Nprb
1.102	1	1	111	3	1	28	4395	0	0	47
1.319	1	1	132	10	1	28	4395	0	0	47
1.536	1	1	154	7	1	28	4395	0	0	47
1.753	1	1	176	4	1	28	4395	0	0	47
1.97	1	1	198	1	1	28	4395	0	0	47
2.17	1	1	218	1	1	28	4395	0	0	47
2.187	1	1	219	8	1	28	4395	0	0	47
2.387	1	1	239	8	1	28	4395	0	0	47
2.388	1	1	239	9	1	28	4395	0	0	47
2.404	1	1	241	5	1	28	4395	0	0	47
2.604	1	1	261	5	1	28	4395	0	0	47
2.605	1	1	261	6	1	28	4395	0	0	47
2.606	1	1	261	7	1	28	4395	0	0	47
2.621	1	1	263	2	1	28	4395	0	0	47
2.622	1	1	263	3	1	28	4395	0	0	47
2.821	1	1	283	2	1	28	4395	0	0	47
2.822	1	1	283	3	1	28	4395	0	0	47
2.823	1	1	283	4	1	28	4395	0	0	47
2.824	1	1	283	5	1	28	4395	0	0	47
2.838	1	1	284	9	1	28	4395	0	0	47
2.839	1	1	284	10	1	28	4395	0	0	47
2.84	1	1	285	1	1	28	4395	0	0	47
3.038	1	1	304	9	1	28	4395	0	0	47
3.039	1	1	304	10	1	28	4395	0	0	47
3.04	1	1	305	1	1	28	4395	0	0	47
3.041	1	1	305	2	1	28	4395	0	0	47
3.042	1	1	305	3	1	28	4395	0	0	47
3.043	1	1	305	4	1	28	4395	0	0	47
3.055	1	1	306	6	1	28	4395	0	0	47
3.056	1	1	306	7	1	28	4395	0	0	47
3.057	1	1	306	8	1	28	4395	0	0	47
3.058	1	1	306	9	1	28	4395	0	0	47
3.255	1	1	326	6	1	28	4395	0	0	47
3.256	1	1	326	7	1	28	4395	0	0	47
3.257	1	1	326	8	1	28	4395	0	0	47
3.258	1	1	326	9	1	28	4395	0	0	47
3.259	1	1	326	10	1	28	4395	0	0	47
3.26	1	1	327	1	1	28	4395	0	0	47
3.261	1	1	327	2	1	28	4395	0	0	47
3.262	1	1	327	3	1	28	4395	0	0	47
3.263	1	1	327	4	1	28	4395	0	0	47
3.272	1	1	328	3	1	28	4395	0	0	47
3.273	1	1	328	4	1	28	4395	0	0	47
3.274	1	1	328	5	1	28	4395	0	0	47
3.275	1	1	328	6	1	28	4395	0	0	47
3.276	1	1	328	7	1	28	4395	0	0	47
3.277	1	1	328	8	1	28	4395	0	0	47
3.472	1	1	348	3	1	28	4395	0	0	47
3.473	1	1	348	4	1	28	4395	0	0	47
3.474	1	1	348	5	1	28	4395	0	0	47
3.475	1	1	348	6	1	28	4395	0	0	47
3.476	1	1	348	7	1	28	4395	0	0	47
3.477	1	1	348	8	1	28	4395	0	0	47
3.478	1	1	348	9	1	28	4395	0	0	47
3.479	1	1	348	10	1	28	4395	0	0	47
3.48	1	1	349	1	1	28	4395	0	0	47
3.481	1	1	349	2	1	28	4395	0	0	47
3.489	1	1	349	10	1	28	4395	0	0	47
3.49	1	1	350	1	1	28	4395	0	0	47
3.491	1	1	350	2	1	28	4395	0	0	47
3.492	1	1	350	3	1	28	4395	0	0	47
3.493	1	1	350	4	1	28	4395	0	0	47
3.494	1	1	350	5	1	28	4395	0	0	47
3.689	1	1	369	10	1	28	4395	0	0	47
3.69	1	1	370	1	1	28	4395	0	0	47
3.691	1	1	370	2	1	28	4395	0	0	47
3.692	1	1	370	3	1	28	4395	0	0	47
3.693	1	1	370	4	1	28	4395	0	0	47
3.694	1	1	370	5	1	28	4395	0	0	47
3.695	1	1	370	6	1	28	4395	0	0	47
3.696	1	1	370	7	1	28	4395	0	0	47
3.697	1	1	370	8	1	28	4395	0	0	47
3.698	1	1	370	9	1	28	4395	0	0	47
3.706	1	1	371	7	1	28	4395	0	0	47
3.707	1	1	371	8	1	28	4395	0	0	47
3.708	1	1	371	9	1	28	4395	0	0	47
3.709	1	1	371	10	1	28	4395	0	0	47
3.71	1	1	372	1	1	28	4395	0	0	47
3.711	1	1	372	2	1	28	4395	0	0	47
3.906	1	1	391	7	1	28	4395	0	0	47
3.907	1	1	391	8	1	28	4395	0	0	47
3.908	1	1	391	9	1	28	4395	0	0	47
3.909	1	1	391	10	1	28	4395	0	0	47
3.91	1	1	392	1	1	28	4395	0	0	47
3.911	1	1	392	2	1	28	4395	0	0	47
3.912	1	1	392	3	1	28	4395	0	0	47
3.913	1	1	392	4	1	28	4395	0	0	47
3.914	1	1	392	5	1	28	4395	0	0	47
3.915	1	1	392	6	1	28	4395	0	0	47
3.923	1	1	393	4	1	28	4395	0	0	47
3.924	1	1	393	5	1	28	4395	0	0	47
3.925	1	1	393	6	1	28	4395	0	0	47
3.926	1	1	393	7	1	28	4395	0	0	47
3.927	1	1	393	8	1	28	4395	0	0	47
3.928	1	1	393	9	1	28	4395	0	0	47
4.123	1	1	413	4	1	28	4395	0	0	47
4.124	1	1	413	5	1	28	4395	0	0	47
4.125	1	1	413	6	1	28	4395	0	0	47
4.126	1	1	413	7	1	28	4395	0	0	47
4.127	1	1	413	8	1	28	4395	0	0	47
4.128	1	1	413	9	1	28	4395	0	0	47
4.129	1	1	413	10	1	28	4395	0	0	47
4.13	1	1	414	1	1	28	4395	0	0	47
4.131	1	1	414	2	1	28	4395	0	0	47
4.132	1	1	414	3	1	28	4395	0	0	47
4.14	1	1	415	1	1	28	4395	0	0	47
4.141	1	1	415	2	1	28	4395	0	0	47
4.142	1	1	415	3	1	28	4395	0	0	47
4.143	1	1	415	4	1	28	4395	0	0	47
4.144	1	1	415	5	1	28	4395	0	0	47
4.145	1	1	415	6	1	28	4395	0	0	47
4.34	1	1	435	1	1	28	4395	0	0	47
4.341	1	1	435	2	1	28	4395	0	0	47
4.342	1	1	435	3	1	28	4395	0	0	47
4.343	1	1	435	4	1	28	4395	0	0	47
4.344	1	1	435	5	1	28	4395	0	0	47
4.345	1	1	435	6	1	28	4395	0	0	47
4.346	1	1	435	7	1	28	4395	0	0	47
4.347	1	1	435	8	1	28	4395	0	0	47
4.348	1	1	435	9	1	28	4395	0	0	47
4.349	1	1	435	10	1	28	4395	0	0	47
4.357	1	1	436	8	1	28	4395	0	0	47
4.358	1	1	436	9	1	28	4395	0	0	47
4.359	1	1	436	10	1	28	4395	0	0	47
4.36	1	1	437	1	1	28	4395	0	0	47
4.361	1	1	437	2	1	28	4395	0	0	47
4.362	1	1	437	3	1	28	4395	0	0	47
4.557	1	1	456	8	1	28	4395	0	0	47
4.558	1	1	456	9	1	28	4395	0	0	47
4.559	1	1	456	10	1	28	4395	0	0	47
4.56	1	1	457	1	1	28	4395	0	0	47
4.561	1	1	457	2	1	28	4395	0	0	47
4.562	1	1	457	3	1	28	4395	0	0	47
4.563	1	1	457	4	1	28	4395	0	0	47
4.564	1	1	457	5	1	28	4395	0	0	47
4.565	1	1	457	6	1	28	4395	0	0	47
4.566	1	1	457	7	1	28	4395	0	0	47
4.574	1	1	458	5	1	28	4395	0	0	47
4.575	1	1	458	6	1	28	4395	0	0	47
4.576	1	1	458	7	1	28	4395	0	0	47
4.577	1	1	458	8	1	28	4395	0	0	47
4.578	1	1	458	9	1	28	4395	0	0	47
4.579	1	1	458	10	1	28	4395	0	0	47
4.774	1	1	478	5	1	28	4395	0	0	47
4.775	1	1	478	6	1	28	4395	0	0	47
4.776	1	1	478	7	1	28	4395	0	0	47
4.777	1	1	478	8	1	28	4395	0	0	47
4.778	1	1	478	9	1	28	4395	0	0	47
4.779	1	1	478	10	1	28	4395	0	0	47
4.78	1	1	479	1	1	28	4395	0	0	47
4.781	1	1	479	2	1	28	4395	0	0	47
4.782	1	1	479	3	1	28	4395	0	0	47
4.783	1	1	479	4	1	28	4395	0	0	47
4.791	1	1	480	2	1	28	4395	0	0	47
4.792	1	1	480	3	1	28	4395	0	0	47
4.793	1	1	480	4	1	28	4395	0	0	47
4.794	1	1	480	5	1	28	4395	0	0	47
4.795	1	1	480	6	1	28	4395	0	0	47
4.796	1	1	480	7	1	28	4395	0	0	47
4.991	1	1	500	2	1	28	4395	0	0	47
4.992	1	1	500	3	1	28	4395	0	0	47
4.993	1	1	500	4	1	28	4395	0	0	47
4.994	1	1	500	5	1	28	4395	0	0	47
4.995	1	1	500	6	1	28	4395	0	0	47
4.996	1	1	500	7	1	28	4395	0	0	47
4.997	1	1	500	8	1	28	4395	0	0	47
4.998	1	1	500	9	1	28	4395	0	0	47
4.999	1	1	500	10	1	28	4395	0	0	47
5	1	1	501	1	1	28	4395	0	0	47
5.008	1	1	501	9	1	28	4395	0	0	47
5.009	1	1	501	10	1	28	4395	0	0	47
5.01	1	1	502	1	1	28	4395	0	0	47
5.011	1	1	502	2	1	28	4395	0	0	47
5.012	1	1	502	3	1	28	4395	0	0	47
5.013	1	1	502	4	1	28	4395	0	0	47
5.208	1	1	521	9	1	28	4395	0	0	47
5.209	1	1	521	10	1	28	4395	0	0	47
5.21	1	1	522	1	1	28	4395	0	0	47
5.211	1	1	522	2	1	28	4395	0	0	47
5.212	1	1	522	3	1	28	4395	0	0	47
5.213	1	1	522	4	1	28	4395	0	0	47
5.214	1	1	522	5	1	28	4395	0	0	47
5.215	1	1	522	6	1	28	4395	0	0	47
5.216	1	1	522	7	1	28	4395	0	0	47
5.217	1	1	522	8	1	28	4395	0	0	47
5.225	1	1	523	6	1	28	4395	0	0	47
5.226	1	1	523	7	1	28	4395	0	0	47
5.227	1	1	523	8	1	28	4395	0	0	47
5.228	1	1	523	9	1	28	4395	0	0	47
5.229	1	1	523	10	1	28	4395	0	0	47
5.23	1	1	524	1	1	28	4395	0	0	47
5.425	1	1	543	6	1	28	4395	0	0	47
5.426	1	1	543	7	1	28	4395	0	0	47
5.427	1	1	543	8	1	28	4395	0	0	47
5.428	1	1	543	9	1	28	4395	0	0	47
5.429	1	1	543	10	1	28	4395	0	0	47
5.43	1	1	544	1	1	28	4395	0	0	47
5.431	1	1	544	2	1	28	4395	0	0	47
5.432	1	1	544	3	1	28	4395	0	0	47
5.433	1	1	544	4	1	28	4395	0	0	47
5.434	1	1	544	5	1	28	4395	0	0	47
5.442	1	1	545	3	1	28	4395	0	0	47
5.443	1	1	545	4	1	28	4395	0	0	47
5.444	1	1	545	5	1	28	4395	0	0	47
5.445	1	1	545	6	1	28	4395	0	0	47
5.446	1	1	545	7	1	28	4395	0	0	47
5.447	1	1	545	8	1	28	4395	0	0	47
5.642	1	1	565	3	1	28	4395	0	0	47
5.643	1	1	565	4	1	28	4395	0	0	47
5.644	1	1	565	5	1	28	4395	0	0	47
5.645	1	1	565	6	1	28	4395	0	0	47
5.646	1	1	565	7	1	28	4395	0	0	47
5.647	1	1	565	8	1	28	4395	0	0	47
5.648	1	1	565	9	1	28	4395	0	0	47
5.649	1	1	565	10	1	28	4395	0	0	47
5.65	1	1	566	1	1	28	4395	0	0	47
5.651	1	1	566	2	1	28	4395	0	0	47
5.659	1	1	566	10	1	28	4395	0	0	47
5.66	1	1	567	1	1	28	4395	0	0	47
5.661	1	1	567	2	1	28	4395	0	0	47
5.662	1	1	567	3	1	28	4395	0	0	47
5.663	1	1	567	4	1	28	4395	0	0	47
5.664	1	1	567	5	1	28	4395	0	0	47
5.859	1	1	586	10	1	28	4395	0	0	47
5.86	1	1	587	1	1	28	4395	0	0	47
5.861	1	1	587	2	1	28	4395	0	0	47
5.862	1	1	587	3	1	28	4395	0	0	47
5.863	1	1	587	4	1	28	4395	0	0	47
5.864	1	1	587	5	1	28	4395	0	0	47
5.865	1	1	587	6	1	28	4395	0	0	47
5.866	1	1	587	7	1	28	4395	0	0	47
5.867	1	1	587	8	1	28	4395	0	0	47
5.868	1	1	587	9	1	28	4395	0	0	47
5.876	1	1	588	7	1	28	4395	0	0	47
5.877	1	1	588	8	1	28	4395	0	0	47
5.878	1	1	588	9	1	28	4395	0	0	47
5.879	1	1	588	10	1	28	4395	0	0	47
5.88	1	1	589	1	1	28	4395	0	0	47
5.881	1	1	589	2	1	28	4395	0	0	47
6.076	1	1	608	7	1	28	4395	0	0	47
6.077	1	1	608	8	1	28	4395	0	0	47
6.078	1	1	608	9	1	28	4395	0	0	47
6.079	1	1	608	10	1	28	4395	0	0	47
6.08	1	1	609	1	1	28	4395	0	0	47
6.081	1	1	609	2	1	28	4395	0	0	47
6.082	1	1	609	3	1	28	4395	0	0	47
6.083	1	1	609	4	1	28	4395	0	0	47
6.084	1	1	609	5	1	28	4395	0	0	47
6.085	1	1	609	6	1	28	4395	0	0	47
6.093	1	1	610	4	1	28	4395	0	0	47
6.094	1	1	610	5	1	28	4395	0	0	47
6.095	1	1	610	6	1	28	4395	0	0	47
6.096	1	1	610	7	1	28	4395	0	0	47
6.097	1	1	610	8	1	28	4395	0	0	47
6.098	1	1	610	9	1	28	4395	0	0	47
6.293	1	1	630	4	1	28	4395	0	0	47
6.294	1	1	630	5	1	28	4395	0	0	47
6.295	1	1	630	6	1	28	4395	0	0	47
6.296	1	1	630	7	1	28	4395	0	0	47
6.297	1	1	630	8	1	28	4395	0	0	47
6.298	1	1	630	9	1	28	4395	0	0	47
6.299	1	1	630	10	1	28	4395	0	0	47
6.3	1	1	631	1	1	28	4395	0	0	47
6.301	1	1	631	2	1	28	4395	0	0	47
6.302	1	1	631	3	1	28	4395	0	0	47
6.31	1	1	632	1	1	28	4395	0	0	47
6.311	1	1	632	2	1	28	4395	0	0	47
6.312	1	1	632	3	1	28	4395	0	0	47
6.313	1	1	632	4	1	28	4395	0	0	47
6.314	1	1	632	5	1	28	4395	0	0	47
6.315	1	1	632	6	1	28	4395	0	0	47
6.51	1	1	652	1	1	28	4395	0	0	47
6.511	1	1	652	2	1	28	4395	0	0	47
6.512	1	1	652	3	1	28	4395	0	0	47
6.513	1	1	652	4	1	28	4395	0	0	47
6.514	1	1	652	5	1	28	4395	0	0	47
6.515	1	1	652	6	1	28	4395	0	0	47
6.516	1	1	652	7	1	28	4395	0	0	47
6.517	1	1	652	8	1	28	4395	0	0	47
6.518	1	1	652	9	1	28	4395	0	0	47
6.519	1	1	652	10	1	28	4395	0	0	47
6.527	1	1	653	8	1	28	4395	0	0	47
6.528	1	1	653	9	1	28	4395	0	0	47
6.529	1	1	653	10	1	28	4395	0	0	47
6.53	1	1	654	1	1	28	4395	0	0	47
6.531	1	1	654	2	1	28	4395	0	0	47
6.532	1	1	654	3	1	28	4395	0	0	47
6.727	1	1	673	8	1	28	4395	0	0	47
6.728	1	1	673	9	1	28	4395	0	0	47
6.729	1	1	673	10	1	28	4395	0	0	47
6.73	1	1	674	1	1	28	4395	0	0	47
6.731	1	1	674	2	1	28	4395	0	0	47
6.732	1	1	674	3	1	28	4395	0	0	47
6.733	1	1	674	4	1	28	4395	0	0	47
6.734	1	1	674	5	1	28	4395	0	0	47
6.735	1	1	674	6	1	28	4395	0	0	47
6.736	1	1	674	7	1	28	4395	0	0	47
6.744	1	1	675	5	1	28	4395	0	0	47
6.745	1	1	675	6	1	28	4395	0	0	47
6.746	1	1	675	7	1	28	4395	0	0	47
6.747	1	1	675	8	1	28	4395	0	0	47
6.748	1	1	675	9	1	28	4395	0	0	47
6.749	1	1	675	10	1	28	4395	0	0	47
6.944	1	1	695	5	1	28	4395	0	0	47
6.945	1	1	695	6	1	28	4395	0	0	47
6.946	1	1	695	7	1	28	4395	0	0	47
6.947	1	1	695	8	1	28	4395	0	0	47
6.948	1	1	695	9	1	28	4395	0	0	47
6.949	1	1	695	10	1	28	4395	0	0	47
6.95	1	1	696	1	1	28	4395	0	0	47
6.951	1	1	696	2	1	28	4395	0	0	47
6.952	1	1	696	3	1	28	4395	0	0	47
6.953	1	1	696	4	1	28	4395	0	0	47
6.961	1	1	697	2	1	28	4395	0	0	47
6.962	1	1	697	3	1	28	4395	0	0	47
6.963	1	1	697	4	1	28	4395	0	0	47
6.964	1	1	697	5	1	28	4395	0	0	47
6.965	1	1	697	6	1	28	4395	0	0	47
6.966	1	1	697	7	1	28	4395	0	0	47
7.161	1	1	717	2	1	28	4395	0	0	47
7.162	1	1	717	3	1	28	4395	0	0	47
7.163	1	1	717	4	1	28	4395	0	0	47
7.164	1	1	717	5	1	28	4395	0	0	47
7.165	1	1	717	6	1	28	4395	0	0	47
7.166	1	1	717	7	1	28	4395	0	0	47
7.167	1	1	717	8	1	28	4395	0	0	47
7.168	1	1	717	9	1	28	4395	0	0	47
7.169	1	1	717	10	1	28	4395	0	0	47
7.17	1	1	718	1	1	28	4395	0	0	47
7.178	1	1	718	9	1	28	4395	0	0	47
7.179	1	1	718	10	1	28	4395	0	0	47
7.18	1	1	719	1	1	28	4395	0	0	47
7.181	1	1	719	2	1	28	4395	0	0	47
7.182	1	1	719	3	1	28	4395	0	0	47
7.183	1	1	719	4	1	28	4395	0	0	47
7.378	1	1	738	9	1	28	4395	0	0	47
7.379	1	1	738	10	1	28	4395	0	0	47
7.38	1	1	739	1	1	28	4395	0	0	47
7.381	1	1	739	2	1	28	4395	0	0	47
7.382	1	1	739	3	1	28	4395	0	0	47
7.383	1	1	739	4	1	28	4395	0	0	47
7.384	1	1	739	5	1	28	4395	0	0	47
7.385	1	1	739	6	1	28	4395	0	0	47
7.386	1	1	739	7	1	28	4395	0	0	47
7.387	1	1	739	8	1	28	4395	0	0	47
7.395	1	1	740	6	1	28	4395	0	0	47
7.396	1	1	740	7	1	28	4395	0	0	47
7.397	1	1	740	8	1	28	4395	0	0	47
7.398	1	1	740	9	1	28	4395	0	0	47
7.399	1	1	740	10	1	28	4395	0	0	47
7.4	1	1	741	1	1	28	4395	0	0	47
7.595	1	1	760	6	1	28	4395	0	0	47
7.596	1	1	760	7	1	28	4395	0	0	47
7.597	1	1	760	8	1	28	4395	0	0	47
7.598	1	1	760	9	1	28	4395	0	0	47
7.599	1	1	760	10	1	28	4395	0	0	47
7.6	1	1	761	1	1	28	4395	0	0	47
7.601	1	1	761	2	1	28	4395	0	0	47
7.602	1	1	761	3	1	28	4395	0	0	47
7.603	1	1	761	4	1	28	4395	0	0	47
7.604	1	1	761	5	1	28	4395	0	0	47
7.612	1	1	762	3	1	28	4395	0	0	47
7.613	1	1	762	4	1	28	4395	0	0	47
7.614	1	1	762	5	1	28	4395	0	0	47
7.615	1	1	762	6	1	28	4395	0	0	47
7.616	1	1	762	7	1	28	4395	0	0	47
7.617	1	1	762	8	1	28	4395	0	0	47
7.812	1	1	782	3	1	28	4395	0	0	47
7.813	1	1	782	4	1	28	4395	0	0	47
7.814	1	1	782	5	1	28	4395	0	0	47
7.815	1	1	782	6	1	28	4395	0	0	47
7.816	1	1	782	7	1	28	4395	0	0	47
7.817	1	1	782	8	1	28	4395	0	0	47
7.818	1	1	782	9	1	28	4395	0	0	47
7.819	1	1	782	10	1	28	4395	0	0	47
7.82	1	1	783	1	1	28	4395	0	0	47
7.821	1	1	783	2	1	28	4395	0	0	47
7.829	1	1	783	10	1	28	4395	0	0	47
7.83	1	1	784	1	1	28	4395	0	0	47
7.831	1	1	784	2	1	28	4395	0	0	47
7.832	1	1	784	3	1	28	4395	0	0	47
7.833	1	1	784	4	1	28	4395	0	0	47
7.834	1	1	784	5	1	28	4395	0	0	47
8.029	1	1	803	10	1	28	4395	0	0	47
8.03	1	1	804	1	1	28	4395	0	0	47
8.031	1	1	804	2	1	28	4395	0	0	47
8.032	1	1	804	3	1	28	4395	0	0	47
8.033	1	1	804	4	1	28	4395	0	0	47
8.034	1	1	804	5	1	28	4395	0	0	47
8.035	1	1	804	6	1	28	4395	0	0	47
8.036	1	1	804	7	1	28	4395	0	0	47
8.037	1	1	804	8	1	28	4395	0	0	47
8.038	1	1	804	9	1	28	4395	0	0	47
8.046	1	1	805	7	1	28	4395	0	0	47
8.047	1	1	805	8	1	28	4395	0	0	47
8.048	1	1	805	9	1	28	4395	0	0	47
8.049	1	1	805	10	1	28	4395	0	0	47
8.05	1	1	806	1	1	28	4395	0	0	47
8.051	1	1	806	2	1	28	4395	0	0	47
8.246	1	1	825	7	1	28	4395	0	0	47
8.247	1	1	825	8	1	28	4395	0	0	47
8.248	1	1	825	9	1	28	4395	0	0	47
8.249	1	1	825	10	1	28	4395	0	0	47
8.25	1	1	826	1	1	28	4395	0	0	47
8.251	1	1	826	2	1	28	4395	0	0	47
8.252	1	1	826	3	1	28	4395	0	0	47
8.253	1	1	826	4	1	28	4395	0	0	47
8.254	1	1	826	5	1	28	4395	0	0	47
8.255	1	1	826	6	1	28	4395	0	0	47
8.263	1	1	827	4	1	28	4395	0	0	47
8.264	1	1	827	5	1	28	4395	0	0	47
8.265	1	1	827	6	1	28	4395	0	0	47
8.266	1	1	827	7	1	28	4395	0	0	47
8.267	1	1	827	8	1	28	4395	0	0	47
8.268	1	1	827	9	1	28	4395	0	0	47
8.463	1	1	847	4	1	28	4395	0	0	47
8.464	1	1	847	5	1	28	4395	0	0	47
8.465	1	1	847	6	1	28	4395	0	0	47
8.466	1	1	847	7	1	28	4395	0	0	47
8.467	1	1	847	8	1	28	4395	0	0	47
8.468	1	1	847	9	1	28	4395	0	0	47
8.469	1	1	847	10	1	28	4395	0	0	47
8.47	1	1	848	1	1	28	4395	0	0	47
8.471	1	1	848	2	1	28	4395	0	0	47
8.472	1	1	848	3	1	28	4395	0	0	47
8.48	1	1	849	1	1	28	4395	0	0	47
8.481	1	1	849	2	1	28	4395	0	0	47
8.482	1	1	849	3	1	28	4395	0	0	47
8.483	1	1	849	4	1	28	4395	0	0	47
8.484	1	1	849	5	1	28	4395	0	0	47
8.485	1	1	849	6	1	28	4395	0	0	47
8.68	1	1	869	1	1	28	4395	0	0	47
8.681	1	1	869	2	1	28	4395	0	0	47
8.682	1	1	869	3	1	28	4395	0	0	47
8.683	1	1	869	4	1	28	4395	0	0	47
8.684	1	1	869	5	1	28	4395	0	0	47
8.685	1	1	869	6	1	28	4395	0	0	47
8.686	1	1	869	7	1	28	4395	0	0	47
8.687	1	1	869	8	1	28	4395	0	0	47
8.688	1	1	869	9	1	28	4395	0	0	47
8.689	1	1	869	10	1	28	4395	0	0	47
8.697	1	1	870	8	1	28	4395	0	0	47
8.698	1	1	870	9	1	28	4395	0	0	47
8.699	1	1	870	10	1	28	4395	0	0	47
8.7	1	1	871	1	1	28	4395	0	0	47
8.701	1	1	871	2	1	28	4395	0	0	47
8.702	1	1	871	3	1	28	4395	0	0	47
8.897	1	1	890	8	1	28	4395	0	0	47
8.898	1	1	890	9	1	28	4395	0	0	47
8.899	1	1	890	10	1	28	4395	0	0	47
8.9	1	1	891	1	1	28	4395	0	0	47
8.901	1	1	891	2	1	28	4395	0	0	47
8.902	1	1	891	3	1	28	4395	0	0	47
8.903	1	1	891	4	1	28	4395	0	0	47
8.904	1	1	891	5	1	28	4395	0	0	47
8.905	1	1	891	6	1	28	4395	0	0	47
8.906	1	1	891	7	1	28	4395	0	0	47
8.914	1	1	892	5	1	28	4395	0	0	47
8.915	1	1	892	6	1	28	4395	0	0	47
8.916	1	1	892	7	1	28	4395	0	0	47
8.917	1	1	892	8	1	28	4395	0	0	47
8.918	1	1	892	9	1	28	4395	0	0	47
8.919	1	1	892	10	1	28	4395	0	0	47
9.114	1	1	912	5	1	28	4395	0	0	47
9.115	1	1	912	6	1	28	4395	0	0	47
9.116	1	1	912	7	1	28	4395	0	0	47
9.117	1	1	912	8	1	28	4395	0	0	47
9.118	1	1	912	9	1	28	4395	0	0	47
9.119	1	1	912	10	1	28	4395	0	0	47
9.12	1	1	913	1	1	28	4395	0	0	47
9.121	1	1	913	2	1	28	4395	0	0	47
9.122	1	1	913	3	1	28	4395	0	0	47
9.123	1	1	913	4	1	28	4395	0	0	47
9.131	1	1	914	2	1	28	4395	0	0	47
9.132	1	1	914	3	1	28	4395	0	0	47
9.133	1	1	914	4	1	28	4395	0	0	47
9.134	1	1	914	5	1	28	4395	0	0	47
9.135	1	1	914	6	1	28	4395	0	0	47
9.136	1	1	914	7	1	28	4395	0	0	47
9.331	1	1	934	2	1	28	4395	0	0	47
9.332	1	1	934	3	1	28	4395	0	0	47
9.333	1	1	934	4	1	28	4395	0	0	47
9.334	1	1	934	5	1	28	4395	0	0	47
9.335	1	1	934	6	1	28	4395	0	0	47
9.336	1	1	934	7	1	28	4395	0	0	47
9.337	1	1	934	8	1	28	4395	0	0	47
9.338	1	1	934	9	1	28	4395	0	0	47
9.339	1	1	934	10	1	28	4395	0	0	47
9.34	1	1	935	1	1	28	4395	0	0	47
9.348	1	1	935	9	1	28	4395	0	0	47
9.349	1	1	935	10	1	28	4395	0	0	47
9.35	1	1	936	1	1	28	4395	0	0	47
9.351	1	1	936	2	1	28	4395	0	0	47
9.352	1	1	936	3	1	28	4395	0	0	47
9.353	1	1	936	4	1	28	4395	0	0	47
9.548	1	1	955	9	1	28	4395	0	0	47
9.549	1	1	955	10	1	28	4395	0	0	47
9.55	1	1	956	1	1	28	4395	0	0	47
9.551	1	1	956	2	1	28	4395	0	0	47
9.552	1	1	956	3	1	28	4395	0	0	47
9.553	1	1	956	4	1	28	4395	0	0	47
9.554	1	1	956	5	1	28	4395	0	0	47
9.555	1	1	956	6	1	28	4395	0	0	47
9.556	1	1	956	7	1	28	4395	0	0	47
9.557	1	1	956	8	1	28	4395	0	0	47
9.565	1	1	957	6	1	28	4395	0	0	47
9.566	1	1	957	7	1	28	4395	0	0	47
9.567	1	1	957	8	1	28	4395	0	0	47
9.568	1	1	957	9	1	28	4395	0	0	47
9.569	1	1	957	10	1	28	4395	0	0	47
9.57	1	1	958	1	1	28	4395	0	0	47
9.765	1	1	977	6	1	28	4395	0	0	47
9.766	1	1	977	7	1	28	4395	0	0	47
9.767	1	1	977	8	1	28	4395	0	0	47
9.768	1	1	977	9	1	28	4395	0	0	47
9.769	1	1	977	10	1	28	4395	0	0	47
9.77	1	1	978	1	1	28	4395	0	0	47
9.771	1	1	978	2	1	28	4395	0	0	47
9.772	1	1	978	3	1	28	4395	0	0	47
9.773	1	1	978	4	1	28	4395	0	0	47
9.774	1	1	978	5	1	28	4395	0	0	47
9.782	1	1	979	3	1	28	4395	0	0	47
9.783	1	1	979	4	1	28	4395	0	0	47
9.784	1	1	979	5	1	28	4395	0	0	47
9.785	1	1	979	6	1	28	4395	0	0	47
9.786	1	1	979	7	1	28	4395	0	0	47
9.787	1	1	979	8	1	28	4395	0	0	47
9.982	1	1	999	3	1	28	4395	0	0	47
9.983	1	1	999	4	1	28	4395	0	0	47
9.984	1	1	999	5	1	28	4395	0	0	47
9.985	1	1	999	6	1	28	4395	0	0	47
9.986	1	1	999	7	1	28	4395	0	0	47
9.987	1	1	999	8	1	28	4395	0	0	47
9.988	1	1	999	9	1	28	4395	0	0	47
9.989	1	1	999	10	1	28	4395	0	0	47
9.99	1	1	1000	1	1	28	4395	0	0	47
9.991	1	1	1000	2	1	28	4395	0	0	47
9.999	1	1	1000	10	1	28	4395	0	0	47
10	1	1	1001	1	1	28	4395	0	0	47
10.001	1	1	1001	2	1	28	4395	0	0	47
10.002	1	1	1001	3	1	28	4395	0	0	47
10.003	1	1	1001	4	1	28	4395	0	0	47
10.004	1	1	1001	5	1	28	4395	0	0	47
10.199	1	1	1020	10	1	28	4395	0	0	47
10.2	1	1	1021	1	1	28	4395	0	0	47
10.201	1	1	1021	2	1	28	4395	0	0	47
10.202	1	1	1021	3	1	28	4395	0	0	47
10.203	1	1	1021	4	1	28	4395	0	0	47
10.204	1	1	1021	5	1	28	4395	0	0	47
10.205	1	1	1021	6	1	28	4395	0	0	47
10.206	1	1	1021	7	1	28	4395	0	0	47
10.207	1	1	1021	8	1	28	4395	0	0	47
10.208	1	1	1021	9	1	28	4395	0	0	47
10.216	1	1	1022	7	1	28	4395	0	0	47
10.217	1	1	1022	8	1	28	4395	0	0	47
10.218	1	1	1022	9	1	28	4395	0	0	47
10.219	1	1	1022	10	1	28	4395	0	0	47
10.22	1	1	1023	1	1	28	4395	0	0	47
10.221	1	1	1023	2	1	28	4395	0	0	47
10.416	1	1	1042	7	1	28	4395	0	0	47
10.417	1	1	1042	8	1	28	4395	0	0	47
10.418	1	1	1042	9	1	28	4395	0	0	47
10.419	1	1	1042	10	1	28	4395	0	0	47
10.42	1	1	1043	1	1	28	4395	0	0	47
10.421	1	1	1043	2	1	28	4395	0	0	47
10.422	1	1	1043	3	1	28	4395	0	0	47
10.423	1	1	1043	4	1	28	4395	0	0	47
10.424	1	1	1043	5	1	28	4395	0	0	47
10.425	1	1	1043	6	1	28	4395	0	0	47
10.433	1	1	1044	4	1	28	4395	0	0	47
10.434	1	1	1044	5	1	28	4395	0	0	47
10.435	1	1	1044	6	1	28	4395	0	0	47
10.436	1	1	1044	7	1	28	4395	0	0	47
10.437	1	1	1044	8	1	28	4395	0	0	47
10.438	1	1	1044	9	1	28	4395	0	0	47
10.633	1	1	1064	4	1	28	4395	0	0	47
10.634	1	1	1064	5	1	28	4395	0	0	47
10.635	1	1	1064	6	1	28	4395	0	0	47
10.636	1	1	1064	7	1	28	4395	0	0	47
10.637	1	1	1064	8	1	28	4395	0	0	47
10.638	1	1	1064	9	1	28	4395	0	0	47
10.639	1	1	1064	10	1	28	4395	0	0	47
10.64	1	1	1065	1	1	28	4395	0	0	47
10.641	1	1	1065	2	1	28	4395	0	0	47
10.642	1	1	1065	3	1	28	4395	0	0	47
10.65	1	1	1066	1	1	28	4395	0	0	47
10.651	1	1	1066	2	1	28	4395	0	0	47
10.652	1	1	1066	3	1	28	4395	0	0	47
10.653	1	1	1066	4	1	28	4395	0	0	47
10.654	1	1	1066	5	1	28	4395	0	0	47
10.655	1	1	1066	6	1	28	4395	0	0	47
10.85	1	1	1086	1	1	28	4395	0	0	47
10.851	1	1	1086	2	1	28	4395	0	0	47
10.852	1	1	1086	3	1	28	4395	0	0	47
10.853	1	1	1086	4	1	28	4395	0	0	47
10.854	1	1	1086	5	1	28	4395	0	0	47
10.855	1	1	1086	6	1	28	4395	0	0	47
10.856	1	1	1086	7	1	28	4395	0	0	47
10.857	1	1	1086	8	1	28	4395	0	0	47
10.858	1	1	1086	9	1	28	4395	0	0	47
10.859	1	1	1086	10	1	28	4395	0	0	47
10.867	1	1	1087	8	1	28	4395	0	0	47
10.868	1	1	1087	9	1	28	4395	0	0	47
10.869	1	1	1087	10	1	28	4395	0	0	47
10.87	1	1	1088	1	1	28	4395	0	0	47
10.871	1	1	1088	2	1	28	4395	0	0	47
10.872	1	1	1088	3	1	28	4395	0	0	47
11.067	1	1	1107	8	1	28	4395	0	0	47
11.068	1	1	1107	9	1	28	4395	0	0	47
11.069	1	1	1107	10	1	28	4395	0	0	47
11.07	1	1	1108	1	1	28	4395	0	0	47
11.071	1	1	1108	2	1	28	4395	0	0	47
11.072	1	1	1108	3	1	28	4395	0	0	47
11.073	1	1	1108	4	1	28	4395	0	0	47
11.074	1	1	1108	5	1	28	4395	0	0	47
11.075	1	1	1108	6	1	28	4395	0	0	47
11.076	1	1	1108	7	1	28	4395	0	0	47
11.084	1	1	1109	5	1	28	4395	0	0	47
11.085	1	1	1109	6	1	28	4395	0	0	47
11.086	1	1	1109	7	1	28	4395	0	0	47
11.087	1	1	1109	8	1	28	4395	0	0	47
11.088	1	1	1109	9	1	28	4395	0	0	47
11.089	1	1	1109	10	1	28	4395	0	0	47
11.284	1	1	1129	5	1	28	4395	0	0	47
11.285	1	1	1129	6	1	28	4395	0	0	47
11.286	1	1	1129	7	1	28	4395	0	0	47
11.287	1	1	1129	8	1	28	4395	0	0	47
11.288	1	1	1129	9	1	28	4395	0	0	47
11.289	1	1	1129	10	1	28	4395	0	0	47
11.29	1	1	1130	1	1	28	4395	0	0	47
11.291	1	1	1130	2	1	28	4395	0	0	47
11.292	1	1	1130	3	1	28	4395	0	0	47
11.293	1	1	1130	4	1	28	4395	0	0	47
11.301	1	1	1131	2	1	28	4395	0	0	47
11.302	1	1	1131	3	1	28	4395	0	0	47
11.303	1	1	1131	4	1	28	4395	0	0	47
11.304	1	1	1131	5	1	28	4395	0	0	47
11.305	1	1	1131	6	1	28	4395	0	0	47
11.306	1	1	1131	7	1	28	4395	0	0	47
11.501	1	1	1151	2	1	28	4395	0	0	47
11.502	1	1	1151	3	1	28	4395	0	0	47
11.503	1	1	1151	4	1	28	4395	0	0	47
11.504	1	1	1151	5	1	28	4395	0	0	47
11.505	1	1	1151	6	1	28	4395	0	0	47
11.506	1	1	1151	7	1	28	4395	0	0	47
11.507	1	1	1151	8	1	28	4395	0	0	47
11.508	1	1	1151	9	1	28	4395	0	0	47
11.509	1	1	1151	10	1	28	4395	0	0	47
11.51	1	1	1152	1	1	28	4395	0	0	47
11.518	1	1	1152	9	1	28	4395	0	0	47
11.519	1	1	1152	10	1	28	4395	0	0	47
11.52	1	1	1153	1	1	28	4395	0	0	47
11.521	1	1	1153	2	1	28	4395	0	0	47
11.522	1	1	1153	3	1	28	4395	0	0	47
11.523	1	1	1153	4	1	28	4395	0	0	47
11.718	1	1	1172	9	1	28	4395	0	0	47
11.719	1	1	1172	10	1	28	4395	0	0	47
11.72	1	1	1173	1	1	28	4395	0	0	47
11.721	1	1	1173	2	1	28	4395	0	0	47
11.722	1	1	1173	3	1	28	4395	0	0	47
11.723	1	1	1173	4	1	28	4395	0	0	47
11.724	1	1	1173	5	1	28	4395	0	0	47
11.725	1	1	1173	6	1	28	4395	0	0	47
11.726	1	1	1173	7	1	28	4395	0	0	47
11.727	1	1	1173	8	1	28	4395	0	0	47
11.735	1	1	1174	6	1	28	4395	0	0	47
11.736	1	1	1174	7	1	28	4395	0	0	47
11.737	1	1	1174	8	1	28	4395	0	0	47
11.738	1	1	1174	9	1	28	4395	0	0	47
11.739	1	1	1174	10	1	28	4395	0	0	47
11.74	1	1	1175	1	1	28	4395	0	0	47
11.935	1	1	1194	6	1	28	4395	0	0	47
11.936	1	1	1194	7	1	28	4395	0	0	47
11.937	1	1	1194	8	1	28	4395	0	0	47
11.938	1	1	1194	9	1	28	4395	0	0	47
11.939	1	1	1194	10	1	28	4395	0	0	47
11.94	1	1	1195	1	1	28	4395	0	0	47
11.941	1	1	1195	2	1	28	4395	0	0	47
11.942	1	1	1195	3	1	28	4395	0	0	47
11.943	1	1	1195	4	1	28	4395	0	0	47
11.944	1	1	1195	5	1	28	4395	0	0	47
11.952	1	1	1196	3	1	28	4395	0	0	47
11.953	1	1	1196	4	1	28	4395	0	0	47
11.954	1	1	1196	5	1	28	4395	0	0	47
11.955	1	1	1196	6	1	28	4395	0	0	47
11.956	1	1	1196	7	1	28	4395	0	0	47
11.957	1	1	1196	8	1	28	4395	0	0	47
12.152	1	1	1216	3	1	28	4395	0	0	47
12.153	1	1	1216	4	1	28	4395	0	0	47
12.154	1	1	1216	5	1	28	4395	0	0	47
12.155	1	1	1216	6	1	28	4395	0	0	47
12.156	1	1	1216	7	1	28	4395	0	0	47
12.157	1	1	1216	8	1	28	4395	0	0	47
12.158	1	1	1216	9	1	28	4395	0	0	47
12.159	1	1	1216	10	1	28	4395	0	0	47
12.16	1	1	1217	1	1	28	4395	0	0	47
12.161	1	1	1217	2	1	28	4395	0	0	47
12.169	1	1	1217	10	1	28	4395	0	0	47
12.17	1	1	1218	1	1	28	4395	0	0	47
12.171	1	1	1218	2	1	28	4395	0	0	47
12.172	1	1	1218	3	1	28	4395	0	0	47
12.173	1	1	1218	4	1	28	4395	0	0	47
12.174	1	1	1218	5	1	28	4395	0	0	47
12.369	1	1	1237	10	1	28	4395	0	0	47
12.37	1	1	1238	1	1	28	4395	0	0	47
12.371	1	1	1238	2	1	28	4395	0	0	47
12.372	1	1	1238	3	1	28	4395	0	0	47
12.373	1	1	1238	4	1	28	4395	0	0	47
12.374	1	1	1238	5	1	28	4395	0	0	47
12.375	1	1	1238	6	1	28	4395	0	0	47
12.376	1	1	1238	7	1	28	4395	0	0	47
12.377	1	1	1238	8	1	28	4395	0	0	47
12.378	1	1	1238	9	1	28	4395	0	0	47
12.386	1	1	1239	7	1	28	4395	0	0	47
12.387	1	1	1239	8	1	28	4395	0	0	47
12.388	1	1	1239	9	1	28	4395	0	0	47
12.389	1	1	1239	10	1	28	4395	0	0	47
12.39	1	1	1240	1	1	28	4395	0	0	47
12.391	1	1	1240	2	1	28	4395	0	0	47
12.586	1	1	1259	7	1	28	4395	0	0	47
12.587	1	1	1259	8	1	28	4395	0	0	47
12.588	1	1	1259	9	1	28	4395	0	0	47
12.589	1	1	1259	10	1	28	4395	0	0	47
12.59	1	1	1260	1	1	28	4395	0	0	47
12.591	1	1	1260	2	1	28	4395	0	0	47
12.592	1	1	1260	3	1	28	4395	0	0	47
12.593	1	1	1260	4	1	28	4395	0	0	47
12.594	1	1	1260	5	1	28	4395	0	0	47
12.595	1	1	1260	6	1	28	4395	0	0	47
12.603	1	1	1261	4	1	28	4395	0	0	47
12.604	1	1	1261	5	1	28	4395	0	0	47
12.605	1	1	1261	6	1	28	4395	0	0	47
12.606	1	1	1261	7	1	28	4395	0	0	47
12.607	1	1	1261	8	1	28	4395	0	0	47
12.608	1	1	1261	9	1	28	4395	0	0	47
12.803	1	1	1281	4	1	28	4395	0	0	47
12.804	1	1	1281	5	1	28	4395	0	0	47
12.805	1	1	1281	6	1	28	4395	0	0	47
12.806	1	1	1281	7	1	28	4395	0	0	47
12.807	1	1	1281	8	1	28	4395	0	0	47
12.808	1	1	1281	9	1	28	4395	0	0	47
12.809	1	1	1281	10	1	28	4395	0	0	47
12.81	1	1	1282	1	1	28	4395	0	0	47
12.811	1	1	1282	2	1	28	4395	0	0	47
12.812	1	1	1282	3	1	28	4395	0	0	47
12.82	1	1	1283	1	1	28	4395	0	0	47
12.821	1	1	1283	2	1	28	4395	0	0	47
12.822	1	1	1283	3	1	28	4395	0	0	47
12.823	1	1	1283	4	1	28	4395	0	0	47
12.824	1	1	1283	5	1	28	4395	0	0	47
12.825	1	1	1283	6	1	28	4395	0	0	47
13.02	1	1	1303	1	1	28	4395	0	0	47
13.021	1	1	1303	2	1	28	4395	0	0	47
13.022	1	1	1303	3	1	28	4395	0	0	47
13.023	1	1	1303	4	1	28	4395	0	0	47
13.024	1	1	1303	5	1	28	4395	0	0	47
13.025	1	1	1303	6	1	28	4395	0	0	47
13.026	1	1	1303	7	1	28	4395	0	0	47
13.027	1	1	1303	8	1	28	4395	0	0	47
13.028	1	1	1303	9	1	28	4395	0	0	47
13.029	1	1	1303	10	1	28	4395	0	0	47
13.037	1	1	1304	8	1	28	4395	0	0	47
13.038	1	1	1304	9	1	28	4395	0	0	47
13.039	1	1	1304	10	1	28	4395	0	0	47
13.04	1	1	1305	1	1	28	4395	0	0	47
13.041	1	1	1305	2	1	28	4395	0	0	47
13.042	1	1	1305	3	1	28	4395	0	0	47
13.237	1	1	1324	8	1	28	4395	0	0	47
13.238	1	1	1324	9	1	28	4395	0	0	47
13.239	1	1	1324	10	1	28	4395	0	0	47
13.24	1	1	1325	1	1	28	4395	0	0	47
13.241	1	1	1325	2	1	28	4395	0	0	47
13.242	1	1	1325	3	1	28	4395	0	0	47
13.243	1	1	1325	4	1	28	4395	0	0	47
13.244	1	1	1325	5	1	28	4395	0	0	47
13.245	1	1	1325	6	1	28	4395	0	0	47
13.246	1	1	1325	7	1	28	4395	0	0	47
13.254	1	1	1326	5	1	28	4395	0	0	47
13.255	1	1	1326	6	1	28	4395	0	0	47
13.256	1	1	1326	7	1	28	4395	0	0	47
13.257	1	1	1326	8	1	28	4395	0	0	47
13.258	1	1	1326	9	1	28	4395	0	0	47
13.259	1	1	1326	10	1	28	4395	0	0	47
13.454	1	1	1346	5	1	28	4395	0	0	47
13.455	1	1	1346	6	1	28	4395	0	0	47
13.456	1	1	1346	7	1	28	4395	0	0	47
13.457	1	1	1346	8	1	28	4395	0	0	47
13.458	1	1	1346	9	1	28	4395	0	0	47
13.459	1	1	1346	10	1	28	4395	0	0	47
13.46	1	1	1347	1	1	28	4395	0	0	47
13.461	1	1	1347	2	1	28	4395	0	0	47
13.462	1	1	1347	3	1	28	4395	0	0	47
13.463	1	1	1347	4	1	28	4395	0	0	47
13.471	1	1	1348	2	1	28	4395	0	0	47
13.472	1	1	1348	3	1	28	4395	0	0	47
13.473	1	1	1348	4	1	28	4395	0	0	47
13.474	1	1	1348	5	1	28	4395	0	0	47
13.475	1	1	1348	6	1	28	4395	0	0	47
13.476	1	1	1348	7	1	28	4395	0	0	47
13.671	1	1	1368	2	1	28	4395	0	0	47
13.672	1	1	1368	3	1	28	4395	0	0	47
13.673	1	1	1368	4	1	28	4395	0	0	47
13.674	1	1	1368	5	1	28	4395	0	0	47
13.675	1	1	1368	6	1	28	4395	0	0	47
13.676	1	1	1368	7	1	28	4395	0	0	47
13.677	1	1	1368	8	1	28	4395	0	0	47
13.678	1	1	1368	9	1	28	4395	0	0	47
13.679	1	1	1368	10	1	28	4395	0	0	47
13.68	1	1	1369	1	1	28	4395	0	0	47
13.688	1	1	1369	9	1	28	4395	0	0	47
13.689	1	1	1369	10	1	28	4395	0	0	47
13.69	1	1	1370	1	1	28	4395	0	0	47
13.691	1	1	1370	2	1	28	4395	0	0	47
13.692	1	1	1370	3	1	28	4395	0	0	47
13.693	1	1	1370	4	1	28	4395	0	0	47
13.888	1	1	1389	9	1	28	4395	0	0	47
13.889	1	1	1389	10	1	28	4395	0	0	47
13.89	1	1	1390	1	1	28	4395	0	0	47
13.891	1	1	1390	2	1	28	4395	0	0	47
13.892	1	1	1390	3	1	28	4395	0	0	47
13.893	1	1	1390	4	1	28	4395	0	0	47
13.894	1	1	1390	5	1	28	4395	0	0	47
13.895	1	1	1390	6	1	28	4395	0	0	47
13.896	1	1	1390	7	1	28	4395	0	0	47
13.897	1	1	1390	8	1	28	4395	0	0	47
13.905	1	1	1391	6	1	28	4395	0	0	47
13.906	1	1	1391	7	1	28	4395	0	0	47
13.907	1	1	1391	8	1	28	4395	0	0	47
13.908	1	1	1391	9	1	28	4395	0	0	47
13.909	1	1	1391	10	1	28	4395	0	0	47
13.91	1	1	1392	1	1	28	4395	0	0	47
14.105	1	1	1411	6	1	28	4395	0	0	47
14.106	1	1	1411	7	1	28	4395	0	0	47
14.107	1	1	1411	8	1	28	4395	0	0	47
14.108	1	1	1411	9	1	28	4395	0	0	47
14.109	1	1	1411	10	1	28	4395	0	0	47
14.11	1	1	1412	1	1	28	4395	0	0	47
14.111	1	1	1412	2	1	28	4395	0	0	47
14.112	1	1	1412	3	1	28	4395	0	0	47
14.113	1	1	1412	4	1	28	4395	0	0	47
14.114	1	1	1412	5	1	28	4395	0	0	47
14.122	1	1	1413	3	1	28	4395	0	0	47
14.123	1	1	1413	4	1	28	4395	0	0	47
14.124	1	1	1413	5	1	28	4395	0	0	47
14.125	1	1	1413	6	1	28	4395	0	0	47
14.126	1	1	1413	7	1	28	4395	0	0	47
14.127	1	1	1413	8	1	28	4395	0	0	47
14.322	1	1	1433	3	1	28	4395	0	0	47
14.323	1	1	1433	4	1	28	4395	0	0	47
14.324	1	1	1433	5	1	28	4395	0	0	47
14.325	1	1	1433	6	1	28	4395	0	0	47
14.326	1	1	1433	7	1	28	4395	0	0	47
14.327	1	1	1433	8	1	28	4395	0	0	47
14.328	1	1	1433	9	1	28	4395	0	0	47
14.329	1	1	1433	10	1	28	4395	0	0	47
14.33	1	1	1434	1	1	28	4395	0	0	47
14.331	1	1	1434	2	1	28	4395	0	0	47
14.339	1	1	1434	10	1	28	4395	0	0	47
14.34	1	1	1435	1	1	28	4395	0	0	47
14.341	1	1	1435	2	1	28	4395	0	0	47
14.342	1	1	1435	3	1	28	4395	0	0	47
14.343	1	1	1435	4	1	28	4395	0	0	47
14.344	1	1	1435	5	1	28	4395	0	0	47
14.539	1	1	1454	10	1	28	4395	0	0	47
14.54	1	1	1455	1	1	28	4395	0	0	47
14.541	1	1	1455	2	1	28	4395	0	0	47
14.542	1	1	1455	3	1	28	4395	0	0	47
14.543	1	1	1455	4	1	28	4395	0	0	47
14.544	1	1	1455	5	1	28	4395	0	0	47
14.545	1	1	1455	6	1	28	4395	0	0	47
14.546	1	1	1455	7	1	28	4395	0	0	47
14.547	1	1	1455	8	1	28	4395	0	0	47
14.548	1	1	1455	9	1	28	4395	0	0	47
14.556	1	1	1456	7	1	28	4395	0	0	47
14.557	1	1	1456	8	1	28	4395	0	0	47
14.558	1	1	1456	9	1	28	4395	0	0	47
14.559	1	1	1456	10	1	28	4395	0	0	47
14.56	1	1	1457	1	1	28	4395	0	0	47
14.561	1	1	1457	2	1	28	4395	0	0	47
14.756	1	1	1476	7	1	28	4395	0	0	47
14.757	1	1	1476	8	1	28	4395	0	0	47
14.758	1	1	1476	9	1	28	4395	0	0	47
14.759	1	1	1476	10	1	28	4395	0	0	47
14.76	1	1	1477	1	1	28	4395	0	0	47
14.761	1	1	1477	2	1	28	4395	0	0	47
14.762	1	1	1477	3	1	28	4395	0	0	47
14.763	1	1	1477	4	1	28	4395	0	0	47
14.764	1	1	1477	5	1	28	4395	0	0	47
14.765	1	1	1477	6	1	28	4395	0	0	47
14.773	1	1	1478	4	1	28	4395	0	0	47
14.774	1	1	1478	5	1	28	4395	0	0	47
14.775	1	1	1478	6	1	28	4395	0	0	47
14.776	1	1	1478	7	1	28	4395	0	0	47
14.777	1	1	1478	8	1	28	4395	0	0	47
14.778	1	1	1478	9	1	28	4395	0	0	47
14.973	1	1	1498	4	1	28	4395	0	0	47
14.974	1	1	1498	5	1	28	4395	0	0	47
14.975	1	1	1498	6	1	28	4395	0	0	47
14.976	1	1	1498	7	1	28	4395	0	0	47
14.977	1	1	1498	8	1	28	4395	0	0	47
14.978	1	1	1498	9	1	28	4395	0	0	47
14.979	1	1	1498	10	1	28	4395	0	0	47
14.98	1	1	1499	1	1	28	4395	0	0	47
14.981	1	1	1499	2	1	28	4395	0	0	47
14.982	1	1	1499	3	1	28	4395	0	0	47
14.99	1	1	1500	1	1	28	4395	0	0	47
14.991	1	1	1500	2	1	28	4395	0	0	47
14.992	1	1	1500	3	1	28	4395	0	0	47
14.993	1	1	1500	4	1	28	4395	0	0	47
14.994	1	1	1500	5	1	28	4395	0	0	47
14.995	1	1	1500	6	1	28	4395	0	0	47
15.19	1	1	1520	1	1	28	4395	0	0	47
15.191	1	1	1520	2	1	28	4395	0	0	47
15.192	1	1	1520	3	1	28	4395	0	0	47
15.193	1	1	1520	4	1	28	4395	0	0	47
15.194	1	1	1520	5	1	28	4395	0	0	47
15.195	1	1	1520	6	1	28	4395	0	0	47
15.196	1	1	1520	7	1	28	4395	0	0	47
15.197	1	1	1520	8	1	28	4395	0	0	47
15.198	1	1	1520	9	1	28	4395	0	0	47
15.199	1	1	1520	10	1	28	4395	0	0	47
15.207	1	1	1521	8	1	28	4395	0	0	47
15.208	1	1	1521	9	1	28	4395	0	0	47
15.209	1	1	1521	10	1	28	4395	0	0	47
15.21	1	1	1522	1	1	28	4395	0	0	47
15.211	1	1	1522	2	1	28	4395	0	0	47
15.212	1	1	1522	3	1	28	4395	0	0	47
15.407	1	1	1541	8	1	28	4395	0	0	47
15.408	1	1	1541	9	1	28	4395	0	0	47
15.409	1	1	1541	10	1	28	4395	0	0	47
15.41	1	1	1542	1	1	28	4395	0	0	47
15.411	1	1	1542	2	1	28	4395	0	0	47
15.412	1	1	1542	3	1	28	4395	0	0	47
15.413	1	1	1542	4	1	28	4395	0	0	47
15.414	1	1	1542	5	1	28	4395	0	0	47
15.415	1	1	1542	6	1	28	4395	0	0	47
15.416	1	1	1542	7	1	28	4395	0	0	47
15.424	1	1	1543	5	1	28	4395	0	0	47
15.425	1	1	1543	6	1	28	4395	0	0	47
15.426	1	1	1543	7	1	28	4395	0	0	47
15.427	1	1	1543	8	1	28	4395	0	0	47
15.428	1	1	1543	9	1	28	4395	0	0	47
15.429	1	1	1543	10	1	28	4395	0	0	47
15.624	1	1	1563	5	1	28	4395	0	0	47
15.625	1	1	1563	6	1	28	4395	0	0	47
15.626	1	1	1563	7	1	28	4395	0	0	47
15.627	1	1	1563	8	1	28	4395	0	0	47
15.628	1	1	1563	9	1	28	4395	0	0	47
15.629	1	1	1563	10	1	28	4395	0	0	47
15.63	1	1	1564	1	1	28	4395	0	0	47
15.631	1	1	1564	2	1	28	4395	0	0	47
15.632	1	1	1564	3	1	28	4395	0	0	47
15.633	1	1	1564	4	1	28	4395	0	0	47
15.641	1	1	1565	2	1	28	4395	0	0	47
15.642	1	1	1565	3	1	28	4395	0	0	47
15.643	1	1	1565	4	1	28	4395	0	0	47
15.644	1	1	1565	5	1	28	4395	0	0	47
15.645	1	1	1565	6	1	28	4395	0	0	47
15.646	1	1	1565	7	1	28	4395	0	0	47
15.841	1	1	1585	2	1	28	4395	0	0	47
15.842	1	1	1585	3	1	28	4395	0	0	47
15.843	1	1	1585	4	1	28	4395	0	0	47
15.844	1	1	1585	5	1	28	4395	0	0	47
15.845	1	1	1585	6	1	28	4395	0	0	47
15.846	1	1	1585	7	1	28	4395	0	0	47
15.847	1	1	1585	8	1	28	4395	0	0	47
15.848	1	1	1585	9	1	28	4395	0	0	47
15.849	1	1	1585	10	1	28	4395	0	0	47
15.85	1	1	1586	1	1	28	4395	0	0	47
15.858	1	1	1586	9	1	28	4395	0	0	47
15.859	1	1	1586	10	1	28	4395	0	0	47
15.86	1	1	1587	1	1	28	4395	0	0	47
15.861	1	1	1587	2	1	28	4395	0	0	47
15.862	1	1	1587	3	1	28	4395	0	0	47
15.863	1	1	1587	4	1	28	4395	0	0	47
16.058	1	1	1606	9	1	28	4395	0	0	47
16.059	1	1	1606	10	1	28	4395	0	0	47
16.06	1	1	1607	1	1	28	4395	0	0	47
16.061	1	1	1607	2	1	28	4395	0	0	47
16.062	1	1	1607	3	1	28	4395	0	0	47
16.063	1	1	1607	4	1	28	4395	0	0	47
16.064	1	1	1607	5	1	28	4395	0	0	47
16.065	1	1	1607	6	1	28	4395	0	0	47
16.066	1	1	1607	7	1	28	4395	0	0	47
16.067	1	1	1607	8	1	28	4395	0	0	47
16.075	1	1	1608	6	1	28	4395	0	0	47
16.076	1	1	1608	7	1	28	4395	0	0	47
16.077	1	1	1608	8	1	28	4395	0	0	47
16.078	1	1	1608	9	1	28	4395	0	0	47
16.079	1	1	1608	10	1	28	4395	0	0	47
16.08	1	1	1609	1	1	28	4395	0	0	47
16.275	1	1	1628	6	1	28	4395	0	0	47
16.276	1	1	1628	7	1	28	4395	0	0	47
16.277	1	1	1628	8	1	28	4395	0	0	47
16.278	1	1	1628	9	1	28	4395	0	0	47
16.279	1	1	1628	10	1	28	4395	0	0	47
16.28	1	1	1629	1	1	28	4395	0	0	47
16.281	1	1	1629	2	1	28	4395	0	0	47
16.282	1	1	1629	3	1	28	4395	0	0	47
16.283	1	1	1629	4	1	28	4395	0	0	47
16.284	1	1	1629	5	1	28	4395	0	0	47
16.292	1	1	1630	3	1	28	4395	0	0	47
16.293	1	1	1630	4	1	28	4395	0	0	47
16.294	1	1	1630	5	1	28	4395	0	0	47
16.295	1	1	1630	6	1	28	4395	0	0	47
16.296	1	1	1630	7	1	28	4395	0	0	47
16.297	1	1	1630	8	1	28	4395	0	0	47
16.492	1	1	1650	3	1	28	4395	0	0	47
16.493	1	1	1650	4	1	28	4395	0	0	47
16.494	1	1	1650	5	1	28	4395	0	0	47
16.495	1	1	1650	6	1	28	4395	0	0	47
16.496	1	1	1650	7	1	28	4395	0	0	47
16.497	1	1	1650	8	1	28	4395	0	0	47
16.498	1	1	1650	9	1	28	4395	0	0	47
16.499	1	1	1650	10	1	28	4395	0	0	47
16.5	1	1	1651	1	1	28	4395	0	0	47
16.501	1	1	1651	2	1	28	4395	0	0	47
16.509	1	1	1651	10	1	28	4395	0	0	47
16.51	1	1	1652	1	1	28	4395	0	0	47
16.511	1	1	1652	2	1	28	4395	0	0	47
16.512	1	1	1652	3	1	28	4395	0	0	47
16.513	1	1	1652	4	1	28	4395	0	0	47
16.514	1	1	1652	5	1	28	4395	0	0	47
16.709	1	1	1671	10	1	28	4395	0	0	47
16.71	1	1	1672	1	1	28	4395	0	0	47
16.711	1	1	1672	2	1	28	4395	0	0	47
16.712	1	1	1672	3	1	28	4395	0	0	47
16.713	1	1	1672	4	1	28	4395	0	0	47
16.714	1	1	1672	5	1	28	4395	0	0	47
16.715	1	1	1672	6	1	28	4395	0	0	47
16.716	1	1	1672	7	1	28	4395	0	0	47
16.717	1	1	1672	8	1	28	4395	0	0	47
16.718	1	1	1672	9	1	28	4395	0	0	47
16.726	1	1	1673	7	1	28	4395	0	0	47
16.727	1	1	1673	8	1	28	4395	0	0	47
16.728	1	1	1673	9	1	28	4395	0	0	47
16.729	1	1	1673	10	1	28	4395	0	0	47
16.73	1	1	1674	1	1	28	4395	0	0	47
16.731	1	1	1674	2	1	28	4395	0	0	47
16.926	1	1	1693	7	1	28	4395	0	0	47
16.927	1	1	1693	8	1	28	4395	0	0	47
16.928	1	1	1693	9	1	28	4395	0	0	47
16.929	1	1	1693	10	1	28	4395	0	0	47
16.93	1	1	1694	1	1	28	4395	0	0	47
16.931	1	1	1694	2	1	28	4395	0	0	47
16.932	1	1	1694	3	1	28	4395	0	0	47
16.933	1	1	1694	4	1	28	4395	0	0	47
16.934	1	1	1694	5	1	28	4395	0	0	47
16.935	1	1	1694	6	1	28	4395	0	0	47
16.943	1	1	1695	4	1	28	4395	0	0	47
16.944	1	1	1695	5	1	28	4395	0	0	47
16.945	1	1	1695	6	1	28	4395	0	0	47
16.946	1	1	1695	7	1	28	4395	0	0	47
16.947	1	1	1695	8	1	28	4395	0	0	47
16.948	1	1	1695	9	1	28	4395	0	0	47
17.143	1	1	1715	4	1	28	4395	0	0	47
17.144	1	1	1715	5	1	28	4395	0	0	47
17.145	1	1	1715	6	1	28	4395	0	0	47
17.146	1	1	1715	7	1	28	4395	0	0	47
17.147	1	1	1715	8	1	28	4395	0	0	47
17.148	1	1	1715	9	1	28	4395	0	0	47
17.149	1	1	1715	10	1	28	4395	0	0	47
17.15	1	1	1716	1	1	28	4395	0	0	47
17.151	1	1	1716	2	1	28	4395	0	0	47
17.152	1	1	1716	3	1	28	4395	0	0	47
17.16	1	1	1717	1	1	28	4395	0	0	47
17.161	1	1	1717	2	1	28	4395	0	0	47
17.162	1	1	1717	3	1	28	4395	0	0	47
17.163	1	1	1717	4	1	28	4395	0	0	47
17.164	1	1	1717	5	1	28	4395	0	0	47
17.165	1	1	1717	6	1	28	4395	0	0	47
17.36	1	1	1737	1	1	28	4395	0	0	47
17.361	1	1	1737	2	1	28	4395	0	0	47
17.362	1	1	1737	3	1	28	4395	0	0	47
17.363	1	1	1737	4	1	28	4395	0	0	47
17.364	1	1	1737	5	1	28	4395	0	0	47
17.365	1	1	1737	6	1	28	4395	0	0	47
17.366	1	1	1737	7	1	28	4395	0	0	47
17.367	1	1	1737	8	1	28	4395	0	0	47
17.368	1	1	1737	9	1	28	4395	0	0	47
17.369	1	1	1737	10	1	28	4395	0	0	47
17.377	1	1	1738	8	1	28	4395	0	0	47
17.378	1	1	1738	9	1	28	4395	0	0	47
17.379	1	1	1738	10	1	28	4395	0	0	47
17.38	1	1	1739	1	1	28	4395	0	0	47
17.381	1	1	1739	2	1	28	4395	0	0	47
17.382	1	1	1739	3	1	28	4395	0	0	47
17.577	1	1	1758	8	1	28	4395	0	0	47
17.578	1	1	1758	9	1	28	4395	0	0	47
17.579	1	1	1758	10	1	28	4395	0	0	47
17.58	1	1	1759	1	1	28	4395	0	0	47
17.581	1	1	1759	2	1	28	4395	0	0	47
17.582	1	1	1759	3	1	28	4395	0	0	47
17.583	1	1	1759	4	1	28	4395	0	0	47
17.584	1	1	1759	5	1	28	4395	0	0	47
17.585	1	1	1759	6	1	28	4395	0	0	47
17.586	1	1	1759	7	1	28	4395	0	0	47
17.594	1	1	1760	5	1	28	4395	0	0	47
17.595	1	1	1760	6	1	28	4395	0	0	47
17.596	1	1	1760	7	1	28	4395	0	0	47
17.597	1	1	1760	8	1	28	4395	0	0	47
17.598	1	1	1760	9	1	28	4395	0	0	47
17.599	1	1	1760	10	1	28	4395	0	0	47
17.794	1	1	1780	5	1	28	4395	0	0	47
17.795	1	1	1780	6	1	28	4395	0	0	47
17.796	1	1	1780	7	1	28	4395	0	0	47
17.797	1	1	1780	8	1	28	4395	0	0	47
17.798	1	1	1780	9	1	28	4395	0	0	47
17.799	1	1	1780	10	1	28	4395	0	0	47
17.8	1	1	1781	1	1	28	4395	0	0	47
17.801	1	1	1781	2	1	28	4395	0	0	47
17.802	1	1	1781	3	1	28	4395	0	0	47
17.803	1	1	1781	4	1	28	4395	0	0	47
17.811	1	1	1782	2	1	28	4395	0	0	47
17.812	1	1	1782	3	1	28	4395	0	0	47
17.813	1	1	1782	4	1	28	4395	0	0	47
17.814	1	1	1782	5	1	28	4395	0	0	47
17.815	1	1	1782	6	1	28	4395	0	0	47
17.816	1	1	1782	7	1	28	4395	0	0	47
18.011	1	1	1802	2	1	28	4395	0	0	47
18.012	1	1	1802	3	1	28	4395	0	0	47
18.013	1	1	1802	4	1	28	4395	0	0	47
18.014	1	1	1802	5	1	28	4395	0	0	47
18.015	1	1	1802	6	1	28	4395	0	0	47
18.016	1	1	1802	7	1	28	4395	0	0	47
18.017	1	1	1802	8	1	28	4395	0	0	47
18.018	1	1	1802	9	1	28	4395	0	0	47
18.019	1	1	1802	10	1	28	4395	0	0	47
18.02	1	1	1803	1	1	28	4395	0	0	47
18.028	1	1	1803	9	1	28	4395	0	0	47
18.029	1	1	1803	10	1	28	4395	0	0	47
18.03	1	1	1804	1	1	28	4395	0	0	47
18.031	1	1	1804	2	1	28	4395	0	0	47
18.032	1	1	1804	3	1	28	4395	0	0	47
18.033	1	1	1804	4	1	28	4395	0	0	47
18.228	1	1	1823	9	1	28	4395	0	0	47
18.229	1	1	1823	10	1	28	4395	0	0	47
18.23	1	1	1824	1	1	28	4395	0	0	47
18.231	1	1	1824	2	1	28	4395	0	0	47
18.232	1	1	1824	3	1	28	4395	0	0	47
18.233	1	1	1824	4	1	28	4395	0	0	47
18.234	1	1	1824	5	1	28	4395	0	0	47
18.235	1	1	1824	6	1	28	4395	0	0	47
18.236	1	1	1824	7	1	28	4395	0	0	47
18.237	1	1	1824	8	1	28	4395	0	0	47
18.245	1	1	1825	6	1	28	4395	0	0	47
18.246	1	1	1825	7	1	28	4395	0	0	47
18.247	1	1	1825	8	1	28	4395	0	0	47
18.248	1	1	1825	9	1	28	4395	0	0	47
18.249	1	1	1825	10	1	28	4395	0	0	47
18.25	1	1	1826	1	1	28	4395	0	0	47
18.445	1	1	1845	6	1	28	4395	0	0	47
18.446	1	1	1845	7	1	28	4395	0	0	47
18.447	1	1	1845	8	1	28	4395	0	0	47
18.448	1	1	1845	9	1	28	4395	0	0	47
18.449	1	1	1845	10	1	28	4395	0	0	47
18.45	1	1	1846	1	1	28	4395	0	0	47
18.451	1	1	1846	2	1	28	4395	0	0	47
18.452	1	1	1846	3	1	28	4395	0	0	47
18.453	1	1	1846	4	1	28	4395	0	0	47
18.454	1	1	1846	5	1	28	4395	0	0	47
18.462	1	1	1847	3	1	28	4395	0	0	47
18.463	1	1	1847	4	1	28	4395	0	0	47
18.464	1	1	1847	5	1	28	4395	0	0	47
18.465	1	1	1847	6	1	28	4395	0	0	47
18.466	1	1	1847	7	1	28	4395	0	0	47
18.467	1	1	1847	8	1	28	4395	0	0	47
18.662	1	1	1867	3	1	28	4395	0	0	47
18.663	1	1	1867	4	1	28	4395	0	0	47
18.664	1	1	1867	5	1	28	4395	0	0	47
18.665	1	1	1867	6	1	28	4395	0	0	47
18.666	1	1	1867	7	1	28	4395	0	0	47
18.667	1	1	1867	8	1	28	4395	0	0	47
18.668	1	1	1867	9	1	28	4395	0	0	47
18.669	1	1	1867	10	1	28	4395	0	0	47
18.67	1	1	1868	1	1	28	4395	0	0	47
18.671	1	1	1868	2	1	28	4395	0	0	47
18.679	1	1	1868	10	1	28	4395	0	0	47
18.68	1	1	1869	1	1	28	4395	0	0	47
18.681	1	1	1869	2	1	28	4395	0	0	47
18.682	1	1	1869	3	1	28	4395	0	0	47
18.683	1	1	1869	4	1	28	4395	0	0	47
18.684	1	1	1869	5	1	28	4395	0	0	47
18.879	1	1	1888	10	1	28	4395	0	0	47
18.88	1	1	1889	1	1	28	4395	0	0	47
18.881	1	1	1889	2	1	28	4395	0	0	47
18.882	1	1	1889	3	1	28	4395	0	0	47
18.883	1	1	1889	4	1	28	4395	0	0	47
18.884	1	1	1889	5	1	28	4395	0	0	47
18.885	1	1	1889	6	1	28	4395	0	0	47
18.886	1	1	1889	7	1	28	4395	0	0	47
18.887	1	1	1889	8	1	28	4395	0	0	47
18.888	1	1	1889	9	1	28	4395	0	0	47
18.896	1	1	1890	7	1	28	4395	0	0	47
18.897	1	1	1890	8	1	28	4395	0	0	47
18.898	1	1	1890	9	1	28	4395	0	0	47
18.899	1	1	1890	10	1	28	4395	0	0	47
18.9	1	1	1891	1	1	28	4395	0	0	47
18.901	1	1	1891	2	1	28	4395	0	0	47
19.096	1	1	1910	7	1	28	4395	0	0	47
19.097	1	1	1910	8	1	28	4395	0	0	47
19.098	1	1	1910	9	1	28	4395	0	0	47
19.099	1	1	1910	10	1	28	4395	0	0	47
19.1	1	1	1911	1	1	28	4395	0	0	47
19.101	1	1	1911	2	1	28	4395	0	0	47
19.102	1	1	1911	3	1	28	4395	0	0	47
19.103	1	1	1911	4	1	28	4395	0	0	47
19.104	1	1	1911	5	1	28	4395	0	0	47
19.105	1	1	1911	6	1	28	4395	0	0	47
19.113	1	1	1912	4	1	28	4395	0	0	47
19.114	1	1	1912	5	1	28	4395	0	0	47
19.115	1	1	1912	6	1	28	4395	0	0	47
19.116	1	1	1912	7	1	28	4395	0	0	47
19.117	1	1	1912	8	1	28	4395	0	0	47
19.118	1	1	1912	9	1	28	4395	0	0	47
19.313	1	1	1932	4	1	28	4395	0	0	47
19.314	1	1	1932	5	1	28	4395	0	0	47
19.315	1	1	1932	6	1	28	4395	0	0	47
19.316	1	1	1932	7	1	28	4395	0	0	47
19.317	1	1	1932	8	1	28	4395	0	0	47
19.318	1	1	1932	9	1	28	4395	0	0	47
19.319	1	1	1932	10	1	28	4395	0	0	47
19.32	1	1	1933	1	1	28	4395	0	0	47
19.321	1	1	1933	2	1	28	4395	0	0	47
19.322	1	1	1933	3	1	28	4395	0	0	47
19.33	1	1	1934	1	1	28	4395	0	0	47
19.331	1	1	1934	2	1	28	4395	0	0	47
19.332	1	1	1934	3	1	28	4395	0	0	47
19.333	1	1	1934	4	1	28	4395	0	0	47
19.334	1	1	1934	5	1	28	4395	0	0	47
19.335	1	1	1934	6	1	28	4395	0	0	47
19.53	1	1	1954	1	1	28	4395	0	0	47
19.531	1	1	1954	2	1	28	4395	0	0	47
19.532	1	1	1954	3	1	28	4395	0	0	47
19.533	1	1	1954	4	1	28	4395	0	0	47
19.534	1	1	1954	5	1	28	4395	0	0	47
19.535	1	1	1954	6	1	28	4395	0	0	47
19.536	1	1	1954	7	1	28	4395	0	0	47
19.537	1	1	1954	8	1	28	4395	0	0	47
19.538	1	1	1954	9	1	28	4395	0	0	47
19.539	1	1	1954	10	1	28	4395	0	0	47
19.547	1	1	1955	8	1	28	4395	0	0	47
19.548	1	1	1955	9	1	28	4395	0	0	47
19.549	1	1	1955	10	1	28	4395	0	0	47
19.55	1	1	1956	1	1	28	4395	0	0	47
19.551	1	1	1956	2	1	28	4395	0	0	47
19.552	1	1	1956	3	1	28	4395	0	0	47
19.747	1	1	1975	8	1	28	4395	0	0	47
19.748	1	1	1975	9	1	28	4395	0	0	47
19.749	1	1	1975	10	1	28	4395	0	0	47
19.75	1	1	1976	1	1	28	4395	0	0	47
19.751	1	1	1976	2	1	28	4395	0	0	47
19.752	1	1	1976	3	1	28	4395	0	0	47
19.753	1	1	1976	4	1	28	4395	0	0	47
19.754	1	1	1976	5	1	28	4395	0	0	47
19.755	1	1	1976	6	1	28	4395	0	0	47
19.756	1	1	1976	7	1	28	4395	0	0	47
19.764	1	1	1977	5	1	28	4395	0	0	47
19.765	1	1	1977	6	1	28	4395	0	0	47
19.766	1	1	1977	7	1	28	4395	0	0	47
19.767	1	1	1977	8	1	28	4395	0	0	47
19.768	1	1	1977	9	1	28	4395	0	0	47
19.769	1	1	1977	10	1	28	4395	0	0	47
19.964	1	1	1997	5	1	28	4395	0	0	47
19.965	1	1	1997	6	1	28	4395	0	0	47
19.966	1	1	1997	7	1	28	4395	0	0	47
19.967	1	1	1997	8	1	28	4395	0	0	47
19.968	1	1	1997	9	1	28	4395	0	0	47
19.969	1	1	1997	10	1	28	4395	0	0	47
19.97	1	1	1998	1	1	28	4395	0	0	47
19.971	1	1	1998	2	1	28	4395	0	0	47
19.972	1	1	1998	3	1	28	4395	0	0	47
19.973	1	1	1998	4	1	28	4395	0	0	47
19.981	1	1	1999	2	1	28	4395	0	0	47
19.982	1	1	1999	3	1	28	4395	0	0	47
19.983	1	1	1999	4	1	28	4395	0	0	47
19.984	1	1	1999	5	1	28	4395	0	0	47
19.985	1	1	1999	6	1	28	4395	0	0	47
19.986	1	1	1999	7	1	28	4395	0	0	47
20.181	1	1	2019	2	1	28	4395	0	0	47
20.182	1	1	2019	3	1	28	4395	0	0	47
20.183	1	1	2019	4	1	28	4395	0	0	47
20.184	1	1	2019	5	1	28	4395	0	0	47
20.185	1	1	2019	6	1	28	4395	0	0	47
20.186	1	1	2019	7	1	28	4395	0	0	47
20.187	1	1	2019	8	1	28	4395	0	0	47
20.188	1	1	2019	9	1	28	4395	0	0	47
20.189	1	1	2019	10	1	28	4395	0	0	47
20.19	1	1	2020	1	1	28	4395	0	0	47
20.198	1	1	2020	9	1	28	4395	0	0	47
20.199	1	1	2020	10	1	28	4395	0	0	47
20.2	1	1	2021	1	1	28	4395	0	0	47
20.201	1	1	2021	2	1	28	4395	0	0	47
20.202	1	1	2021	3	1	28	4395	0	0	47
20.203	1	1	2021	4	1	28	4395	0	0	47
20.398	1	1	2040	9	1	28	4395	0	0	47
20.399	1	1	2040	10	1	28	4395	0	0	47
20.4	1	1	2041	1	1	28	4395	0	0	47
20.401	1	1	2041	2	1	28	4395	0	0	47
20.402	1	1	2041	3	1	28	4395	0	0	47
20.403	1	1	2041	4	1	28	4395	0	0	47
20.404	1	1	2041	5	1	28	4395	0	0	47
20.405	1	1	2041	6	1	28	4395	0	0	47
20.406	1	1	2041	7	1	28	4395	0	0	47
20.407	1	1	2041	8	1	28	4395	0	0	47
20.415	1	1	2042	6	1	28	4395	0	0	47
20.416	1	1	2042	7	1	28	4395	0	0	47
20.417	1	1	2042	8	1	28	4395	0	0	47
20.418	1	1	2042	9	1	28	4395	0	0	47
20.419	1	1	2042	10	1	28	4395	0	0	47
20.42	1	1	2043	1	1	28	4395	0	0	47
20.615	1	1	2062	6	1	28	4395	0	0	47
20.616	1	1	2062	7	1	28	4395	0	0	47
20.617	1	1	2062	8	1	28	4395	0	0	47
20.618	1	1	2062	9	1	28	4395	0	0	47
20.619	1	1	2062	10	1	28	4395	0	0	47
20.62	1	1	2063	1	1	28	4395	0	0	47
20.621	1	1	2063	2	1	28	4395	0	0	47
20.622	1	1	2063	3	1	28	4395	0	0	47
20.623	1	1	2063	4	1	28	4395	0	0	47
20.624	1	1	2063	5	1	28	4395	0	0	47
20.632	1	1	2064	3	1	28	4395	0	0	47
20.633	1	1	2064	4	1	28	4395	0	0	47
20.634	1	1	2064	5	1	28	4395	0	0	47
20.635	1	1	2064	6	1	28	4395	0	0	47
20.636	1	1	2064	7	1	28	4395	0	0	47
20.637	1	1	2064	8	1	28	4395	0	0	47
20.832	1	1	2084	3	1	28	4395	0	0	47
20.833	1	1	2084	4	1	28	4395	0	0	47
20.834	1	1	2084	5	1	28	4395	0	0	47
20.835	1	1	2084	6	1	28	4395	0	0	47
20.836	1	1	2084	7	1	28	4395	0	0	47
20.837	1	1	2084	8	1	28	4395	0	0	47
20.838	1	1	2084	9	1	28	4395	0	0	47
20.839	1	1	2084	10	1	28	4395	0	0	47
20.84	1	1	2085	1	1	28	4395	0	0	47
20.841	1	1	2085	2	1	28	4395	0	0	47
20.849	1	1	2085	10	1	28	4395	0	0	47
20.85	1	1	2086	1	1	28	4395	0	0	47
20.851	1	1	2086	2	1	28	4395	0	0	47
20.852	1	1	2086	3	1	28	4395	0	0	47
20.853	1	1	2086	4	1	28	4395	0	0	47
20.854	1	1	2086	5	1	28	4395	0	0	47
21.049	1	1	2105	10	1	28	4395	0	0	47
21.05	1	1	2106	1	1	28	4395	0	0	47
21.051	1	1	2106	2	1	28	4395	0	0	47
21.052	1	1	2106	3	1	28	4395	0	0	47
21.053	1	1	2106	4	1	28	4395	0	0	47
21.054	1	1	2106	5	1	28	4395	0	0	47
21.055	1	1	2106	6	1	28	4395	0	0	47
21.056	1	1	2106	7	1	28	4395	0	0	47
21.057	1	1	2106	8	1	28	4395	0	0	47
21.058	1	1	2106	9	1	28	4395	0	0	47
21.066	1	1	2107	7	1	28	4395	0	0	47
21.067	1	1	2107	8	1	28	4395	0	0	47
21.068	1	1	2107	9	1	28	4395	0	0	47
21.069	1	1	2107	10	1	28	4395	0	0	47
21.07	1	1	2108	1	1	28	4395	0	0	47
21.071	1	1	2108	2	1	28	4395	0	0	47
21.266	1	1	2127	7	1	28	4395	0	0	47
21.267	1	1	2127	8	1	28	4395	0	0	47
21.268	1	1	2127	9	1	28	4395	0	0	47
21.269	1	1	2127	10	1	28	4395	0	0	47
21.27	1	1	2128	1	1	28	4395	0	0	47
21.271	1	1	2128	2	1	28	4395	0	0	47
21.272	1	1	2128	3	1	28	4395	0	0	47
21.273	1	1	2128	4	1	28	4395	0	0	47
21.274	1	1	2128	5	1	28	4395	0	0	47
21.275	1	1	2128	6	1	28	4395	0	0	47
21.283	1	1	2129	4	1	28	4395	0	0	47
21.284	1	1	2129	5	1	28	4395	0	0	47
21.285	1	1	2129	6	1	28	4395	0	0	47
21.286	1	1	2129	7	1	28	4395	0	0	47
21.287	1	1	2129	8	1	28	4395	0	0	47
21.288	1	1	2129	9	1	28	4395	0	0	47
21.483	1	1	2149	4	1	28	4395	0	0	47
21.484	1	1	2149	5	1	28	4395	0	0	47
21.485	1	1	2149	6	1	28	4395	0	0	47
21.486	1	1	2149	7	1	28	4395	0	0	47
21.487	1	1	2149	8	1	28	4395	0	0	47
21.488	1	1	2149	9	1	28	4395	0	0	47
21.489	1	1	2149	10	1	28	4395	0	0	47
21.49	1	1	2150	1	1	28	4395	0	0	47
21.491	1	1	2150	2	1	28	4395	0	0	47
21.492	1	1	2150	3	1	28	4395	0	0	47
21.5	1	1	2151	1	1	28	4395	0	0	47
21.501	1	1	2151	2	1	28	4395	0	0	47
21.502	1	1	2151	3	1	28	4395	0	0	47
21.503	1	1	2151	4	1	28	4395	0	0	47
21.504	1	1	2151	5	1	28	4395	0	0	47
21.505	1	1	2151	6	1	28	4395	0	0	47
21.7	1	1	2171	1	1	28	4395	0	0	47
21.701	1	1	2171	2	1	28	4395	0	0	47
21.702	1	1	2171	3	1	28	4395	0	0	47
21.703	1	1	2171	4	1	28	4395	0	0	47
21.704	1	1	2171	5	1	28	4395	0	0	47
21.705	1	1	2171	6	1	28	4395	0	0	47
21.706	1	1	2171	7	1	28	4395	0	0	47
21.707	1	1	2171	8	1	28	4395	0	0	47
21.708	1	1	2171	9	1	28	4395	0	0	47
21.709	1	1	2171	10	1	28	4395	0	0	47
21.717	1	1	2172	8	1	28	4395	0	0	47
21.718	1	1	2172	9	1	28	4395	0	0	47
21.719	1	1	2172	10	1	28	4395	0	0	47
21.72	1	1	2173	1	1	28	4395	0	0	47
21.721	1	1	2173	2	1	28	4395	0	0	47
21.722	1	1	2173	3	1	28	4395	0	0	47
21.917	1	1	2192	8	1	28	4395	0	0	47
21.918	1	1	2192	9	1	28	4395	0	0	47
21.919	1	1	2192	10	1	28	4395	0	0	47
21.92	1	1	2193	1	1	28	4395	0	0	47
21.921	1	1	2193	2	1	28	4395	0	0	47
21.922	1	1	2193	3	1	28	4395	0	0	47
21.923	1	1	2193	4	1	28	4395	0	0	47
21.924	1	1	2193	5	1	28	4395	0	0	47
21.925	1	1	2193	6	1	28	4395	0	0	47
21.926	1	1	2193	7	1	28	4395	0	0	47
21.934	1	1	2194	5	1	28	4395	0	0	47
21.935	1	1	2194	6	1	28	4395	0	0	47
21.936	1	1	2194	7	1	28	4395	0	0	47
21.937	1	1	2194	8	1	28	4395	0	0	47
21.938	1	1	2194	9	1	28	4395	0	0	47
21.939	1	1	2194	10	1	28	4395	0	0	47
22.134	1	1	2214	5	1	28	4395	0	0	47
22.135	1	1	2214	6	1	28	4395	0	0	47
22.136	1	1	2214	7	1	28	4395	0	0	47
22.137	1	1	2214	8	1	28	4395	0	0	47
22.138	1	1	2214	9	1	28	4395	0	0	47
22.139	1	1	2214	10	1	28	4395	0	0	47
22.14	1	1	2215	1	1	28	4395	0	0	47
22.141	1	1	2215	2	1	28	4395	0	0	47
22.142	1	1	2215	3	1	28	4395	0	0	47
22.143	1	1	2215	4	1	28	4395	0	0	47
22.151	1	1	2216	2	1	28	4395	0	0	47
22.152	1	1	2216	3	1	28	4395	0	0	47
22.153	1	1	2216	4	1	28	4395	0	0	47
22.154	1	1	2216	5	1	28	4395	0	0	47
22.155	1	1	2216	6	1	28	4395	0	0	47
22.156	1	1	2216	7	1	28	4395	0	0	47
22.351	1	1	2236	2	1	28	4395	0	0	47
22.352	1	1	2236	3	1	28	4395	0	0	47
22.353	1	1	2236	4	1	28	4395	0	0	47
22.354	1	1	2236	5	1	28	4395	0	0	47
22.355	1	1	2236	6	1	28	4395	0	0	47
22.356	1	1	2236	7	1	28	4395	0	0	47
22.357	1	1	2236	8	1	28	4395	0	0	47
22.358	1	1	2236	9	1	28	4395	0	0	47
22.359	1	1	2236	10	1	28	4395	0	0	47
22.36	1	1	2237	1	1	28	4395	0	0	47
22.368	1	1	2237	9	1	28	4395	0	0	47
22.369	1	1	2237	10	1	28	4395	0	0	47
22.37	1	1	2238	1	1	28	4395	0	0	47
22.371	1	1	2238	2	1	28	4395	0	0	47
22.372	1	1	2238	3	1	28	4395	0	0	47
22.373	1	1	2238	4	1	28	4395	0	0	47
22.568	1	1	2257	9	1	28	4395	0	0	47
22.569	1	1	2257	10	1	28	4395	0	0	47
22.57	1	1	2258	1	1	28	4395	0	0	47
22.571	1	1	2258	2	1	28	4395	0	0	47
22.572	1	1	2258	3	1	28	4395	0	0	47
22.573	1	1	2258	4	1	28	4395	0	0	47
22.574	1	1	2258	5	1	28	4395	0	0	47
22.575	1	1	2258	6	1	28	4395	0	0	47
22.576	1	1	2258	7	1	28	4395	0	0	47
22.577	1	1	2258	8	1	28	4395	0	0	47
22.585	1	1	2259	6	1	28	4395	0	0	47
22.586	1	1	2259	7	1	28	4395	0	0	47
22.587	1	1	2259	8	1	28	4395	0	0	47
22.588	1	1	2259	9	1	28	4395	0	0	47
22.589	1	1	2259	10	1	28	4395	0	0	47
22.59	1	1	2260	1	1	28	4395	0	0	47
22.785	1	1	2279	6	1	28	4395	0	0	47
22.786	1	1	2279	7	1	28	4395	0	0	47
22.787	1	1	2279	8	1	28	4395	0	0	47
22.788	1	1	2279	9	1	28	4395	0	0	47
22.789	1	1	2279	10	1	28	4395	0	0	47
22.79	1	1	2280	1	1	28	4395	0	0	47
22.791	1	1	2280	2	1	28	4395	0	0	47
22.792	1	1	2280	3	1	28	4395	0	0	47
22.793	1	1	2280	4	1	28	4395	0	0	47
22.794	1	1	2280	5	1	28	4395	0	0	47
22.802	1	1	2281	3	1	28	4395	0	0	47
22.803	1	1	2281	4	1	28	4395	0	0	47
22.804	1	1	2281	5	1	28	4395	0	0	47
22.805	1	1	2281	6	1	28	4395	0	0	47
22.806	1	1	2281	7	1	28	4395	0	0	47
22.807	1	1	2281	8	1	28	4395	0	0	47
23.002	1	1	2301	3	1	28	4395	0	0	47
23.003	1	1	2301	4	1	28	4395	0	0	47
23.004	1	1	2301	5	1	28	4395	0	0	47
23.005	1	1	2301	6	1	28	4395	0	0	47
23.006	1	1	2301	7	1	28	4395	0	0	47
23.007	1	1	2301	8	1	28	4395	0	0	47
23.008	1	1	2301	9	1	28	4395	0	0	47
23.009	1	1	2301	10	1	28	4395	0	0	47
23.01	1	1	2302	1	1	28	4395	0	0	47
23.011	1	1	2302	2	1	28	4395	0	0	47
23.019	1	1	2302	10	1	28	4395	0	0	47
23.02	1	1	2303	1	1	28	4395	0	0	47
23.021	1	1	2303	2	1	28	4395	0	0	47
23.022	1	1	2303	3	1	28	4395	0	0	47
23.023	1	1	2303	4	1	28	4395	0	0	47
23.024	1	1	2303	5	1	28	4395	0	0	47
23.219	1	1	2322	10	1	28	4395	0	0	47
23.22	1	1	2323	1	1	28	4395	0	0	47
23.221	1	1	2323	2	1	28	4395	0	0	47
23.222	1	1	2323	3	1	28	4395	0	0	47
23.223	1	1	2323	4	1	28	4395	0	0	47
23.224	1	1	2323	5	1	28	4395	0	0	47
23.225	1	1	2323	6	1	28	4395	0	0	47
23.226	1	1	2323	7	1	28	4395	0	0	47
23.227	1	1	2323	8	1	28	4395	0	0	47
23.228	1	1	2323	9	1	28	4395	0	0	47
23.236	1	1	2324	7	1	28	4395	0	0	47
23.237	1	1	2324	8	1	28	4395	0	0	47
23.238	1	1	2324	9	1	28	4395	0	0	47
23.239	1	1	2324	10	1	28	4395	0	0	47
23.24	1	1	2325	1	1	28	4395	0	0	47
23.241	1	1	2325	2	1	28	4395	0	0	47
23.436	1	1	2344	7	1	28	4395	0	0	47
23.437	1	1	2344	8	1	28	4395	0	0	47
23.438	1	1	2344	9	1	28	4395	0	0	47
23.439	1	1	2344	10	1	28	4395	0	0	47
23.44	1	1	2345	1	1	28	4395	0	0	47
23.441	1	1	2345	2	1	28	4395	0	0	47
23.442	1	1	2345	3	1	28	4395	0	0	47
23.443	1	1	2345	4	1	28	4395	0	0	47
23.444	1	1	2345	5	1	28	4395	0	0	47
23.445	1	1	2345	6	1	28	4395	0	0	47
23.453	1	1	2346	4	1	28	4395	0	0	47
23.454	1	1	2346	5	1	28	4395	0	0	47
23.455	1	1	2346	6	1	28	4395	0	0	47
23.456	1	1	2346	7	1	28	4395	0	0	47
23.457	1	1	2346	8	1	28	4395	0	0	47
23.458	1	1	2346	9	1	28	4395	0	0	47
23.653	1	1	2366	4	1	28	4395	0	0	47
23.654	1	1	2366	5	1	28	4395	0	0	47
23.655	1	1	2366	6	1	28	4395	0	0	47
23.656	1	1	2366	7	1	28	4395	0	0	47
23.657	1	1	2366	8	1	28	4395	0	0	47
23.658	1	1	2366	9	1	28	4395	0	0	47
23.659	1	1	2366	10	1	28	4395	0	0	47
23.66	1	1	2367	1	1	28	4395	0	0	47
23.661	1	1	2367	2	1	28	4395	0	0	47
23.662	1	1	2367	3	1	28	4395	0	0	47
23.67	1	1	2368	1	1	28	4395	0	0	47
23.671	1	1	2368	2	1	28	4395	0	0	47
23.672	1	1	2368	3	1	28	4395	0	0	47
23.673	1	1	2368	4	1	28	4395	0	0	47
23.674	1	1	2368	5	1	28	4395	0	0	47
23.675	1	1	2368	6	1	28	4395	0	0	47
23.87	1	1	2388	1	1	28	4395	0	0	47
23.871	1	1	2388	2	1	28	4395	0	0	47
23.872	1	1	2388	3	1	28	4395	0	0	47
23.873	1	1	2388	4	1	28	4395	0	0	47
23.874	1	1	2388	5	1	28	4395	0	0	47
23.875	1	1	2388	6	1	28	4395	0	0	47
23.876	1	1	2388	7	1	28	4395	0	0	47
23.877	1	1	2388	8	1	28	4395	0	0	47
23.878	1	1	2388	9	1	28	4395	0	0	47
23.879	1	1	2388	10	1	28	4395	0	0	47
23.887	1	1	2389	8	1	28	4395	0	0	47
23.888	1	1	2389	9	1	28	4395	0	0	47
23.889	1	1	2389	10	1	28	4395	0	0	47
23.89	1	1	2390	1	1	28	4395	0	0	47
23.891	1	1	2390	2	1	28	4395	0	0	47
23.892	1	1	2390	3	1	28	4395	0	0	47
24.087	1	1	2409	8	1	28	4395	0	0	47
24.088	1	1	2409	9	1	28	4395	0	0	47
24.089	1	1	2409	10	1	28	4395	0	0	47
24.09	1	1	2410	1	1	28	4395	0	0	47
24.091	1	1	2410	2	1	28	4395	0	0	47
24.092	1	1	2410	3	1	28	4395	0	0	47
24.093	1	1	2410	4	1	28	4395	0	0	47
24.094	1	1	2410	5	1	28	4395	0	0	47
24.095	1	1	2410	6	1	28	4395	0	0	47
24.096	1	1	2410	7	1	28	4395	0	0	47
24.104	1	1	2411	5	1	28	4395	0	0	47
24.105	1	1	2411	6	1	28	4395	0	0	47
24.106	1	1	2411	7	1	28	4395	0	0	47
24.107	1	1	2411	8	1	28	4395	0	0	47
24.108	1	1	2411	9	1	28	4395	0	0	47
24.109	1	1	2411	10	1	28	4395	0	0	47
24.304	1	1	2431	5	1	28	4395	0	0	47
24.305	1	1	2431	6	1	28	4395	0	0	47
24.306	1	1	2431	7	1	28	4395	0	0	47
24.307	1	1	2431	8	1	28	4395	0	0	47
24.308	1	1	2431	9	1	28	4395	0	0	47
24.309	1	1	2431	10	1	28	4395	0	0	47
24.31	1	1	2432	1	1	28	4395	0	0	47
24.311	1	1	2432	2	1	28	4395	0	0	47
24.312	1	1	2432	3	1	28	4395	0	0	47
24.313	1	1	2432	4	1	28	4395	0	0	47
24.321	1	1	2433	2	1	28	4395	0	0	47
24.322	1	1	2433	3	1	28	4395	0	0	47
24.323	1	1	2433	4	1	28	4395	0	0	47
24.324	1	1	2433	5	1	28	4395	0	0	47
24.325	1	1	2433	6	1	28	4395	0	0	47
24.326	1	1	2433	7	1	28	4395	0	0	47
24.521	1	1	2453	2	1	28	4395	0	0	47
24.522	1	1	2453	3	1	28	4395	0	0	47
24.523	1	1	2453	4	1	28	4395	0	0	47
24.524	1	1	2453	5	1	28	4395	0	0	47
24.525	1	1	2453	6	1	28	4395	0	0	47
24.526	1	1	2453	7	1	28	4395	0	0	47
24.527	1	1	2453	8	1	28	4395	0	0	47
24.528	1	1	2453	9	1	28	4395	0	0	47
24.529	1	1	2453	10	1	28	4395	0	0	47
24.53	1	1	2454	1	1	28	4395	0	0	47
24.538	1	1	2454	9	1	28	4395	0	0	47
24.539	1	1	2454	10	1	28	4395	0	0	47
24.54	1	1	2455	1	1	28	4395	0	0	47
24.541	1	1	2455	2	1	28	4395	0	0	47
24.542	1	1	2455	3	1	28	4395	0	0	47
24.543	1	1	2455	4	1	28	4395	0	0	47
24.738	1	1	2474	9	1	28	4395	0	0	47
24.739	1	1	2474	10	1	28	4395	0	0	47
24.74	1	1	2475	1	1	28	4395	0	0	47
24.741	1	1	2475	2	1	28	4395	0	0	47
24.742	1	1	2475	3	1	28	4395	0	0	47
24.743	1	1	2475	4	1	28	4395	0	0	47
24.744	1	1	2475	5	1	28	4395	0	0	47
24.745	1	1	2475	6	1	28	4395	0	0	47
24.746	1	1	2475	7	1	28	4395	0	0	47
24.747	1	1	2475	8	1	28	4395	0	0	47
24.755	1	1	2476	6	1	28	4395	0	0	47
24.756	1	1	2476	7	1	28	4395	0	0	47
24.757	1	1	2476	8	1	28	4395	0	0	47
24.758	1	1	2476	9	1	28	4395	0	0	47
24.759	1	1	2476	10	1	28	4395	0	0	47
24.76	1	1	2477	1	1	28	4395	0	0	47
24.955	1	1	2496	6	1	28	4395	0	0	47
24.956	1	1	2496	7	1	28	4395	0	0	47
24.957	1	1	2496	8	1	28	4395	0	0	47
24.958	1	1	2496	9	1	28	4395	0	0	47
24.959	1	1	2496	10	1	28	4395	0	0	47
24.96	1	1	2497	1	1	28	4395	0	0	47
24.961	1	1	2497	2	1	28	4395	0	0	47
24.962	1	1	2497	3	1	28	4395	0	0	47
24.963	1	1	2497	4	1	28	4395	0	0	47
24.964	1	1	2497	5	1	28	4395	0	0	47
24.972	1	1	2498	3	1	28	4395	0	0	47
24.973	1	1	2498	4	1	28	4395	0	0	47
24.974	1	1	2498	5	1	28	4395	0	0	47
24.975	1	1	2498	6	1	28	4395	0	0	47
24.976	1	1	2498	7	1	28	4395	0	0	47
24.977	1	1	2498	8	1	28	4395	0	0	47
25.172	1	1	2518	3	1	28	4395	0	0	47
25.173	1	1	2518	4	1	28	4395	0	0	47
25.174	1	1	2518	5	1	28	4395	0	0	47
25.175	1	1	2518	6	1	28	4395	0	0	47
25.176	1	1	2518	7	1	28	4395	0	0	47
25.177	1	1	2518	8	1	28	4395	0	0	47
25.178	1	1	2518	9	1	28	4395	0	0	47
25.179	1	1	2518	10	1	28	4395	0	0	47
25.18	1	1	2519	1	1	28	4395	0	0	47
25.181	1	1	2519	2	1	28	4395	0	0	47
25.189	1	1	2519	10	1	28	4395	0	0	47
25.19	1	1	2520	1	1	28	4395	0	0	47
25.191	1	1	2520	2	1	28	4395	0	0	47
25.192	1	1	2520	3	1	28	4395	0	0	47
25.193	1	1	2520	4	1	28	4395	0	0	47
25.194	1	1	2520	5	1	28	4395	0	0	47
25.389	1	1	2539	10	1	28	4395	0	0	47
25.39	1	1	2540	1	1	28	4395	0	0	47
25.391	1	1	2540	2	1	28	4395	0	0	47
25.392	1	1	2540	3	1	28	4395	0	0	47
25.393	1	1	2540	4	1	28	4395	0	0	47
25.394	1	1	2540	5	1	28	4395	0	0	47
25.395	1	1	2540	6	1	28	4395	0	0	47
25.396	1	1	2540	7	1	28	4395	0	0	47
25.397	1	1	2540	8	1	28	4395	0	0	47
25.398	1	1	2540	9	1	28	4395	0	0	47
25.406	1	1	2541	7	1	28	4395	0	0	47
25.407	1	1	2541	8	1	28	4395	0	0	47
25.408	1	1	2541	9	1	28	4395	0	0	47
25.409	1	1	2541	10	1	28	4395	0	0	47
25.41	1	1	2542	1	1	28	4395	0	0	47
25.411	1	1	2542	2	1	28	4395	0	0	47
25.606	1	1	2561	7	1	28	4395	0	0	47
25.607	1	1	2561	8	1	28	4395	0	0	47
25.608	1	1	2561	9	1	28	4395	0	0	47
25.609	1	1	2561	10	1	28	4395	0	0	47
25.61	1	1	2562	1	1	28	4395	0	0	47
25.611	1	1	2562	2	1	28	4395	0	0	47
25.612	1	1	2562	3	1	28	4395	0	0	47
25.613	1	1	2562	4	1	28	4395	0	0	47
25.614	1	1	2562	5	1	28	4395	0	0	47
25.615	1	1	2562	6	1	28	4395	0	0	47
25.623	1	1	2563	4	1	28	4395	0	0	47
25.624	1	1	2563	5	1	28	4395	0	0	47
25.625	1	1	2563	6	1	28	4395	0	0	47
25.626	1	1	2563	7	1	28	4395	0	0	47
25.627	1	1	2563	8	1	28	4395	0	0	47
25.628	1	1	2563	9	1	28	4395	0	0	47
25.823	1	1	2583	4	1	28	4395	0	0	47
25.824	1	1	2583	5	1	28	4395	0	0	47
25.825	1	1	2583	6	1	28	4395	0	0	47
25.826	1	1	2583	7	1	28	4395	0	0	47
25.827	1	1	2583	8	1	28	4395	0	0	47
25.828	1	1	2583	9	1	28	4395	0	0	47
25.829	1	1	2583	10	1	28	4395	0	0	47
25.83	1	1	2584	1	1	28	4395	0	0	47
25.831	1	1	2584	2	1	28	4395	0	0	47
25.832	1	1	2584	3	1	28	4395	0	0	47
25.84	1	1	2585	1	1	28	4395	0	0	47
25.841	1	1	2585	2	1	28	4395	0	0	47
25.842	1	1	2585	3	1	28	4395	0	0	47
25.843	1	1	2585	4	1	28	4395	0	0	47
25.844	1	1	2585	5	1	28	4395	0	0	47
25.845	1	1	2585	6	1	28	4395	0	0	47
26.04	1	1	2605	1	1	28	4395	0	0	47
26.041	1	1	2605	2	1	28	4395	0	0	47
26.042	1	1	2605	3	1	28	4395	0	0	47
26.043	1	1	2605	4	1	28	4395	0	0	47
26.044	1	1	2605	5	1	28	4395	0	0	47
26.045	1	1	2605	6	1	28	4395	0	0	47
26.046	1	1	2605	7	1	28	4395	0	0	47
26.047	1	1	2605	8	1	28	4395	0	0	47
26.048	1	1	2605	9	1	28	4395	0	0	47
26.049	1	1	2605	10	1	28	4395	0	0	47
26.057	1	1	2606	8	1	28	4395	0	0	47
26.058	1	1	2606	9	1	28	4395	0	0	47
26.059	1	1	2606	10	1	28	4395	0	0	47
26.06	1	1	2607	1	1	28	4395	0	0	47
26.061	1	1	2607	2	1	28	4395	0	0	47
26.062	1	1	2607	3	1	28	4395	0	0	47
26.257	1	1	2626	8	1	28	4395	0	0	47
26.258	1	1	2626	9	1	28	4395	0	0	47
26.259	1	1	2626	10	1	28	4395	0	0	47
26.26	1	1	2627	1	1	28	4395	0	0	47
26.261	1	1	2627	2	1	28	4395	0	0	47
26.262	1	1	2627	3	1	28	4395	0	0	47
26.263	1	1	2627	4	1	28	4395	0	0	47
26.264	1	1	2627	5	1	28	4395	0	0	47
26.265	1	1	2627	6	1	28	4395	0	0	47
26.266	1	1	2627	7	1	28	4395	0	0	47
26.274	1	1	2628	5	1	28	4395	0	0	47
26.275	1	1	2628	6	1	28	4395	0	0	47
26.276	1	1	2628	7	1	28	4395	0	0	47
26.277	1	1	2628	8	1	28	4395	0	0	47
26.278	1	1	2628	9	1	28	4395	0	0	47
26.279	1	1	2628	10	1	28	4395	0	0	47
26.474	1	1	2648	5	1	28	4395	0	0	47
26.475	1	1	2648	6	1	28	4395	0	0	47
26.476	1	1	2648	7	1	28	4395	0	0	47
26.477	1	1	2648	8	1	28	4395	0	0	47
26.478	1	1	2648	9	1	28	4395	0	0	47
26.479	1	1	2648	10	1	28	4395	0	0	47
26.48	1	1	2649	1	1	28	4395	0	0	47
26.481	1	1	2649	2	1	28	4395	0	0	47
26.482	1	1	2649	3	1	28	4395	0	0	47
26.483	1	1	2649	4	1	28	4395	0	0	47
26.491	1	1	2650	2	1	28	4395	0	0	47
26.492	1	1	2650	3	1	28	4395	0	0	47
26.493	1	1	2650	4	1	28	4395	0	0	47
26.494	1	1	2650	5	1	28	4395	0	0	47
26.495	1	1	2650	6	1	28	4395	0	0	47
26.496	1	1	2650	7	1	28	4395	0	0	47
26.691	1	1	2670	2	1	28	4395	0	0	47
26.692	1	1	2670	3	1	28	4395	0	0	47
26.693	1	1	2670	4	1	28	4395	0	0	47
26.694	1	1	2670	5	1	28	4395	0	0	47
26.695	1	1	2670	6	1	28	4395	0	0	47
26.696	1	1	2670	7	1	28	4395	0	0	47
26.697	1	1	2670	8	1	28	4395	0	0	47
26.698	1	1	2670	9	1	28	4395	0	0	47
26.699	1	1	2670	10	1	28	4395	0	0	47
26.7	1	1	2671	1	1	28	4395	0	0	47
26.708	1	1	2671	9	1	28	4395	0	0	47
26.709	1	1	2671	10	1	28	4395	0	0	47
26.71	1	1	2672	1	1	28	4395	0	0	47
26.711	1	1	2672	2	1	28	4395	0	0	47
26.712	1	1	2672	3	1	28	4395	0	0	47
26.713	1	1	2672	4	1	28	4395	0	0	47
26.908	1	1	2691	9	1	28	4395	0	0	47
26.909	1	1	2691	10	1	28	4395	0	0	47
26.91	1	1	2692	1	1	28	4395	0	0	47
26.911	1	1	2692	2	1	28	4395	0	0	47
26.912	1	1	2692	3	1	28	4395	0	0	47
26.913	1	1	2692	4	1	28	4395	0	0	47
26.914	1	1	2692	5	1	28	4395	0	0	47
26.915	1	1	2692	6	1	28	4395	0	0	47
26.916	1	1	2692	7	1	28	4395	0	0	47
26.917	1	1	2692	8	1	28	4395	0	0	47
26.925	1	1	2693	6	1	28	4395	0	0	47
26.926	1	1	2693	7	1	28	4395	0	0	47
26.927	1	1	2693	8	1	28	4395	0	0	47
26.928	1	1	2693	9	1	28	4395	0	0	47
26.929	1	1	2693	10	1	28	4395	0	0	47
26.93	1	1	2694	1	1	28	4395	0	0	47
27.125	1	1	2713	6	1	28	4395	0	0	47
27.126	1	1	2713	7	1	28	4395	0	0	47
27.127	1	1	2713	8	1	28	4395	0	0	47
27.128	1	1	2713	9	1	28	4395	0	0	47
27.129	1	1	2713	10	1	28	4395	0	0	47
27.13	1	1	2714	1	1	28	4395	0	0	47
27.131	1	1	2714	2	1	28	4395	0	0	47
27.132	1	1	2714	3	1	28	4395	0	0	47
27.133	1	1	2714	4	1	28	4395	0	0	47
27.134	1	1	2714	5	1	28	4395	0	0	47
27.142	1	1	2715	3	1	28	4395	0	0	47
27.143	1	1	2715	4	1	28	4395	0	0	47
27.144	1	1	2715	5	1	28	4395	0	0	47
27.145	1	1	2715	6	1	28	4395	0	0	47
27.146	1	1	2715	7	1	28	4395	0	0	47
27.147	1	1	2715	8	1	28	4395	0	0	47
27.342	1	1	2735	3	1	28	4395	0	0	47
27.343	1	1	2735	4	1	28	4395	0	0	47
27.344	1	1	2735	5	1	28	4395	0	0	47
27.345	1	1	2735	6	1	28	4395	0	0	47
27.346	1	1	2735	7	1	28	4395	0	0	47
27.347	1	1	2735	8	1	28	4395	0	0	47
27.348	1	1	2735	9	1	28	4395	0	0	47
27.349	1	1	2735	10	1	28	4395	0	0	47
27.35	1	1	2736	1	1	28	4395	0	0	47
27.351	1	1	2736	2	1	28	4395	0	0	47
27.359	1	1	2736	10	1	28	4395	0	0	47
27.36	1	1	2737	1	1	28	4395	0	0	47
27.361	1	1	2737	2	1	28	4395	0	0	47
27.362	1	1	2737	3	1	28	4395	0	0	47
27.363	1	1	2737	4	1	28	4395	0	0	47
27.364	1	1	2737	5	1	28	4395	0	0	47
27.559	1	1	2756	10	1	28	4395	0	0	47
27.56	1	1	2757	1	1	28	4395	0	0	47
27.561	1	1	2757	2	1	28	4395	0	0	47
27.562	1	1	2757	3	1	28	4395	0	0	47
27.563	1	1	2757	4	1	28	4395	0	0	47
27.564	1	1	2757	5	1	28	4395	0	0	47
27.565	1	1	2757	6	1	28	4395	0	0	47
27.566	1	1	2757	7	1	28	4395	0	0	47
27.567	1	1	2757	8	1	28	4395	0	0	47
27.568	1	1	2757	9	1	28	4395	0	0	47
27.576	1	1	2758	7	1	28	4395	0	0	47
27.577	1	1	2758	8	1	28	4395	0	0	47
27.578	1	1	2758	9	1	28	4395	0	0	47
27.579	1	1	2758	10	1	28	4395	0	0	47
27.58	1	1	2759	1	1	28	4395	0	0	47
27.581	1	1	2759	2	1	28	4395	0	0	47
27.776	1	1	2778	7	1	28	4395	0	0	47
27.777	1	1	2778	8	1	28	4395	0	0	47
27.778	1	1	2778	9	1	28	4395	0	0	47
27.779	1	1	2778	10	1	28	4395	0	0	47
27.78	1	1	2779	1	1	28	4395	0	0	47
27.781	1	1	2779	2	1	28	4395	0	0	47
27.782	1	1	2779	3	1	28	4395	0	0	47
27.783	1	1	2779	4	1	28	4395	0	0	47
27.784	1	1	2779	5	1	28	4395	0	0	47
27.785	1	1	2779	6	1	28	4395	0	0	47
27.793	1	1	2780	4	1	28	4395	0	0	47
27.794	1	1	2780	5	1	28	4395	0	0	47
27.795	1	1	2780	6	1	28	4395	0	0	47
27.796	1	1	2780	7	1	28	4395	0	0	47
27.797	1	1	2780	8	1	28	4395	0	0	47
27.798	1	1	2780	9	1	28	4395	0	0	47
27.993	1	1	2800	4	1	28	4395	0	0	47
27.994	1	1	2800	5	1	28	4395	0	0	47
27.995	1	1	2800	6	1	28	4395	0	0	47
27.996	1	1	2800	7	1	28	4395	0	0	47
27.997	1	1	2800	8	1	28	4395	0	0	47
27.998	1	1	2800	9	1	28	4395	0	0	47
27.999	1	1	2800	10	1	28	4395	0	0	47
28	1	1	2801	1	1	28	4395	0	0	47
28.001	1	1	2801	2	1	28	4395	0	0	47
28.002	1	1	2801	3	1	28	4395	0	0	47
28.01	1	1	2802	1	1	28	4395	0	0	47
28.011	1	1	2802	2	1	28	4395	0	0	47
28.012	1	1	2802	3	1	28	4395	0	0	47
28.013	1	1	2802	4	1	28	4395	0	0	47
28.014	1	1	2802	5	1	28	4395	0	0	47
28.015	1	1	2802	6	1	28	4395	0	0	47
28.21	1	1	2822	1	1	28	4395	0	0	47
28.211	1	1	2822	2	1	28	4395	0	0	47
28.212	1	1	2822	3	1	28	4395	0	0	47
28.213	1	1	2822	4	1	28	4395	0	0	47
28.214	1	1	2822	5	1	28	4395	0	0	47
28.215	1	1	2822	6	1	28	4395	0	0	47
28.216	1	1	2822	7	1	28	4395	0	0	47
28.217	1	1	2822	8	1	28	4395	0	0	47
28.218	1	1	2822	9	1	28	4395	0	0	47
28.219	1	1	2822	10	1	28	4395	0	0	47
28.227	1	1	2823	8	1	28	4395	0	0	47
28.228	1	1	2823	9	1	28	4395	0	0	47
28.229	1	1	2823	10	1	28	4395	0	0	47
28.23	1	1	2824	1	1	28	4395	0	0	47
28.231	1	1	2824	2	1	28	4395	0	0	47
28.232	1	1	2824	3	1	28	4395	0	0	47
28.427	1	1	2843	8	1	28	4395	0	0	47
28.428	1	1	2843	9	1	28	4395	0	0	47
28.429	1	1	2843	10	1	28	4395	0	0	47
28.43	1	1	2844	1	1	28	4395	0	0	47
28.431	1	1	2844	2	1	28	4395	0	0	47
28.432	1	1	2844	3	1	28	4395	0	0	47
28.433	1	1	2844	4	1	28	4395	0	0	47
28.434	1	1	2844	5	1	28	4395	0	0	47
28.435	1	1	2844	6	1	28	4395	0	0	47
28.436	1	1	2844	7	1	28	4395	0	0	47
28.444	1	1	2845	5	1	28	4395	0	0	47
28.445	1	1	2845	6	1	28	4395	0	0	47
28.446	1	1	2845	7	1	28	4395	0	0	47
28.447	1	1	2845	8	1	28	4395	0	0	47
28.448	1	1	2845	9	1	28	4395	0	0	47
28.449	1	1	2845	10	1	28	4395	0	0	47
28.644	1	1	2865	5	1	28	4395	0	0	47
28.645	1	1	2865	6	1	28	4395	0	0	47
28.646	1	1	2865	7	1	28	4395	0	0	47
28.647	1	1	2865	8	1	28	4395	0	0	47
28.648	1	1	2865	9	1	28	4395	0	0	47
28.649	1	1	2865	10	1	28	4395	0	0	47
28.65	1	1	2866	1	1	28	4395	0	0	47
28.651	1	1	2866	2	1	28	4395	0	0	47
28.652	1	1	2866	3	1	28	4395	0	0	47
28.653	1	1	2866	4	1	28	4395	0	0	47
28.661	1	1	2867	2	1	28	4395	0	0	47
28.662	1	1	2867	3	1	28	4395	0	0	47
28.663	1	1	2867	4	1	28	4395	0	0	47
28.664	1	1	2867	5	1	28	4395	0	0	47
28.665	1	1	2867	6	1	28	4395	0	0	47
28.666	1	1	2867	7	1	28	4395	0	0	47
28.861	1	1	2887	2	1	28	4395	0	0	47
28.862	1	1	2887	3	1	28	4395	0	0	47
28.863	1	1	2887	4	1	28	4395	0	0	47
28.864	1	1	2887	5	1	28	4395	0	0	47
28.865	1	1	2887	6	1	28	4395	0	0	47
28.866	1	1	2887	7	1	28	4395	0	0	47
28.867	1	1	2887	8	1	28	4395	0	0	47
28.868	1	1	2887	9	1	28	4395	0	0	47
28.869	1	1	2887	10	1	28	4395	0	0	47
28.87	1	1	2888	1	1	28	4395	0	0	47
28.878	1	1	2888	9	1	28	4395	0	0	47
28.879	1	1	2888	10	1	28	4395	0	0	47
28.88	1	1	2889	1	1	28	4395	0	0	47
28.881	1	1	2889	2	1	28	4395	0	0	47
28.882	1	1	2889	3	1	28	4395	0	0	47
28.883	1	1	2889	4	1	28	4395	0	0	47
29.078	1	1	2908	9	1	28	4395	0	0	47
29.079	1	1	2908	10	1	28	4395	0	0	47
29.08	1	1	2909	1	1	28	4395	0	0	47
29.081	1	1	2909	2	1	28	4395	0	0	47
29.082	1	1	2909	3	1	28	4395	0	0	47
29.083	1	1	2909	4	1	28	4395	0	0	47
29.084	1	1	2909	5	1	28	4395	0	0	47
29.085	1	1	2909	6	1	28	4395	0	0	47
29.086	1	1	2909	7	1	28	4395	0	0	47
29.087	1	1	2909	8	1	28	4395	0	0	47
29.095	1	1	2910	6	1	28	4395	0	0	47
29.096	1	1	2910	7	1	28	4395	0	0	47
29.097	1	1	2910	8	1	28	4395	0	0	47
29.098	1	1	2910	9	1	28	4395	0	0	47
29.099	1	1	2910	10	1	28	4395	0	0	47
29.1	1	1	2911	1	1	28	4395	0	0	47
29.295	1	1	2930	6	1	28	4395	0	0	47
29.296	1	1	2930	7	1	28	4395	0	0	47
29.297	1	1	2930	8	1	28	4395	0	0	47
29.298	1	1	2930	9	1	28	4395	0	0	47
29.299	1	1	2930	10	1	28	4395	0	0	47
29.3	1	1	2931	1	1	28	4395	0	0	47
29.301	1	1	2931	2	1	28	4395	0	0	47
29.302	1	1	2931	3	1	28	4395	0	0	47
29.303	1	1	2931	4	1	28	4395	0	0	47
29.304	1	1	2931	5	1	28	4395	0	0	47
29.312	1	1	2932	3	1	28	4395	0	0	47
29.313	1	1	2932	4	1	28	4395	0	0	47
29.314	1	1	2932	5	1	28	4395	0	0	47
29.315	1	1	2932	6	1	28	4395	0	0	47
29.316	1	1	2932	7	1	28	4395	0	0	47
29.317	1	1	2932	8	1	28	4395	0	0	47
29.512	1	1	2952	3	1	28	4395	0	0	47
29.513	1	1	2952	4	1	28	4395	0	0	47
29.514	1	1	2952	5	1	28	4395	0	0	47
29.515	1	1	2952	6	1	28	4395	0	0	47
29.516	1	1	2952	7	1	28	4395	0	0	47
29.517	1	1	2952	8	1	28	4395	0	0	47
29.518	1	1	2952	9	1	28	4395	0	0	47
29.519	1	1	2952	10	1	28	4395	0	0	47
29.52	1	1	2953	1	1	28	4395	0	0	47
29.521	1	1	2953	2	1	28	4395	0	0	47
29.529	1	1	2953	10	1	28	4395	0	0	47
29.53	1	1	2954	1	1	28	4395	0	0	47
29.531	1	1	2954	2	1	28	4395	0	0	47
29.532	1	1	2954	3	1	28	4395	0	0	47
29.533	1	1	2954	4	1	28	4395	0	0	47
29.534	1	1	2954	5	1	28	4395	0	0	47
29.729	1	1	2973	10	1	28	4395	0	0	47
29.73	1	1	2974	1	1	28	4395	0	0	47
29.731	1	1	2974	2	1	28	4395	0	0	47
29.732	1	1	2974	3	1	28	4395	0	0	47
29.733	1	1	2974	4	1	28	4395	0	0	47
29.734	1	1	2974	5	1	28	4395	0	0	47
29.735	1	1	2974	6	1	28	4395	0	0	47
29.736	1	1	2974	7	1	28	4395	0	0	47
29.737	1	1	2974	8	1	28	4395	0	0	47
29.738	1	1	2974	9	1	28	4395	0	0	47
29.746	1	1	2975	7	1	28	4395	0	0	47
29.747	1	1	2975	8	1	28	4395	0	0	47
29.748	1	1	2975	9	1	28	4395	0	0	47
29.749	1	1	2975	10	1	28	4395	0	0	47
29.75	1	1	2976	1	1	28	4395	0	0	47
29.751	1	1	2976	2	1	28	4395	0	0	47
29.946	1	1	2995	7	1	28	4395	0	0	47
29.947	1	1	2995	8	1	28	4395	0	0	47
29.948	1	1	2995	9	1	28	4395	0	0	47
29.949	1	1	2995	10	1	28	4395	0	0	47
29.95	1	1	2996	1	1	28	4395	0	0	47
29.951	1	1	2996	2	1	28	4395	0	0	47
29.952	1	1	2996	3	1	28	4395	0	0	47
29.953	1	1	2996	4	1	28	4395	0	0	47
29.954	1	1	2996	5	1	28	4395	0	0	47
29.955	1	1	2996	6	1	28	4395	0	0	47
29.963	1	1	2997	4	1	28	4395	0	0	47
29.964	1	1	2997	5	1	28	4395	0	0	47
29.965	1	1	2997	6	1	28	4395	0	0	47
29.966	1	1	2997	7	1	28	4395	0	0	47
29.967	1	1	2997	8	1	28	4395	0	0	47
29.968	1	1	2997	9	1	28	4395	0	0	47
30.163	1	1	3017	4	1	28	4395	0	0	47
30.164	1	1	3017	5	1	28	4395	0	0	47
30.165	1	1	3017	6	1	28	4395	0	0	47
30.166	1	1	3017	7	1	28	4395	0	0	47
30.167	1	1	3017	8	1	28	4395	0	0	47
30.168	1	1	3017	9	1	28	4395	0	0	47
30.169	1	1	3017	10	1	28	4395	0	0	47
30.17	1	1	3018	1	1	28	4395	0	0	47
30.171	1	1	3018	2	1	28	4395	0	0	47
30.172	1	1	3018	3	1	28	4395	0	0	47
30.18	1	1	3019	1	1	28	4395	0	0	47
30.181	1	1	3019	2	1	28	4395	0	0	47
30.182	1	1	3019	3	1	28	4395	0	0	47
30.183	1	1	3019	4	1	28	4395	0	0	47
30.184	1	1	3019	5	1	28	4395	0	0	47
30.185	1	1	3019	6	1	28	4395	0	0	47
30.38	1	1	3039	1	1	28	4395	0	0	47
30.381	1	1	3039	2	1	28	4395	0	0	47
30.382	1	1	3039	3	1	28	4395	0	0	47
30.383	1	1	3039	4	1	28	4395	0	0	47
30.384	1	1	3039	5	1	28	4395	0	0	47
30.385	1	1	3039	6	1	28	4395	0	0	47
30.386	1	1	3039	7	1	28	4395	0	0	47
30.387	1	1	3039	8	1	28	4395	0	0	47
30.388	1	1	3039	9	1	28	4395	0	0	47
30.389	1	1	3039	10	1	28	4395	0	0	47
30.397	1	1	3040	8	1	28	4395	0	0	47
30.398	1	1	3040	9	1	28	4395	0	0	47
30.399	1	1	3040	10	1	28	4395	0	0	47
30.4	1	1	3041	1	1	28	4395	0	0	47
30.401	1	1	3041	2	1	28	4395	0	0	47
30.402	1	1	3041	3	1	28	4395	0	0	47
30.597	1	1	3060	8	1	28	4395	0	0	47
30.598	1	1	3060	9	1	28	4395	0	0	47
30.599	1	1	3060	10	1	28	4395	0	0	47
30.6	1	1	3061	1	1	28	4395	0	0	47
30.601	1	1	3061	2	1	28	4395	0	0	47
30.602	1	1	3061	3	1	28	4395	0	0	47
30.603	1	1	3061	4	1	28	4395	0	0	47
30.604	1	1	3061	5	1	28	4395	0	0	47
30.605	1	1	3061	6	1	28	4395	0	0	47
30.606	1	1	3061	7	1	28	4395	0	0	47
30.614	1	1	3062	5	1	28	4395	0	0	47
30.615	1	1	3062	6	1	28	4395	0	0	47
30.616	1	1	3062	7	1	28	4395	0	0	47
30.617	1	1	3062	8	1	28	4395	0	0	47
30.618	1	1	3062	9	1	28	4395	0	0	47
30.619	1	1	3062	10	1	28	4395	0	0	47
30.814	1	1	3082	5	1	28	4395	0	0	47
30.815	1	1	3082	6	1	28	4395	0	0	47
30.816	1	1	3082	7	1	28	4395	0	0	47
30.817	1	1	3082	8	1	28	4395	0	0	47
30.818	1	1	3082	9	1	28	4395	0	0	47
30.819	1	1	3082	10	1	28	4395	0	0	47
30.82	1	1	3083	1	1	28	4395	0	0	47
30.821	1	1	3083	2	1	28	4395	0	0	47
30.822	1	1	3083	3	1	28	4395	0	0	47
30.823	1	1	3083	4	1	28	4395	0	0	47
30.831	1	1	3084	2	1	28	4395	0	0	47
30.832	1	1	3084	3	1	28	4395	0	0	47
30.833	1	1	3084	4	1	28	4395	0	0	47
30.834	1	1	3084	5	1	28	4395	0	0	47
30.835	1	1	3084	6	1	28	4395	0	0	47
30.836	1	1	3084	7	1	28	4395	0	0	47
31.031	1	1	3104	2	1	28	4395	0	0	47
31.032	1	1	3104	3	1	28	4395	0	0	47
31.033	1	1	3104	4	1	28	4395	0	0	47
31.034	1	1	3104	5	1	28	4395	0	0	47
31.035	1	1	3104	6	1	28	4395	0	0	47
31.036	1	1	3104	7	1	28	4395	0	0	47
31.037	1	1	3104	8	1	28	4395	0	0	47
31.038	1	1	3104	9	1	28	4395	0	0	47
31.039	1	1	3104	10	1	28	4395	0	0	47
31.04	1	1	3105	1	1	28	4395	0	0	47
31.048	1	1	3105	9	1	28	4395	0	0	47
31.049	1	1	3105	10	1	28	4395	0	0	47
31.05	1	1	3106	1	1	28	4395	0	0	47
31.051	1	1	3106	2	1	28	4395	0	0	47
31.052	1	1	3106	3	1	28	4395	0	0	47
31.053	1	1	3106	4	1	28	4395	0	0	47
31.248	1	1	3125	9	1	28	4395	0	0	47
31.249	1	1	3125	10	1	28	4395	0	0	47
31.25	1	1	3126	1	1	28	4395	0	0	47
31.251	1	1	3126	2	1	28	4395	0	0	47
31.252	1	1	3126	3	1	28	4395	0	0	47
31.253	1	1	3126	4	1	28	4395	0	0	47
31.254	1	1	3126	5	1	28	4395	0	0	47
31.255	1	1	3126	6	1	28	4395	0	0	47
31.256	1	1	3126	7	1	28	4395	0	0	47
31.257	1	1	3126	8	1	28	4395	0	0	47
31.265	1	1	3127	6	1	28	4395	0	0	47
31.266	1	1	3127	7	1	28	4395	0	0	47
31.267	1	1	3127	8	1	28	4395	0	0	47
31.268	1	1	3127	9	1	28	4395	0	0	47
31.269	1	1	3127	10	1	28	4395	0	0	47
31.27	1	1	3128	1	1	28	4395	0	0	47
31.465	1	1	3147	6	1	28	4395	0	0	47
31.466	1	1	3147	7	1	28	4395	0	0	47
31.467	1	1	3147	8	1	28	4395	0	0	47
31.468	1	1	3147	9	1	28	4395	0	0	47
31.469	1	1	3147	10	1	28	4395	0	0	47
31.47	1	1	3148	1	1	28	4395	0	0	47
31.471	1	1	3148	2	1	28	4395	0	0	47
31.472	1	1	3148	3	1	28	4395	0	0	47
31.473	1	1	3148	4	1	28	4395	0	0	47
31.474	1	1	3148	5	1	28	4395	0	0	47
31.482	1	1	3149	3	1	28	4395	0	0	47
31.483	1	1	3149	4	1	28	4395	0	0	47
31.484	1	1	3149	5	1	28	4395	0	0	47
31.485	1	1	3149	6	1	28	4395	0	0	47
31.486	1	1	3149	7	1	28	4395	0	0	47
31.487	1	1	3149	8	1	28	4395	0	0	47
31.682	1	1	3169	3	1	28	4395	0	0	47
31.683	1	1	3169	4	1	28	4395	0	0	47
31.684	1	1	3169	5	1	28	4395	0	0	47
31.685	1	1	3169	6	1	28	4395	0	0	47
31.686	1	1	3169	7	1	28	4395	0	0	47
31.687	1	1	3169	8	1	28	4395	0	0	47
31.688	1	1	3169	9	1	28	4395	0	0	47
31.689	1	1	3169	10	1	28	4395	0	0	47
31.69	1	1	3170	1	1	28	4395	0	0	47
31.691	1	1	3170	2	1	28	4395	0	0	47
31.699	1	1	3170	10	1	28	4395	0	0	47
31.7	1	1	3171	1	1	28	4395	0	0	47
31.701	1	1	3171	2	1	28	4395	0	0	47
31.702	1	1	3171	3	1	28	4395	0	0	47
31.703	1	1	3171	4	1	28	4395	0	0	47
31.704	1	1	3171	5	1	28	4395	0	0	47
31.899	1	1	3190	10	1	28	4395	0	0	47
31.9	1	1	3191	1	1	28	4395	0	0	47
31.901	1	1	3191	2	1	28	4395	0	0	47
31.902	1	1	3191	3	1	28	4395	0	0	47
31.903	1	1	3191	4	1	28	4395	0	0	47
31.904	1	1	3191	5	1	28	4395	0	0	47
31.905	1	1	3191	6	1	28	4395	0	0	47
31.906	1	1	3191	7	1	28	4395	0	0	47
31.907	1	1	3191	8	1	28	4395	0	0	47
31.908	1	1	3191	9	1	28	4395	0	0	47
31.916	1	1	3192	7	1	28	4395	0	0	47
31.917	1	1	3192	8	1	28	4395	0	0	47
31.918	1	1	3192	9	1	28	4395	0	0	47
31.919	1	1	3192	10	1	28	4395	0	0	47
31.92	1	1	3193	1	1	28	4395	0	0	47
31.921	1	1	3193	2	1	28	4395	0	0	47
32.116	1	1	3212	7	1	28	4395	0	0	47
32.117	1	1	3212	8	1	28	4395	0	0	47
32.118	1	1	3212	9	1	28	4395	0	0	47
32.119	1	1	3212	10	1	28	4395	0	0	47
32.12	1	1	3213	1	1	28	4395	0	0	47
32.121	1	1	3213	2	1	28	4395	0	0	47
32.122	1	1	3213	3	1	28	4395	0	0	47
32.123	1	1	3213	4	1	28	4395	0	0	47
32.124	1	1	3213	5	1	28	4395	0	0	47
32.125	1	1	3213	6	1	28	4395	0	0	47
32.133	1	1	3214	4	1	28	4395	0	0	47
32.134	1	1	3214	5	1	28	4395	0	0	47
32.135	1	1	3214	6	1	28	4395	0	0	47
32.136	1	1	3214	7	1	28	4395	0	0	47
32.137	1	1	3214	8	1	28	4395	0	0	47
32.138	1	1	3214	9	1	28	4395	0	0	47
32.333	1	1	3234	4	1	28	4395	0	0	47
32.334	1	1	3234	5	1	28	4395	0	0	47
32.335	1	1	3234	6	1	28	4395	0	0	47
32.336	1	1	3234	7	1	28	4395	0	0	47
32.337	1	1	3234	8	1	28	4395	0	0	47
32.338	1	1	3234	9	1	28	4395	0	0	47
32.339	1	1	3234	10	1	28	4395	0	0	47
32.34	1	1	3235	1	1	28	4395	0	0	47
32.341	1	1	3235	2	1	28	4395	0	0	47
32.342	1	1	3235	3	1	28	4395	0	0	47
32.35	1	1	3236	1	1	28	4395	0	0	47
32.351	1	1	3236	2	1	28	4395	0	0	47
32.352	1	1	3236	3	1	28	4395	0	0	47
32.353	1	1	3236	4	1	28	4395	0	0	47
32.354	1	1	3236	5	1	28	4395	0	0	47
32.355	1	1	3236	6	1	28	4395	0	0	47
32.55	1	1	3256	1	1	28	4395	0	0	47
32.551	1	1	3256	2	1	28	4395	0	0	47
32.552	1	1	3256	3	1	28	4395	0	0	47
32.553	1	1	3256	4	1	28	4395	0	0	47
32.554	1	1	3256	5	1	28	4395	0	0	47
32.555	1	1	3256	6	1	28	4395	0	0	47
32.556	1	1	3256	7	1	28	4395	0	0	47
32.557	1	1	3256	8	1	28	4395	0	0	47
32.558	1	1	3256	9	1	28	4395	0	0	47
32.559	1	1	3256	10	1	28	4395	0	0	47
32.567	1	1	3257	8	1	28	4395	0	0	47
32.568	1	1	3257	9	1	28	4395	0	0	47
32.569	1	1	3257	10	1	28	4395	0	0	47
32.57	1	1	3258	1	1	28	4395	0	0	47
32.571	1	1	3258	2	1	28	4395	0	0	47
32.572	1	1	3258	3	1	28	4395	0	0	47
32.767	1	1	3277	8	1	28	4395	0	0	47
32.768	1	1	3277	9	1	28	4395	0	0	47
32.769	1	1	3277	10	1	28	4395	0	0	47
32.77	1	1	3278	1	1	28	4395	0	0	47
32.771	1	1	3278	2	1	28	4395	0	0	47
32.772	1	1	3278	3	1	28	4395	0	0	47
32.773	1	1	3278	4	1	28	4395	0	0	47
32.774	1	1	3278	5	1	28	4395	0	0	47
32.775	1	1	3278	6	1	28	4395	0	0	47
32.776	1	1	3278	7	1	28	4395	0	0	47
32.784	1	1	3279	5	1	28	4395	0	0	47
32.785	1	1	3279	6	1	28	4395	0	0	47
32.786	1	1	3279	7	1	28	4395	0	0	47
32.787	1	1	3279	8	1	28	4395	0	0	47
32.788	1	1	3279	9	1	28	4395	0	0	47
32.789	1	1	3279	10	1	28	4395	0	0	47
32.984	1	1	3299	5	1	28	4395	0	0	47
32.985	1	1	3299	6	1	28	4395	0	0	47
32.986	1	1	3299	7	1	28	4395	0	0	47
32.987	1	1	3299	8	1	28	4395	0	0	47
32.988	1	1	3299	9	1	28	4395	0	0	47
32.989	1	1	3299	10	1	28	4395	0	0	47
32.99	1	1	3300	1	1	28	4395	0	0	47
32.991	1	1	3300	2	1	28	4395	0	0	47
32.992	1	1	3300	3	1	28	4395	0	0	47
32.993	1	1	3300	4	1	28	4395	0	0	47
33.001	1	1	3301	2	1	28	4395	0	0	47
33.002	1	1	3301	3	1	28	4395	0	0	47
33.003	1	1	3301	4	1	28	4395	0	0	47
33.004	1	1	3301	5	1	28	4395	0	0	47
33.005	1	1	3301	6	1	28	4395	0	0	47
33.006	1	1	3301	7	1	28	4395	0	0	47
33.201	1	1	3321	2	1	28	4395	0	0	47
33.202	1	1	3321	3	1	28	4395	0	0	47
33.203	1	1	3321	4	1	28	4395	0	0	47
33.204	1	1	3321	5	1	28	4395	0	0	47
33.205	1	1	3321	6	1	28	4395	0	0	47
33.206	1	1	3321	7	1	28	4395	0	0	47
33.207	1	1	3321	8	1	28	4395	0	0	47
33.208	1	1	3321	9	1	28	4395	0	0	47
33.209	1	1	3321	10	1	28	4395	0	0	47
33.21	1	1	3322	1	1	28	4395	0	0	47
33.218	1	1	3322	9	1	28	4395	0	0	47
33.219	1	1	3322	10	1	28	4395	0	0	47
33.22	1	1	3323	1	1	28	4395	0	0	47
33.221	1	1	3323	2	1	28	4395	0	0	47
33.222	1	1	3323	3	1	28	4395	0	0	47
33.223	1	1	3323	4	1	28	4395	0	0	47
33.418	1	1	3342	9	1	28	4395	0	0	47
33.419	1	1	3342	10	1	28	4395	0	0	47
33.42	1	1	3343	1	1	28	4395	0	0	47
33.421	1	1	3343	2	1	28	4395	0	0	47
33.422	1	1	3343	3	1	28	4395	0	0	47
33.423	1	1	3343	4	1	28	4395	0	0	47
33.424	1	1	3343	5	1	28	4395	0	0	47
33.425	1	1	3343	6	1	28	4395	0	0	47
33.426	1	1	3343	7	1	28	4395	0	0	47
33.427	1	1	3343	8	1	28	4395	0	0	47
33.435	1	1	3344	6	1	28	4395	0	0	47
33.436	1	1	3344	7	1	28	4395	0	0	47
33.437	1	1	3344	8	1	28	4395	0	0	47
33.438	1	1	3344	9	1	28	4395	0	0	47
33.439	1	1	3344	10	1	28	4395	0	0	47
33.44	1	1	3345	1	1	28	4395	0	0	47
33.635	1	1	3364	6	1	28	4395	0	0	47
33.636	1	1	3364	7	1	28	4395	0	0	47
33.637	1	1	3364	8	1	28	4395	0	0	47
33.638	1	1	3364	9	1	28	4395	0	0	47
33.639	1	1	3364	10	1	28	4395	0	0	47
33.64	1	1	3365	1	1	28	4395	0	0	47
33.641	1	1	3365	2	1	28	4395	0	0	47
33.642	1	1	3365	3	1	28	4395	0	0	47
33.643	1	1	3365	4	1	28	4395	0	0	47
33.644	1	1	3365	5	1	28	4395	0	0	47
33.652	1	1	3366	3	1	28	4395	0	0	47
33.653	1	1	3366	4	1	28	4395	0	0	47
33.654	1	1	3366	5	1	28	4395	0	0	47
33.655	1	1	3366	6	1	28	4395	0	0	47
33.656	1	1	3366	7	1	28	4395	0	0	47
33.657	1	1	3366	8	1	28	4395	0	0	47
33.852	1	1	3386	3	1	28	4395	0	0	47
33.853	1	1	3386	4	1	28	4395	0	0	47
33.854	1	1	3386	5	1	28	4395	0	0	47
33.855	1	1	3386	6	1	28	4395	0	0	47
33.856	1	1	3386	7	1	28	4395	0	0	47
33.857	1	1	3386	8	1	28	4395	0	0	47
33.858	1	1	3386	9	1	28	4395	0	0	47
33.859	1	1	3386	10	1	28	4395	0	0	47
33.86	1	1	3387	1	1	28	4395	0	0	47
33.861	1	1	3387	2	1	28	4395	0	0	47
33.869	1	1	3387	10	1	28	4395	0	0	47
33.87	1	1	3388	1	1	28	4395	0	0	47
33.871	1	1	3388	2	1	28	4395	0	0	47
33.872	1	1	3388	3	1	28	4395	0	0	47
33.873	1	1	3388	4	1	28	4395	0	0	47
33.874	1	1	3388	5	1	28	4395	0	0	47
34.069	1	1	3407	10	1	28	4395	0	0	47
34.07	1	1	3408	1	1	28	4395	0	0	47
34.071	1	1	3408	2	1	28	4395	0	0	47
34.072	1	1	3408	3	1	28	4395	0	0	47
34.073	1	1	3408	4	1	28	4395	0	0	47
34.074	1	1	3408	5	1	28	4395	0	0	47
34.075	1	1	3408	6	1	28	4395	0	0	47
34.076	1	1	3408	7	1	28	4395	0	0	47
34.077	1	1	3408	8	1	28	4395	0	0	47
34.078	1	1	3408	9	1	28	4395	0	0	47
34.086	1	1	3409	7	1	28	4395	0	0	47
34.087	1	1	3409	8	1	28	4395	0	0	47
34.088	1	1	3409	9	1	28	4395	0	0	47
34.089	1	1	3409	10	1	28	4395	0	0	47
34.09	1	1	3410	1	1	28	4395	0	0	47
34.091	1	1	3410	2	1	28	4395	0	0	47
34.286	1	1	3429	7	1	28	4395	0	0	47
34.287	1	1	3429	8	1	28	4395	0	0	47
34.288	1	1	3429	9	1	28	4395	0	0	47
34.289	1	1	3429	10	1	28	4395	0	0	47
34.29	1	1	3430	1	1	28	4395	0	0	47
34.291	1	1	3430	2	1	28	4395	0	0	47
34.292	1	1	3430	3	1	28	4395	0	0	47
34.293	1	1	3430	4	1	28	4395	0	0	47
34.294	1	1	3430	5	1	28	4395	0	0	47
34.295	1	1	3430	6	1	28	4395	0	0	47
34.303	1	1	3431	4	1	28	4395	0	0	47
34.304	1	1	3431	5	1	28	4395	0	0	47
34.305	1	1	3431	6	1	28	4395	0	0	47
34.306	1	1	3431	7	1	28	4395	0	0	47
34.307	1	1	3431	8	1	28	4395	0	0	47
34.308	1	1	3431	9	1	28	4395	0	0	47
34.503	1	1	3451	4	1	28	4395	0	0	47
34.504	1	1	3451	5	1	28	4395	0	0	47
34.505	1	1	3451	6	1	28	4395	0	0	47
34.506	1	1	3451	7	1	28	4395	0	0	47
34.507	1	1	3451	8	1	28	4395	0	0	47
34.508	1	1	3451	9	1	28	4395	0	0	47
34.509	1	1	3451	10	1	28	4395	0	0	47
34.51	1	1	3452	1	1	28	4395	0	0	47
34.511	1	1	3452	2	1	28	4395	0	0	47
34.512	1	1	3452	3	1	28	4395	0	0	47
34.52	1	1	3453	1	1	28	4395	0	0	47
34.521	1	1	3453	2	1	28	4395	0	0	47
34.522	1	1	3453	3	1	28	4395	0	0	47
34.523	1	1	3453	4	1	28	4395	0	0	47
34.524	1	1	3453	5	1	28	4395	0	0	47
34.525	1	1	3453	6	1	28	4395	0	0	47
34.72	1	1	3473	1	1	28	4395	0	0	47
34.721	1	1	3473	2	1	28	4395	0	0	47
34.722	1	1	3473	3	1	28	4395	0	0	47
34.723	1	1	3473	4	1	28	4395	0	0	47
34.724	1	1	3473	5	1	28	4395	0	0	47
34.725	1	1	3473	6	1	28	4395	0	0	47
34.726	1	1	3473	7	1	28	4395	0	0	47
34.727	1	1	3473	8	1	28	4395	0	0	47
34.728	1	1	3473	9	1	28	4395	0	0	47
34.729	1	1	3473	10	1	28	4395	0	0	47
34.737	1	1	3474	8	1	28	4395	0	0	47
34.738	1	1	3474	9	1	28	4395	0	0	47
34.739	1	1	3474	10	1	28	4395	0	0	47
34.74	1	1	3475	1	1	28	4395	0	0	47
34.741	1	1	3475	2	1	28	4395	0	0	47
34.742	1	1	3475	3	1	28	4395	0	0	47
34.937	1	1	3494	8	1	28	4395	0	0	47
34.938	1	1	3494	9	1	28	4395	0	0	47
34.939	1	1	3494	10	1	28	4395	0	0	47
34.94	1	1	3495	1	1	28	4395	0	0	47
34.941	1	1	3495	2	1	28	4395	0	0	47
34.942	1	1	3495	3	1	28	4395	0	0	47
34.943	1	1	3495	4	1	28	4395	0	0	47
34.944	1	1	3495	5	1	28	4395	0	0	47
34.945	1	1	3495	6	1	28	4395	0	0	47
34.946	1	1	3495	7	1	28	4395	0	0	47
34.954	1	1	3496	5	1	28	4395	0	0	47
34.955	1	1	3496	6	1	28	4395	0	0	47
34.956	1	1	3496	7	1	28	4395	0	0	47
34.957	1	1	3496	8	1	28	4395	0	0	47
34.958	1	1	3496	9	1	28	4395	0	0	47
34.959	1	1	3496	10	1	28	4395	0	0	47
35.154	1	1	3516	5	1	28	4395	0	0	47
35.155	1	1	3516	6	1	28	4395	0	0	47
35.156	1	1	3516	7	1	28	4395	0	0	47
35.157	1	1	3516	8	1	28	4395	0	0	47
35.158	1	1	3516	9	1	28	4395	0	0	47
35.159	1	1	3516	10	1	28	4395	0	0	47
35.16	1	1	3517	1	1	28	4395	0	0	47
35.161	1	1	3517	2	1	28	4395	0	0	47
35.162	1	1	3517	3	1	28	4395	0	0	47
35.163	1	1	3517	4	1	28	4395	0	0	47
35.171	1	1	3518	2	1	28	4395	0	0	47
35.172	1	1	3518	3	1	28	4395	0	0	47
35.173	1	1	3518	4	1	28	4395	0	0	47
35.174	1	1	3518	5	1	28	4395	0	0	47
35.175	1	1	3518	6	1	28	4395	0	0	47
35.176	1	1	3518	7	1	28	4395	0	0	47
35.371	1	1	3538	2	1	28	4395	0	0	47
35.372	1	1	3538	3	1	28	4395	0	0	47
35.373	1	1	3538	4	1	28	4395	0	0	47
35.374	1	1	3538	5	1	28	4395	0	0	47
35.375	1	1	3538	6	1	28	4395	0	0	47
35.376	1	1	3538	7	1	28	4395	0	0	47
35.377	1	1	3538	8	1	28	4395	0	0	47
35.378	1	1	3538	9	1	28	4395	0	0	47
35.379	1	1	3538	10	1	28	4395	0	0	47
35.38	1	1	3539	1	1	28	4395	0	0	47
35.388	1	1	3539	9	1	28	4395	0	0	47
35.389	1	1	3539	10	1	28	4395	0	0	47
35.39	1	1	3540	1	1	28	4395	0	0	47
35.391	1	1	3540	2	1	28	4395	0	0	47
35.392	1	1	3540	3	1	28	4395	0	0	47
35.393	1	1	3540	4	1	28	4395	0	0	47
35.588	1	1	3559	9	1	28	4395	0	0	47
35.589	1	1	3559	10	1	28	4395	0	0	47
35.59	1	1	3560	1	1	28	4395	0	0	47
35.591	1	1	3560	2	1	28	4395	0	0	47
35.592	1	1	3560	3	1	28	4395	0	0	47
35.593	1	1	3560	4	1	28	4395	0	0	47
35.594	1	1	3560	5	1	28	4395	0	0	47
35.595	1	1	3560	6	1	28	4395	0	0	47
35.596	1	1	3560	7	1	28	4395	0	0	47
35.597	1	1	3560	8	1	28	4395	0	0	47
35.605	1	1	3561	6	1	28	4395	0	0	47
35.606	1	1	3561	7	1	28	4395	0	0	47
35.607	1	1	3561	8	1	28	4395	0	0	47
35.608	1	1	3561	9	1	28	4395	0	0	47
35.609	1	1	3561	10	1	28	4395	0	0	47
35.61	1	1	3562	1	1	28	4395	0	0	47
35.805	1	1	3581	6	1	28	4395	0	0	47
35.806	1	1	3581	7	1	28	4395	0	0	47
35.807	1	1	3581	8	1	28	4395	0	0	47
35.808	1	1	3581	9	1	28	4395	0	0	47
35.809	1	1	3581	10	1	28	4395	0	0	47
35.81	1	1	3582	1	1	28	4395	0	0	47
35.811	1	1	3582	2	1	28	4395	0	0	47
35.812	1	1	3582	3	1	28	4395	0	0	47
35.813	1	1	3582	4	1	28	4395	0	0	47
35.814	1	1	3582	5	1	28	4395	0	0	47
35.822	1	1	3583	3	1	28	4395	0	0	47
35.823	1	1	3583	4	1	28	4395	0	0	47
35.824	1	1	3583	5	1	28	4395	0	0	47
35.825	1	1	3583	6	1	28	4395	0	0	47
35.826	1	1	3583	7	1	28	4395	0	0	47
35.827	1	1	3583	8	1	28	4395	0	0	47
36.022	1	1	3603	3	1	28	4395	0	0	47
36.023	1	1	3603	4	1	28	4395	0	0	47
36.024	1	1	3603	5	1	28	4395	0	0	47
36.025	1	1	3603	6	1	28	4395	0	0	47
36.026	1	1	3603	7	1	28	4395	0	0	47
36.027	1	1	3603	8	1	28	4395	0	0	47
36.028	1	1	3603	9	1	28	4395	0	0	47
36.029	1	1	3603	10	1	28	4395	0	0	47
36.03	1	1	3604	1	1	28	4395	0	0	47
36.031	1	1	3604	2	1	28	4395	0	0	47
36.039	1	1	3604	10	1	28	4395	0	0	47
36.04	1	1	3605	1	1	28	4395	0	0	47
36.041	1	1	3605	2	1	28	4395	0	0	47
36.042	1	1	3605	3	1	28	4395	0	0	47
36.043	1	1	3605	4	1	28	4395	0	0	47
36.044	1	1	3605	5	1	28	4395	0	0	47
36.239	1	1	3624	10	1	28	4395	0	0	47
36.24	1	1	3625	1	1	28	4395	0	0	47
36.241	1	1	3625	2	1	28	4395	0	0	47
36.242	1	1	3625	3	1	28	4395	0	0	47
36.243	1	1	3625	4	1	28	4395	0	0	47
36.244	1	1	3625	5	1	28	4395	0	0	47
36.245	1	1	3625	6	1	28	4395	0	0	47
36.246	1	1	3625	7	1	28	4395	0	0	47
36.247	1	1	3625	8	1	28	4395	0	0	47
36.248	1	1	3625	9	1	28	4395	0	0	47
36.256	1	1	3626	7	1	28	4395	0	0	47
36.257	1	1	3626	8	1	28	4395	0	0	47
36.258	1	1	3626	9	1	28	4395	0	0	47
36.259	1	1	3626	10	1	28	4395	0	0	47
36.26	1	1	3627	1	1	28	4395	0	0	47
36.261	1	1	3627	2	1	28	4395	0	0	47
36.456	1	1	3646	7	1	28	4395	0	0	47
36.457	1	1	3646	8	1	28	4395	0	0	47
36.458	1	1	3646	9	1	28	4395	0	0	47
36.459	1	1	3646	10	1	28	4395	0	0	47
36.46	1	1	3647	1	1	28	4395	0	0	47
36.461	1	1	3647	2	1	28	4395	0	0	47
36.462	1	1	3647	3	1	28	4395	0	0	47
36.463	1	1	3647	4	1	28	4395	0	0	47
36.464	1	1	3647	5	1	28	4395	0	0	47
36.465	1	1	3647	6	1	28	4395	0	0	47
36.473	1	1	3648	4	1	28	4395	0	0	47
36.474	1	1	3648	5	1	28	4395	0	0	47
36.475	1	1	3648	6	1	28	4395	0	0	47
36.476	1	1	3648	7	1	28	4395	0	0	47
36.477	1	1	3648	8	1	28	4395	0	0	47
36.478	1	1	3648	9	1	28	4395	0	0	47
36.673	1	1	3668	4	1	28	4395	0	0	47
36.674	1	1	3668	5	1	28	4395	0	0	47
36.675	1	1	3668	6	1	28	4395	0	0	47
36.676	1	1	3668	7	1	28	4395	0	0	47
36.677	1	1	3668	8	1	28	4395	0	0	47
36.678	1	1	3668	9	1	28	4395	0	0	47
36.679	1	1	3668	10	1	28	4395	0	0	47
36.68	1	1	3669	1	1	28	4395	0	0	47
36.681	1	1	3669	2	1	28	4395	0	0	47
36.682	1	1	3669	3	1	28	4395	0	0	47
36.69	1	1	3670	1	1	28	4395	0	0	47
36.691	1	1	3670	2	1	28	4395	0	0	47
36.692	1	1	3670	3	1	28	4395	0	0	47
36.693	1	1	3670	4	1	28	4395	0	0	47
36.694	1	1	3670	5	1	28	4395	0	0	47
36.695	1	1	3670	6	1	28	4395	0	0	47
36.89	1	1	3690	1	1	28	4395	0	0	47
36.891	1	1	3690	2	1	28	4395	0	0	47
36.892	1	1	3690	3	1	28	4395	0	0	47
36.893	1	1	3690	4	1	28	4395	0	0	47
36.894	1	1	3690	5	1	28	4395	0	0	47
36.895	1	1	3690	6	1	28	4395	0	0	47
36.896	1	1	3690	7	1	28	4395	0	0	47
36.897	1	1	3690	8	1	28	4395	0	0	47
36.898	1	1	3690	9	1	28	4395	0	0	47
36.899	1	1	3690	10	1	28	4395	0	0	47
36.907	1	1	3691	8	1	28	4395	0	0	47
36.908	1	1	3691	9	1	28	4395	0	0	47
36.909	1	1	3691	10	1	28	4395	0	0	47
36.91	1	1	3692	1	1	28	4395	0	0	47
36.911	1	1	3692	2	1	28	4395	0	0	47
36.912	1	1	3692	3	1	28	4395	0	0	47
37.107	1	1	3711	8	1	28	4395	0	0	47
37.108	1	1	3711	9	1	28	4395	0	0	47
37.109	1	1	3711	10	1	28	4395	0	0	47
37.11	1	1	3712	1	1	28	4395	0	0	47
37.111	1	1	3712	2	1	28	4395	0	0	47
37.112	1	1	3712	3	1	28	4395	0	0	47
37.113	1	1	3712	4	1	28	4395	0	0	47
37.114	1	1	3712	5	1	28	4395	0	0	47
37.115	1	1	3712	6	1	28	4395	0	0	47
37.116	1	1	3712	7	1	28	4395	0	0	47
37.124	1	1	3713	5	1	28	4395	0	0	47
37.125	1	1	3713	6	1	28	4395	0	0	47
37.126	1	1	3713	7	1	28	4395	0	0	47
37.127	1	1	3713	8	1	28	4395	0	0	47
37.128	1	1	3713	9	1	28	4395	0	0	47
37.129	1	1	3713	10	1	28	4395	0	0	47
37.324	1	1	3733	5	1	28	4395	0	0	47
37.325	1	1	3733	6	1	28	4395	0	0	47
37.326	1	1	3733	7	1	28	4395	0	0	47
37.327	1	1	3733	8	1	28	4395	0	0	47
37.328	1	1	3733	9	1	28	4395	0	0	47
37.329	1	1	3733	10	1	28	4395	0	0	47
37.33	1	1	3734	1	1	28	4395	0	0	47
37.331	1	1	3734	2	1	28	4395	0	0	47
37.332	1	1	3734	3	1	28	4395	0	0	47
37.333	1	1	3734	4	1	28	4395	0	0	47
37.341	1	1	3735	2	1	28	4395	0	0	47
37.342	1	1	3735	3	1	28	4395	0	0	47
37.343	1	1	3735	4	1	28	4395	0	0	47
37.344	1	1	3735	5	1	28	4395	0	0	47
37.345	1	1	3735	6	1	28	4395	0	0	47
37.346	1	1	3735	7	1	28	4395	0	0	47
37.541	1	1	3755	2	1	28	4395	0	0	47
37.542	1	1	3755	3	1	28	4395	0	0	47
37.543	1	1	3755	4	1	28	4395	0	0	47
37.544	1	1	3755	5	1	28	4395	0	0	47
37.545	1	1	3755	6	1	28	4395	0	0	47
37.546	1	1	3755	7	1	28	4395	0	0	47
37.547	1	1	3755	8	1	28	4395	0	0	47
37.548	1	1	3755	9	1	28	4395	0	0	47
37.549	1	1	3755	10	1	28	4395	0	0	47
37.55	1	1	3756	1	1	28	4395	0	0	47
37.558	1	1	3756	9	1	28	4395	0	0	47
37.559	1	1	3756	10	1	28	4395	0	0	47
37.56	1	1	3757	1	1	28	4395	0	0	47
37.561	1	1	3757	2	1	28	4395	0	0	47
37.562	1	1	3757	3	1	28	4395	0	0	47
37.563	1	1	3757	4	1	28	4395	0	0	47
37.758	1	1	3776	9	1	28	4395	0	0	47
37.759	1	1	3776	10	1	28	4395	0	0	47
37.76	1	1	3777	1	1	28	4395	0	0	47
37.761	1	1	3777	2	1	28	4395	0	0	47
37.762	1	1	3777	3	1	28	4395	0	0	47
37.763	1	1	3777	4	1	28	4395	0	0	47
37.764	1	1	3777	5	1	28	4395	0	0	47
37.765	1	1	3777	6	1	28	4395	0	0	47
37.766	1	1	3777	7	1	28	4395	0	0	47
37.767	1	1	3777	8	1	28	4395	0	0	47
37.775	1	1	3778	6	1	28	4395	0	0	47
37.776	1	1	3778	7	1	28	4395	0	0	47
37.777	1	1	3778	8	1	28	4395	0	0	47
37.778	1	1	3778	9	1	28	4395	0	0	47
37.779	1	1	3778	10	1	28	4395	0	0	47
37.78	1	1	3779	1	1	28	4395	0	0	47
37.975	1	1	3798	6	1	28	4395	0	0	47
37.976	1	1	3798	7	1	28	4395	0	0	47
37.977	1	1	3798	8	1	28	4395	0	0	47
37.978	1	1	3798	9	1	28	4395	0	0	47
37.979	1	1	3798	10	1	28	4395	0	0	47
37.98	1	1	3799	1	1	28	4395	0	0	47
38.192	1	1	3820	3	1	28	4395	0	0	47
