0.1 0
0.2 0
0.3 0
0.4 0
0.5 0
0.6 0
0.7 0
0.8 0
0.9 0
1 0
1.1 0
1.2 0
1.3 0
1.4 0
1.5 0
1.6 0.224
1.7 0
1.8 0.336
1.9 0
2 0.336
2.1 0
2.2 0.56
2.3 0
2.4 0.336
2.5 0.672
2.6 0
2.7 1.344
2.8 0
2.9 2.016
3 0
3.1 3.024
3.2 0
3.3 2.912
3.4 1.792
3.5 1.232
3.6 3.808
3.7 0
3.8 4.928
3.9 0
4 4.928
4.1 0
4.2 4.928
4.3 0
4.4 4.032
4.5 0.896
4.6 2.128
4.7 2.8
4.8 0.224
4.9 4.704
5 0
5.1 4.928
5.2 0
5.3 4.928
5.4 0
5.5 4.928
5.6 0
5.7 3.248
5.8 1.68
5.9 1.344
6 3.584
6.1 0
6.2 4.928
6.3 0
6.4 4.928
6.5 0
6.6 4.928
6.7 0
6.8 4.256
6.9 0.672
7 2.352
7.1 2.576
7.2 0.448
7.3 4.48
7.4 0
7.5 4.928
7.6 0
7.7 4.928
7.8 0
7.9 4.928
8 0
8.1 3.472
8.2 1.456
8.3 1.568
8.4 3.36
8.5 0
8.6 4.928
8.7 0
8.8 4.928
8.9 0
9 4.928
9.1 0
9.2 4.48
9.3 0.448
9.4 2.576
9.5 2.352
9.6 0.672
9.7 4.256
9.8 0
9.9 4.928
10 0
10.1 4.928
10.2 0
10.3 4.928
10.4 0
10.5 3.696
10.6 1.232
10.7 1.792
10.8 3.136
10.9 0
11 4.928
11.1 0
11.2 4.928
11.3 0
11.4 4.928
11.5 0
11.6 4.704
11.7 0.224
11.8 2.8
11.9 2.128
12 0.896
12.1 4.032
12.2 0
12.3 4.928
12.4 0
12.5 4.928
12.6 0
12.7 4.928
12.8 0
12.9 3.92
13 1.008
13.1 2.016
13.2 2.912
13.3 0
13.4 4.928
13.5 0
13.6 4.928
13.7 0
13.8 4.928
13.9 0
14 4.928
14.1 0
14.2 3.024
14.3 1.904
14.4 1.12
14.5 3.808
14.6 0
14.7 4.928
14.8 0
14.9 4.928
15 0
15.1 4.928
15.2 0
15.3 4.032
15.4 0.896
15.5 2.128
15.6 2.8
15.7 0.224
15.8 4.704
15.9 0
16 4.928
16.1 0
16.2 4.928
16.3 0
16.4 4.928
16.5 0
16.6 3.248
16.7 1.68
16.8 1.344
16.9 3.584
17 0
17.1 4.928
17.2 0
17.3 4.928
17.4 0
17.5 4.928
17.6 0
17.7 4.256
17.8 0.672
17.9 2.352
18 2.576
18.1 0.448
18.2 4.48
18.3 0
18.4 4.928
18.5 0
18.6 4.928
18.7 0
18.8 4.928
18.9 0
19 3.472
19.1 1.456
19.2 1.568
19.3 3.36
19.4 0
19.5 4.928
19.6 0
19.7 4.928
19.8 0
19.9 4.928
20 0
20.1 4.48
20.2 0.448
20.3 2.576
20.4 2.352
20.5 0.672
20.6 4.256
20.7 0
20.8 4.928
20.9 0
21 4.928
21.1 0
21.2 4.928
21.3 0
21.4 3.696
21.5 1.232
21.6 1.792
21.7 3.136
21.8 0
21.9 4.928
22 0
22.1 4.928
22.2 0
22.3 4.928
22.4 0
22.5 4.704
22.6 0.224
22.7 2.8
22.8 2.128
22.9 0.896
23 4.032
23.1 0
23.2 4.928
23.3 0
23.4 4.928
23.5 0
23.6 4.928
23.7 0
23.8 3.92
23.9 1.008
24 2.016
24.1 2.912
24.2 0
24.3 4.928
24.4 0
24.5 4.928
24.6 0
24.7 4.928
24.8 0
24.9 4.928
25 0
25.1 3.024
25.2 1.904
25.3 1.12
25.4 3.808
25.5 0
25.6 4.928
25.7 0
25.8 4.928
25.9 0
26 4.928
26.1 0
26.2 4.032
26.3 0.896
26.4 2.128
26.5 2.8
26.6 0.224
26.7 4.704
26.8 0
26.9 4.928
27 0
27.1 4.928
27.2 0
27.3 4.928
27.4 0
27.5 3.248
27.6 1.68
27.7 1.344
27.8 3.584
27.9 0
28 4.928
28.1 0
28.2 4.928
28.3 0
28.4 4.928
28.5 0
28.6 4.256
28.7 0.672
28.8 2.352
28.9 2.576
29 0.448
29.1 4.48
29.2 0
29.3 4.928
29.4 0
29.5 4.928
29.6 0
29.7 4.928
29.8 0
29.9 3.472
30 1.456
30.1 1.568
30.2 3.36
30.3 0
30.4 4.928
30.5 0
30.6 4.928
30.7 0
30.8 4.928
30.9 0
31 4.48
31.1 0.448
31.2 2.576
31.3 2.352
31.4 0.672
31.5 4.256
31.6 0
31.7 4.928
31.8 0
31.9 4.928
32 0
32.1 4.928
32.2 0
32.3 3.696
32.4 1.232
32.5 1.792
32.6 3.136
32.7 0
32.8 4.928
32.9 0
33 4.928
33.1 0
33.2 4.928
33.3 0
33.4 4.704
33.5 0.224
33.6 2.8
33.7 2.128
33.8 0.896
33.9 4.032
34 0
34.1 4.928
34.2 0
34.3 4.928
34.4 0
34.5 4.928
34.6 0
34.7 3.92
34.8 1.008
34.9 2.016
35 2.912
35.1 0
35.2 4.928
35.3 0
35.4 4.928
35.5 0
35.6 4.928
35.7 0
35.8 4.928
35.9 0
36 3.024
36.1 1.904
36.2 1.12
36.3 3.808
36.4 0
36.5 4.928
36.6 0
36.7 4.928
36.8 0
36.9 4.928
37 0
37.1 4.032
37.2 0.896
37.3 2.128
37.4 2.8
37.5 0.224
37.6 4.704
37.7 0
37.8 4.928
37.9 0
38 4.928
38.1 0
38.2 2.672
38.3 0
38.4 0
38.5 0
38.6 0
38.7 0
38.8 0
38.9 0
39 0
39.1 0
39.2 0
39.3 0
39.4 0
39.5 0
39.6 0
39.7 0
39.8 0
39.9 0
40 0
40.1 0
40.2 0
40.3 0
40.4 0
40.5 0
40.6 0
40.7 0
40.8 0
40.9 0
41 0
41.1 0
41.2 0
41.3 0
41.4 0
41.5 0
41.6 0
41.7 0
41.8 0
41.9 0
42 0
42.1 0
42.2 0
42.3 0
42.4 0
42.5 0
42.6 0
42.7 0
42.8 0
42.9 0
43 0
43.1 0
43.2 0
43.3 0
43.4 0
43.5 0
43.6 0
43.7 0
43.8 0
43.9 0
44 0
44.1 0
44.2 0
44.3 0
44.4 0
44.5 0
44.6 0
44.7 0
44.8 0
44.9 0
45 0
45.1 0
45.2 0
45.3 0
45.4 0
45.5 0
45.6 0
45.7 0
45.8 0
45.9 0
46 0
46.1 0
46.2 0
46.3 0
46.4 0
46.5 0
46.6 0
46.7 0
46.8 0
46.9 0
47 0
47.1 0
47.2 0
47.3 0
47.4 0
47.5 0
47.6 0
47.7 0
47.8 0
47.9 0
48 0
48.1 0
48.2 0
48.3 0
48.4 0
48.5 0
48.6 0
48.7 0
48.8 0
48.9 0
49 0
49.1 0
49.2 0
49.3 0
49.4 0
49.5 0
49.6 0
49.7 0
49.8 0
49.9 0
50 0
50.1 0
50.2 0
50.3 0
50.4 0
50.5 0
50.6 0
50.7 0
50.8 0
50.9 0
51 0
51.1 0
51.2 0
51.3 0
51.4 0
51.5 0
51.6 0
51.7 0
51.8 0
51.9 0
52 0
52.1 0
52.2 0
52.3 0
52.4 0
52.5 0
52.6 0
52.7 0
52.8 0
52.9 0
53 0
53.1 0
53.2 0
53.3 0
53.4 0
53.5 0
53.6 0
53.7 0
53.8 0
53.9 0
54 0
54.1 0
54.2 0
54.3 0
54.4 0
54.5 0
54.6 0
54.7 0
54.8 0
54.9 0
55 0
55.1 0
55.2 0
55.3 0
55.4 0
55.5 0
55.6 0
55.7 0
55.8 0
55.9 0
56 0
56.1 0
56.2 0
56.3 0
56.4 0
56.5 0
56.6 0
56.7 0
56.8 0
56.9 0
57 0
57.1 0
57.2 0
57.3 0
57.4 0
57.5 0
57.6 0
57.7 0
57.8 0
57.9 0
58 0
58.1 0
58.2 0
58.3 0
58.4 0
58.5 0
58.6 0
58.7 0
58.8 0
58.9 0
59 0
59.1 0
59.2 0
59.3 0
59.4 0
59.5 0
59.6 0
59.7 0
59.8 0
59.9 0
60 0
60.1 0
60.2 0
60.3 0
60.4 0
60.5 0
60.6 0
60.7 0
60.8 0
60.9 0
61 0
61.1 0
61.2 0
61.3 0
61.4 0
61.5 0
61.6 0
61.7 0
61.8 0
61.9 0
62 0
62.1 0
62.2 0
62.3 0
62.4 0
62.5 0
62.6 0
62.7 0
62.8 0
62.9 0
63 0
63.1 0
63.2 0
63.3 0
63.4 0
63.5 0
63.6 0
63.7 0
63.8 0
63.9 0
64 0
64.1 0
64.2 0
64.3 0
64.4 0
64.5 0
64.6 0
64.7 0
64.8 0
64.9 0
65 0
65.1 0
65.2 0
65.3 0
65.4 0
65.5 0
65.6 0
65.7 0
65.8 0
65.9 0
66 0
66.1 0
66.2 0
66.3 0
66.4 0
66.5 0
66.6 0
66.7 0
66.8 0
66.9 0
67 0
67.1 0
67.2 0
67.3 0
67.4 0
67.5 0
67.6 0
67.7 0
67.8 0
67.9 0
68 0
68.1 0
68.2 0
68.3 0
68.4 0
68.5 0
68.6 0
68.7 0
68.8 0
68.9 0
69 0
69.1 0
69.2 0
69.3 0
69.4 0
69.5 0
69.6 0
69.7 0
69.8 0
69.9 0
70 0
70.1 0
70.2 0
70.3 0
70.4 0
70.5 0
70.6 0
70.7 0
70.8 0
70.9 0
71 0
71.1 0
71.2 0
71.3 0
71.4 0
71.5 0
71.6 0
71.7 0
71.8 0
71.9 0
72 0
72.1 0
72.2 0
72.3 0
72.4 0
72.5 0
72.6 0
72.7 0
72.8 0
72.9 0
73 0
73.1 0
73.2 0
73.3 0
73.4 0
73.5 0
73.6 0
73.7 0
73.8 0
73.9 0
74 0
74.1 0
74.2 0
74.3 0
74.4 0
74.5 0
74.6 0
74.7 0
74.8 0
74.9 0
75 0
75.1 0
75.2 0
75.3 0
75.4 0
75.5 0
75.6 0
75.7 0
75.8 0
75.9 0
76 0
76.1 0
76.2 0
76.3 0
76.4 0
76.5 0
76.6 0
76.7 0
76.8 0
76.9 0
77 0
77.1 0
77.2 0
77.3 0
77.4 0
77.5 0
77.6 0
77.7 0
77.8 0
77.9 0
78 0
78.1 0
78.2 0
78.3 0
78.4 0
78.5 0
78.6 0
78.7 0
78.8 0
78.9 0
79 0
79.1 0
79.2 0
79.3 0
79.4 0
79.5 0
79.6 0
79.7 0
79.8 0
79.9 0
80 0
80.1 0
80.2 0
80.3 0
80.4 0
80.5 0
80.6 0
80.7 0
80.8 0
80.9 0
81 0
81.1 0
81.2 0
81.3 0
81.4 0
81.5 0
81.6 0
81.7 0
81.8 0
81.9 0
82 0
82.1 0
82.2 0
82.3 0
82.4 0
82.5 0
82.6 0
82.7 0
82.8 0
82.9 0
83 0
83.1 0
83.2 0
83.3 0
83.4 0
83.5 0
83.6 0
83.7 0
83.8 0
83.9 0
84 0
84.1 0
84.2 0
84.3 0
84.4 0
84.5 0
84.6 0
84.7 0
84.8 0
84.9 0
85 0
85.1 0
85.2 0
85.3 0
85.4 0
85.5 0
85.6 0
85.7 0
85.8 0
85.9 0
86 0
86.1 0
86.2 0
86.3 0
86.4 0
86.5 0
86.6 0
86.7 0
86.8 0
86.9 0
87 0
87.1 0
87.2 0
87.3 0
87.4 0
87.5 0
87.6 0
87.7 0
87.8 0
87.9 0
88 0
88.1 0
88.2 0
88.3 0
88.4 0
88.5 0
88.6 0
88.7 0
88.8 0
88.9 0
89 0
89.1 0
89.2 0
89.3 0
89.4 0
89.5 0
89.6 0
89.7 0
89.8 0
89.9 0
90 0
90.1 0
90.2 0
90.3 0
90.4 0
90.5 0
90.6 0
90.7 0
90.8 0
90.9 0
91 0
91.1 0
91.2 0
91.3 0
91.4 0
91.5 0
91.6 0
91.7 0
91.8 0
91.9 0
92 0
92.1 0
92.2 0
92.3 0
92.4 0
92.5 0
92.6 0
92.7 0
92.8 0
92.9 0
93 0
93.1 0
93.2 0
93.3 0
93.4 0
93.5 0
93.6 0
93.7 0
93.8 0
93.9 0
94 0
94.1 0
94.2 0
94.3 0
94.4 0
94.5 0
94.6 0
94.7 0
94.8 0
94.9 0
95 0
95.1 0
95.2 0
95.3 0
95.4 0
95.5 0
95.6 0
95.7 0
95.8 0
95.9 0
96 0
96.1 0
96.2 0
96.3 0
96.4 0
96.5 0
96.6 0
96.7 0
96.8 0
96.9 0
97 0
97.1 0
97.2 0
97.3 0
97.4 0
97.5 0
97.6 0
97.7 0
97.8 0
97.9 0
98 0
98.1 0
98.2 0
98.3 0
98.4 0
98.5 0
98.6 0
98.7 0
98.8 0
98.9 0
99 0
99.1 0
99.2 0
99.3 0
99.4 0
99.5 0
99.6 0
99.7 0
99.8 0
99.9 0
100 0
100.1 0
100.2 0
100.3 0
100.4 0
100.5 0
100.6 0
100.7 0
100.8 0
100.9 0
101 0
101.1 0
101.2 0
101.3 0
101.4 0
101.5 0
101.6 0
101.7 0
101.8 0
101.9 0
102 0
102.1 0
102.2 0
102.3 0
102.4 0
102.5 0
102.6 0
102.7 0
102.8 0
102.9 0
103 0
103.1 0
103.2 0
103.3 0
103.4 0
103.5 0
103.6 0
103.7 0
103.8 0
103.9 0
104 0
104.1 0
104.2 0
104.3 0
104.4 0
104.5 0
104.6 0
104.7 0
104.8 0
104.9 0
105 0
105.1 0
105.2 0
105.3 0
105.4 0
105.5 0
105.6 0
105.7 0
105.8 0
105.9 0
106 0
106.1 0
106.2 0
106.3 0
106.4 0
106.5 0
106.6 0
106.7 0
106.8 0
106.9 0
107 0
107.1 0
107.2 0
107.3 0
107.4 0
107.5 0
107.6 0
107.7 0
107.8 0
107.9 0
108 0
108.1 0
108.2 0
108.3 0
108.4 0
108.5 0
108.6 0
108.7 0
108.8 0
108.9 0
109 0
109.1 0
109.2 0
109.3 0
109.4 0
109.5 0
109.6 0
109.7 0
109.8 0
109.9 0
110 0
110.1 0
110.2 0
110.3 0
110.4 0
110.5 0
110.6 0
110.7 0
110.8 0
110.9 0
111 0
111.1 0
111.2 0
111.3 0
111.4 0
111.5 0
111.6 0
111.7 0
111.8 0
111.9 0
112 0
112.1 0
112.2 0
112.3 0
112.4 0
112.5 0
112.6 0
112.7 0
112.8 0
112.9 0
113 0
113.1 0
113.2 0
113.3 0
113.4 0
113.5 0
113.6 0
113.7 0
113.8 0
113.9 0
114 0
114.1 0
114.2 0
114.3 0
114.4 0
114.5 0
114.6 0
114.7 0
114.8 0
114.9 0
115 0
115.1 0
115.2 0
115.3 0
115.4 0
115.5 0
115.6 0
115.7 0
115.8 0
115.9 0
116 0
116.1 0
116.2 0
116.3 0
116.4 0
116.5 0
116.6 0
116.7 0
116.8 0
116.9 0
117 0
117.1 0
117.2 0
117.3 0
117.4 0
117.5 0
117.6 0
117.7 0
117.8 0
117.9 0
118 0
118.1 0
118.2 0
118.3 0
118.4 0
118.5 0
118.6 0
118.7 0
118.8 0
118.9 0
119 0
119.1 0
119.2 0
119.3 0
119.4 0
119.5 0
119.6 0
119.7 0
119.8 0
119.9 0
