% time	cellId	IMSI	frame	sframe	RNTI	mcsTb1	sizeTb1	mcsTb2	sizeTb2	Nprb
1.102	1	1	111	3	1	28	4395	0	0	47
1.319	1	1	132	10	1	28	4395	0	0	47
1.536	1	1	154	7	1	28	4395	0	0	47
1.753	1	1	176	4	1	28	4395	0	0	47
1.97	1	1	198	1	1	28	4395	0	0	47
2.17	1	1	218	1	1	28	4395	0	0	47
2.187	1	1	219	8	1	28	4395	0	0	47
2.387	1	1	239	8	1	28	4395	0	0	47
2.388	1	1	239	9	1	28	4395	0	0	47
2.404	1	1	241	5	1	28	4395	0	0	47
2.604	1	1	261	5	1	28	4395	0	0	47
2.605	1	1	261	6	1	28	4395	0	0	47
2.606	1	1	261	7	1	28	4395	0	0	47
2.621	1	1	263	2	1	28	4395	0	0	47
2.622	1	1	263	3	1	28	4395	0	0	47
2.821	1	1	283	2	1	28	4395	0	0	47
2.822	1	1	283	3	1	28	4395	0	0	47
2.823	1	1	283	4	1	28	4395	0	0	47
2.824	1	1	283	5	1	28	4395	0	0	47
2.838	1	1	284	9	1	28	4395	0	0	47
2.839	1	1	284	10	1	28	4395	0	0	47
2.84	1	1	285	1	1	28	4395	0	0	47
3.038	1	1	304	9	1	28	4395	0	0	47
3.039	1	1	304	10	1	28	4395	0	0	47
3.04	1	1	305	1	1	28	4395	0	0	47
3.041	1	1	305	2	1	28	4395	0	0	47
3.042	1	1	305	3	1	28	4395	0	0	47
3.043	1	1	305	4	1	28	4395	0	0	47
3.055	1	1	306	6	1	28	4395	0	0	47
3.056	1	1	306	7	1	28	4395	0	0	47
3.057	1	1	306	8	1	28	4395	0	0	47
3.058	1	1	306	9	1	28	4395	0	0	47
3.255	1	1	326	6	1	28	4395	0	0	47
3.256	1	1	326	7	1	28	4395	0	0	47
3.257	1	1	326	8	1	28	4395	0	0	47
3.258	1	1	326	9	1	28	4395	0	0	47
3.259	1	1	326	10	1	28	4395	0	0	47
3.26	1	1	327	1	1	28	4395	0	0	47
3.261	1	1	327	2	1	28	4395	0	0	47
3.262	1	1	327	3	1	28	4395	0	0	47
3.263	1	1	327	4	1	28	4395	0	0	47
3.272	1	1	328	3	1	28	4395	0	0	47
3.273	1	1	328	4	1	28	4395	0	0	47
3.274	1	1	328	5	1	28	4395	0	0	47
3.275	1	1	328	6	1	28	4395	0	0	47
3.276	1	1	328	7	1	28	4395	0	0	47
3.277	1	1	328	8	1	28	4395	0	0	47
3.472	1	1	348	3	1	28	4395	0	0	47
3.473	1	1	348	4	1	28	4395	0	0	47
3.474	1	1	348	5	1	28	4395	0	0	47
3.475	1	1	348	6	1	28	4395	0	0	47
3.476	1	1	348	7	1	28	4395	0	0	47
3.477	1	1	348	8	1	28	4395	0	0	47
3.478	1	1	348	9	1	28	4395	0	0	47
3.479	1	1	348	10	1	28	4395	0	0	47
3.48	1	1	349	1	1	28	4395	0	0	47
3.481	1	1	349	2	1	28	4395	0	0	47
3.482	1	1	349	3	1	28	4395	0	0	47
3.483	1	1	349	4	1	28	4395	0	0	47
3.484	1	1	349	5	1	28	4395	0	0	47
3.485	1	1	349	6	1	28	4395	0	0	47
3.489	1	1	349	10	1	28	4395	0	0	47
3.49	1	1	350	1	1	28	4395	0	0	47
3.491	1	1	350	2	1	28	4395	0	0	47
3.492	1	1	350	3	1	28	4395	0	0	47
3.493	1	1	350	4	1	28	4395	0	0	47
3.494	1	1	350	5	1	28	4395	0	0	47
3.495	1	1	350	6	1	28	4395	0	0	47
3.496	1	1	350	7	1	28	4395	0	0	47
3.497	1	1	350	8	1	28	4395	0	0	47
3.689	1	1	369	10	1	28	4395	0	0	47
3.69	1	1	370	1	1	28	4395	0	0	47
3.691	1	1	370	2	1	28	4395	0	0	47
3.692	1	1	370	3	1	28	4395	0	0	47
3.693	1	1	370	4	1	28	4395	0	0	47
3.694	1	1	370	5	1	28	4395	0	0	47
3.695	1	1	370	6	1	28	4395	0	0	47
3.696	1	1	370	7	1	28	4395	0	0	47
3.697	1	1	370	8	1	28	4395	0	0	47
3.698	1	1	370	9	1	28	4395	0	0	47
3.699	1	1	370	10	1	28	4395	0	0	47
3.7	1	1	371	1	1	28	4395	0	0	47
3.701	1	1	371	2	1	28	4395	0	0	47
3.702	1	1	371	3	1	28	4395	0	0	47
3.703	1	1	371	4	1	28	4395	0	0	47
3.704	1	1	371	5	1	28	4395	0	0	47
3.705	1	1	371	6	1	28	4395	0	0	47
3.706	1	1	371	7	1	28	4395	0	0	47
3.707	1	1	371	8	1	28	4395	0	0	47
3.708	1	1	371	9	1	28	4395	0	0	47
3.709	1	1	371	10	1	28	4395	0	0	47
3.71	1	1	372	1	1	28	4395	0	0	47
3.711	1	1	372	2	1	28	4395	0	0	47
3.712	1	1	372	3	1	28	4395	0	0	47
3.713	1	1	372	4	1	28	4395	0	0	47
3.714	1	1	372	5	1	28	4395	0	0	47
3.715	1	1	372	6	1	28	4395	0	0	47
3.716	1	1	372	7	1	28	4395	0	0	47
3.717	1	1	372	8	1	28	4395	0	0	47
3.718	1	1	372	9	1	28	4395	0	0	47
3.719	1	1	372	10	1	28	4395	0	0	47
3.72	1	1	373	1	1	28	4395	0	0	47
3.721	1	1	373	2	1	28	4395	0	0	47
3.722	1	1	373	3	1	28	4395	0	0	47
3.906	1	1	391	7	1	28	4395	0	0	47
3.907	1	1	391	8	1	28	4395	0	0	47
3.908	1	1	391	9	1	28	4395	0	0	47
3.909	1	1	391	10	1	28	4395	0	0	47
3.91	1	1	392	1	1	28	4395	0	0	47
3.911	1	1	392	2	1	28	4395	0	0	47
3.912	1	1	392	3	1	28	4395	0	0	47
3.913	1	1	392	4	1	28	4395	0	0	47
3.914	1	1	392	5	1	28	4395	0	0	47
3.915	1	1	392	6	1	28	4395	0	0	47
3.916	1	1	392	7	1	28	4395	0	0	47
3.917	1	1	392	8	1	28	4395	0	0	47
3.918	1	1	392	9	1	28	4395	0	0	47
3.919	1	1	392	10	1	28	4395	0	0	47
3.92	1	1	393	1	1	28	4395	0	0	47
3.921	1	1	393	2	1	28	4395	0	0	47
3.922	1	1	393	3	1	28	4395	0	0	47
3.923	1	1	393	4	1	28	4395	0	0	47
3.924	1	1	393	5	1	28	4395	0	0	47
3.925	1	1	393	6	1	28	4395	0	0	47
3.926	1	1	393	7	1	28	4395	0	0	47
3.927	1	1	393	8	1	28	4395	0	0	47
3.928	1	1	393	9	1	28	4395	0	0	47
3.929	1	1	393	10	1	28	4395	0	0	47
3.93	1	1	394	1	1	28	4395	0	0	47
3.931	1	1	394	2	1	28	4395	0	0	47
3.932	1	1	394	3	1	28	4395	0	0	47
3.933	1	1	394	4	1	28	4395	0	0	47
3.934	1	1	394	5	1	28	4395	0	0	47
3.935	1	1	394	6	1	28	4395	0	0	47
3.936	1	1	394	7	1	28	4395	0	0	47
3.937	1	1	394	8	1	28	4395	0	0	47
3.938	1	1	394	9	1	28	4395	0	0	47
3.939	1	1	394	10	1	28	4395	0	0	47
3.94	1	1	395	1	1	28	4395	0	0	47
3.941	1	1	395	2	1	28	4395	0	0	47
3.942	1	1	395	3	1	28	4395	0	0	47
3.943	1	1	395	4	1	28	4395	0	0	47
3.944	1	1	395	5	1	28	4395	0	0	47
3.945	1	1	395	6	1	28	4395	0	0	47
3.946	1	1	395	7	1	28	4395	0	0	47
3.947	1	1	395	8	1	28	4395	0	0	47
3.948	1	1	395	9	1	28	4395	0	0	47
3.949	1	1	395	10	1	28	4395	0	0	47
3.95	1	1	396	1	1	28	4395	0	0	47
3.951	1	1	396	2	1	28	4395	0	0	47
3.952	1	1	396	3	1	28	4395	0	0	47
3.953	1	1	396	4	1	28	4395	0	0	47
3.954	1	1	396	5	1	28	4395	0	0	47
3.955	1	1	396	6	1	28	4395	0	0	47
3.956	1	1	396	7	1	28	4395	0	0	47
4.123	1	1	413	4	1	28	4395	0	0	47
4.124	1	1	413	5	1	28	4395	0	0	47
4.125	1	1	413	6	1	28	4395	0	0	47
4.126	1	1	413	7	1	28	4395	0	0	47
4.127	1	1	413	8	1	28	4395	0	0	47
4.128	1	1	413	9	1	28	4395	0	0	47
4.129	1	1	413	10	1	28	4395	0	0	47
4.13	1	1	414	1	1	28	4395	0	0	47
4.131	1	1	414	2	1	28	4395	0	0	47
4.132	1	1	414	3	1	28	4395	0	0	47
4.133	1	1	414	4	1	28	4395	0	0	47
4.134	1	1	414	5	1	28	4395	0	0	47
4.135	1	1	414	6	1	28	4395	0	0	47
4.136	1	1	414	7	1	28	4395	0	0	47
4.137	1	1	414	8	1	28	4395	0	0	47
4.138	1	1	414	9	1	28	4395	0	0	47
4.139	1	1	414	10	1	28	4395	0	0	47
4.14	1	1	415	1	1	28	4395	0	0	47
4.141	1	1	415	2	1	28	4395	0	0	47
4.142	1	1	415	3	1	28	4395	0	0	47
4.143	1	1	415	4	1	28	4395	0	0	47
4.144	1	1	415	5	1	28	4395	0	0	47
4.145	1	1	415	6	1	28	4395	0	0	47
4.146	1	1	415	7	1	28	4395	0	0	47
4.147	1	1	415	8	1	28	4395	0	0	47
4.148	1	1	415	9	1	28	4395	0	0	47
4.149	1	1	415	10	1	28	4395	0	0	47
4.15	1	1	416	1	1	28	4395	0	0	47
4.151	1	1	416	2	1	28	4395	0	0	47
4.152	1	1	416	3	1	28	4395	0	0	47
4.153	1	1	416	4	1	28	4395	0	0	47
4.154	1	1	416	5	1	28	4395	0	0	47
4.155	1	1	416	6	1	28	4395	0	0	47
4.156	1	1	416	7	1	28	4395	0	0	47
4.157	1	1	416	8	1	28	4395	0	0	47
4.158	1	1	416	9	1	28	4395	0	0	47
4.159	1	1	416	10	1	28	4395	0	0	47
4.16	1	1	417	1	1	28	4395	0	0	47
4.161	1	1	417	2	1	28	4395	0	0	47
4.162	1	1	417	3	1	28	4395	0	0	47
4.163	1	1	417	4	1	28	4395	0	0	47
4.164	1	1	417	5	1	28	4395	0	0	47
4.165	1	1	417	6	1	28	4395	0	0	47
4.166	1	1	417	7	1	28	4395	0	0	47
4.167	1	1	417	8	1	28	4395	0	0	47
4.168	1	1	417	9	1	28	4395	0	0	47
4.169	1	1	417	10	1	28	4395	0	0	47
4.17	1	1	418	1	1	28	4395	0	0	47
4.171	1	1	418	2	1	28	4395	0	0	47
4.172	1	1	418	3	1	28	4395	0	0	47
4.173	1	1	418	4	1	28	4395	0	0	47
4.174	1	1	418	5	1	28	4395	0	0	47
4.175	1	1	418	6	1	28	4395	0	0	47
4.176	1	1	418	7	1	28	4395	0	0	47
4.177	1	1	418	8	1	28	4395	0	0	47
4.178	1	1	418	9	1	28	4395	0	0	47
4.179	1	1	418	10	1	28	4395	0	0	47
4.18	1	1	419	1	1	28	4395	0	0	47
4.181	1	1	419	2	1	28	4395	0	0	47
4.182	1	1	419	3	1	28	4395	0	0	47
4.183	1	1	419	4	1	28	4395	0	0	47
4.184	1	1	419	5	1	28	4395	0	0	47
4.185	1	1	419	6	1	28	4395	0	0	47
4.186	1	1	419	7	1	28	4395	0	0	47
4.187	1	1	419	8	1	28	4395	0	0	47
4.188	1	1	419	9	1	28	4395	0	0	47
4.189	1	1	419	10	1	28	4395	0	0	47
4.19	1	1	420	1	1	28	4395	0	0	47
4.191	1	1	420	2	1	28	4395	0	0	47
4.192	1	1	420	3	1	28	4395	0	0	47
4.193	1	1	420	4	1	28	4395	0	0	47
4.194	1	1	420	5	1	28	4395	0	0	47
4.195	1	1	420	6	1	28	4395	0	0	47
4.196	1	1	420	7	1	28	4395	0	0	47
4.197	1	1	420	8	1	28	4395	0	0	47
4.198	1	1	420	9	1	28	4395	0	0	47
4.199	1	1	420	10	1	28	4395	0	0	47
4.34	1	1	435	1	1	28	4395	0	0	47
4.341	1	1	435	2	1	28	4395	0	0	47
4.342	1	1	435	3	1	28	4395	0	0	47
4.343	1	1	435	4	1	28	4395	0	0	47
4.344	1	1	435	5	1	28	4395	0	0	47
4.345	1	1	435	6	1	28	4395	0	0	47
4.346	1	1	435	7	1	28	4395	0	0	47
4.347	1	1	435	8	1	28	4395	0	0	47
4.348	1	1	435	9	1	28	4395	0	0	47
4.349	1	1	435	10	1	28	4395	0	0	47
4.35	1	1	436	1	1	28	4395	0	0	47
4.351	1	1	436	2	1	28	4395	0	0	47
4.352	1	1	436	3	1	28	4395	0	0	47
4.353	1	1	436	4	1	28	4395	0	0	47
4.354	1	1	436	5	1	28	4395	0	0	47
4.355	1	1	436	6	1	28	4395	0	0	47
4.356	1	1	436	7	1	28	4395	0	0	47
4.357	1	1	436	8	1	28	4395	0	0	47
4.358	1	1	436	9	1	28	4395	0	0	47
4.359	1	1	436	10	1	28	4395	0	0	47
4.36	1	1	437	1	1	28	4395	0	0	47
4.361	1	1	437	2	1	28	4395	0	0	47
4.362	1	1	437	3	1	28	4395	0	0	47
4.363	1	1	437	4	1	28	4395	0	0	47
4.364	1	1	437	5	1	28	4395	0	0	47
4.365	1	1	437	6	1	28	4395	0	0	47
4.366	1	1	437	7	1	28	4395	0	0	47
4.367	1	1	437	8	1	28	4395	0	0	47
4.368	1	1	437	9	1	28	4395	0	0	47
4.369	1	1	437	10	1	28	4395	0	0	47
4.37	1	1	438	1	1	28	4395	0	0	47
4.371	1	1	438	2	1	28	4395	0	0	47
4.372	1	1	438	3	1	28	4395	0	0	47
4.373	1	1	438	4	1	28	4395	0	0	47
4.374	1	1	438	5	1	28	4395	0	0	47
4.375	1	1	438	6	1	28	4395	0	0	47
4.376	1	1	438	7	1	28	4395	0	0	47
4.377	1	1	438	8	1	28	4395	0	0	47
4.378	1	1	438	9	1	28	4395	0	0	47
4.379	1	1	438	10	1	28	4395	0	0	47
4.38	1	1	439	1	1	28	4395	0	0	47
4.381	1	1	439	2	1	28	4395	0	0	47
4.382	1	1	439	3	1	28	4395	0	0	47
4.383	1	1	439	4	1	28	4395	0	0	47
4.384	1	1	439	5	1	28	4395	0	0	47
4.385	1	1	439	6	1	28	4395	0	0	47
4.386	1	1	439	7	1	28	4395	0	0	47
4.387	1	1	439	8	1	28	4395	0	0	47
4.388	1	1	439	9	1	28	4395	0	0	47
4.389	1	1	439	10	1	28	4395	0	0	47
4.39	1	1	440	1	1	28	4395	0	0	47
4.391	1	1	440	2	1	28	4395	0	0	47
4.392	1	1	440	3	1	28	4395	0	0	47
4.393	1	1	440	4	1	28	4395	0	0	47
4.394	1	1	440	5	1	28	4395	0	0	47
4.395	1	1	440	6	1	28	4395	0	0	47
4.396	1	1	440	7	1	28	4395	0	0	47
4.397	1	1	440	8	1	28	4395	0	0	47
4.398	1	1	440	9	1	28	4395	0	0	47
4.399	1	1	440	10	1	28	4395	0	0	47
4.4	1	1	441	1	1	28	4395	0	0	47
4.401	1	1	441	2	1	28	4395	0	0	47
4.402	1	1	441	3	1	28	4395	0	0	47
4.403	1	1	441	4	1	28	4395	0	0	47
4.404	1	1	441	5	1	28	4395	0	0	47
4.405	1	1	441	6	1	28	4395	0	0	47
4.406	1	1	441	7	1	28	4395	0	0	47
4.407	1	1	441	8	1	28	4395	0	0	47
4.408	1	1	441	9	1	28	4395	0	0	47
4.409	1	1	441	10	1	28	4395	0	0	47
4.41	1	1	442	1	1	28	4395	0	0	47
4.411	1	1	442	2	1	28	4395	0	0	47
4.412	1	1	442	3	1	28	4395	0	0	47
4.413	1	1	442	4	1	28	4395	0	0	47
4.414	1	1	442	5	1	28	4395	0	0	47
4.415	1	1	442	6	1	28	4395	0	0	47
4.416	1	1	442	7	1	28	4395	0	0	47
4.417	1	1	442	8	1	28	4395	0	0	47
4.418	1	1	442	9	1	28	4395	0	0	47
4.419	1	1	442	10	1	28	4395	0	0	47
4.42	1	1	443	1	1	28	4395	0	0	47
4.421	1	1	443	2	1	28	4395	0	0	47
4.422	1	1	443	3	1	28	4395	0	0	47
4.423	1	1	443	4	1	28	4395	0	0	47
4.424	1	1	443	5	1	28	4395	0	0	47
4.425	1	1	443	6	1	28	4395	0	0	47
4.426	1	1	443	7	1	28	4395	0	0	47
4.427	1	1	443	8	1	28	4395	0	0	47
4.428	1	1	443	9	1	28	4395	0	0	47
4.429	1	1	443	10	1	28	4395	0	0	47
4.43	1	1	444	1	1	28	4395	0	0	47
4.431	1	1	444	2	1	28	4395	0	0	47
4.432	1	1	444	3	1	28	4395	0	0	47
4.433	1	1	444	4	1	28	4395	0	0	47
4.434	1	1	444	5	1	28	4395	0	0	47
4.435	1	1	444	6	1	28	4395	0	0	47
4.436	1	1	444	7	1	28	4395	0	0	47
4.437	1	1	444	8	1	28	4395	0	0	47
4.438	1	1	444	9	1	28	4395	0	0	47
4.439	1	1	444	10	1	28	4395	0	0	47
4.44	1	1	445	1	1	28	4395	0	0	47
4.441	1	1	445	2	1	28	4395	0	0	47
4.442	1	1	445	3	1	28	4395	0	0	47
4.443	1	1	445	4	1	28	4395	0	0	47
4.444	1	1	445	5	1	28	4395	0	0	47
4.445	1	1	445	6	1	28	4395	0	0	47
4.446	1	1	445	7	1	28	4395	0	0	47
4.447	1	1	445	8	1	28	4395	0	0	47
4.448	1	1	445	9	1	28	4395	0	0	47
4.449	1	1	445	10	1	28	4395	0	0	47
4.45	1	1	446	1	1	28	4395	0	0	47
4.451	1	1	446	2	1	28	4395	0	0	47
4.452	1	1	446	3	1	28	4395	0	0	47
4.453	1	1	446	4	1	28	4395	0	0	47
4.454	1	1	446	5	1	28	4395	0	0	47
4.557	1	1	456	8	1	28	4395	0	0	47
4.558	1	1	456	9	1	28	4395	0	0	47
4.559	1	1	456	10	1	28	4395	0	0	47
4.56	1	1	457	1	1	28	4395	0	0	47
4.561	1	1	457	2	1	28	4395	0	0	47
4.562	1	1	457	3	1	28	4395	0	0	47
4.563	1	1	457	4	1	28	4395	0	0	47
4.564	1	1	457	5	1	28	4395	0	0	47
4.565	1	1	457	6	1	28	4395	0	0	47
4.566	1	1	457	7	1	28	4395	0	0	47
4.567	1	1	457	8	1	28	4395	0	0	47
4.568	1	1	457	9	1	28	4395	0	0	47
4.569	1	1	457	10	1	28	4395	0	0	47
4.57	1	1	458	1	1	28	4395	0	0	47
4.571	1	1	458	2	1	28	4395	0	0	47
4.572	1	1	458	3	1	28	4395	0	0	47
4.573	1	1	458	4	1	28	4395	0	0	47
4.574	1	1	458	5	1	28	4395	0	0	47
4.575	1	1	458	6	1	28	4395	0	0	47
4.576	1	1	458	7	1	28	4395	0	0	47
4.577	1	1	458	8	1	28	4395	0	0	47
4.578	1	1	458	9	1	28	4395	0	0	47
4.579	1	1	458	10	1	28	4395	0	0	47
4.58	1	1	459	1	1	28	4395	0	0	47
4.581	1	1	459	2	1	28	4395	0	0	47
4.582	1	1	459	3	1	28	4395	0	0	47
4.583	1	1	459	4	1	28	4395	0	0	47
4.584	1	1	459	5	1	28	4395	0	0	47
4.585	1	1	459	6	1	28	4395	0	0	47
4.586	1	1	459	7	1	28	4395	0	0	47
4.587	1	1	459	8	1	28	4395	0	0	47
4.588	1	1	459	9	1	28	4395	0	0	47
4.589	1	1	459	10	1	28	4395	0	0	47
4.59	1	1	460	1	1	28	4395	0	0	47
4.591	1	1	460	2	1	28	4395	0	0	47
4.592	1	1	460	3	1	28	4395	0	0	47
4.593	1	1	460	4	1	28	4395	0	0	47
4.594	1	1	460	5	1	28	4395	0	0	47
4.595	1	1	460	6	1	28	4395	0	0	47
4.596	1	1	460	7	1	28	4395	0	0	47
4.597	1	1	460	8	1	28	4395	0	0	47
4.598	1	1	460	9	1	28	4395	0	0	47
4.599	1	1	460	10	1	28	4395	0	0	47
4.6	1	1	461	1	1	28	4395	0	0	47
4.601	1	1	461	2	1	28	4395	0	0	47
4.602	1	1	461	3	1	28	4395	0	0	47
4.603	1	1	461	4	1	28	4395	0	0	47
4.604	1	1	461	5	1	28	4395	0	0	47
4.605	1	1	461	6	1	28	4395	0	0	47
4.606	1	1	461	7	1	28	4395	0	0	47
4.607	1	1	461	8	1	28	4395	0	0	47
4.608	1	1	461	9	1	28	4395	0	0	47
4.609	1	1	461	10	1	28	4395	0	0	47
4.61	1	1	462	1	1	28	4395	0	0	47
4.611	1	1	462	2	1	28	4395	0	0	47
4.612	1	1	462	3	1	28	4395	0	0	47
4.613	1	1	462	4	1	28	4395	0	0	47
4.614	1	1	462	5	1	28	4395	0	0	47
4.615	1	1	462	6	1	28	4395	0	0	47
4.616	1	1	462	7	1	28	4395	0	0	47
4.617	1	1	462	8	1	28	4395	0	0	47
4.618	1	1	462	9	1	28	4395	0	0	47
4.619	1	1	462	10	1	28	4395	0	0	47
4.62	1	1	463	1	1	28	4395	0	0	47
4.621	1	1	463	2	1	28	4395	0	0	47
4.622	1	1	463	3	1	28	4395	0	0	47
4.623	1	1	463	4	1	28	4395	0	0	47
4.624	1	1	463	5	1	28	4395	0	0	47
4.625	1	1	463	6	1	28	4395	0	0	47
4.626	1	1	463	7	1	28	4395	0	0	47
4.627	1	1	463	8	1	28	4395	0	0	47
4.628	1	1	463	9	1	28	4395	0	0	47
4.629	1	1	463	10	1	28	4395	0	0	47
4.63	1	1	464	1	1	28	4395	0	0	47
4.631	1	1	464	2	1	28	4395	0	0	47
4.632	1	1	464	3	1	28	4395	0	0	47
4.633	1	1	464	4	1	28	4395	0	0	47
4.634	1	1	464	5	1	28	4395	0	0	47
4.635	1	1	464	6	1	28	4395	0	0	47
4.636	1	1	464	7	1	28	4395	0	0	47
4.637	1	1	464	8	1	28	4395	0	0	47
4.638	1	1	464	9	1	28	4395	0	0	47
4.639	1	1	464	10	1	28	4395	0	0	47
4.64	1	1	465	1	1	28	4395	0	0	47
4.641	1	1	465	2	1	28	4395	0	0	47
4.642	1	1	465	3	1	28	4395	0	0	47
4.643	1	1	465	4	1	28	4395	0	0	47
4.644	1	1	465	5	1	28	4395	0	0	47
4.645	1	1	465	6	1	28	4395	0	0	47
4.646	1	1	465	7	1	28	4395	0	0	47
4.647	1	1	465	8	1	28	4395	0	0	47
4.648	1	1	465	9	1	28	4395	0	0	47
4.649	1	1	465	10	1	28	4395	0	0	47
4.65	1	1	466	1	1	28	4395	0	0	47
4.651	1	1	466	2	1	28	4395	0	0	47
4.652	1	1	466	3	1	28	4395	0	0	47
4.653	1	1	466	4	1	28	4395	0	0	47
4.654	1	1	466	5	1	28	4395	0	0	47
4.655	1	1	466	6	1	28	4395	0	0	47
4.656	1	1	466	7	1	28	4395	0	0	47
4.657	1	1	466	8	1	28	4395	0	0	47
4.658	1	1	466	9	1	28	4395	0	0	47
4.659	1	1	466	10	1	28	4395	0	0	47
4.66	1	1	467	1	1	28	4395	0	0	47
4.661	1	1	467	2	1	28	4395	0	0	47
4.662	1	1	467	3	1	28	4395	0	0	47
4.663	1	1	467	4	1	28	4395	0	0	47
4.664	1	1	467	5	1	28	4395	0	0	47
4.665	1	1	467	6	1	28	4395	0	0	47
4.666	1	1	467	7	1	28	4395	0	0	47
4.667	1	1	467	8	1	28	4395	0	0	47
4.668	1	1	467	9	1	28	4395	0	0	47
4.669	1	1	467	10	1	28	4395	0	0	47
4.67	1	1	468	1	1	28	4395	0	0	47
4.671	1	1	468	2	1	28	4395	0	0	47
4.672	1	1	468	3	1	28	4395	0	0	47
4.673	1	1	468	4	1	28	4395	0	0	47
4.674	1	1	468	5	1	28	4395	0	0	47
4.675	1	1	468	6	1	28	4395	0	0	47
4.676	1	1	468	7	1	28	4395	0	0	47
4.677	1	1	468	8	1	28	4395	0	0	47
4.678	1	1	468	9	1	28	4395	0	0	47
4.679	1	1	468	10	1	28	4395	0	0	47
4.68	1	1	469	1	1	28	4395	0	0	47
4.681	1	1	469	2	1	28	4395	0	0	47
4.682	1	1	469	3	1	28	4395	0	0	47
4.683	1	1	469	4	1	28	4395	0	0	47
4.684	1	1	469	5	1	28	4395	0	0	47
4.685	1	1	469	6	1	28	4395	0	0	47
4.686	1	1	469	7	1	28	4395	0	0	47
4.687	1	1	469	8	1	28	4395	0	0	47
4.688	1	1	469	9	1	28	4395	0	0	47
4.689	1	1	469	10	1	28	4395	0	0	47
4.69	1	1	470	1	1	28	4395	0	0	47
4.691	1	1	470	2	1	28	4395	0	0	47
4.692	1	1	470	3	1	28	4395	0	0	47
4.693	1	1	470	4	1	28	4395	0	0	47
4.694	1	1	470	5	1	28	4395	0	0	47
4.695	1	1	470	6	1	28	4395	0	0	47
4.696	1	1	470	7	1	28	4395	0	0	47
4.697	1	1	470	8	1	28	4395	0	0	47
4.698	1	1	470	9	1	28	4395	0	0	47
4.699	1	1	470	10	1	28	4395	0	0	47
4.7	1	1	471	1	1	28	4395	0	0	47
4.701	1	1	471	2	1	28	4395	0	0	47
4.702	1	1	471	3	1	28	4395	0	0	47
4.703	1	1	471	4	1	28	4395	0	0	47
4.704	1	1	471	5	1	28	4395	0	0	47
4.705	1	1	471	6	1	28	4395	0	0	47
4.706	1	1	471	7	1	28	4395	0	0	47
4.707	1	1	471	8	1	28	4395	0	0	47
4.708	1	1	471	9	1	28	4395	0	0	47
4.709	1	1	471	10	1	28	4395	0	0	47
4.71	1	1	472	1	1	28	4395	0	0	47
4.711	1	1	472	2	1	28	4395	0	0	47
4.712	1	1	472	3	1	28	4395	0	0	47
4.713	1	1	472	4	1	28	4395	0	0	47
4.714	1	1	472	5	1	28	4395	0	0	47
4.715	1	1	472	6	1	28	4395	0	0	47
4.716	1	1	472	7	1	28	4395	0	0	47
4.717	1	1	472	8	1	28	4395	0	0	47
4.718	1	1	472	9	1	28	4395	0	0	47
4.719	1	1	472	10	1	28	4395	0	0	47
4.72	1	1	473	1	1	28	4395	0	0	47
4.721	1	1	473	2	1	28	4395	0	0	47
4.722	1	1	473	3	1	28	4395	0	0	47
4.723	1	1	473	4	1	28	4395	0	0	47
4.724	1	1	473	5	1	28	4395	0	0	47
4.725	1	1	473	6	1	28	4395	0	0	47
4.726	1	1	473	7	1	28	4395	0	0	47
4.727	1	1	473	8	1	28	4395	0	0	47
4.728	1	1	473	9	1	28	4395	0	0	47
4.774	1	1	478	5	1	28	4395	0	0	47
4.775	1	1	478	6	1	28	4395	0	0	47
4.776	1	1	478	7	1	28	4395	0	0	47
4.777	1	1	478	8	1	28	4395	0	0	47
4.778	1	1	478	9	1	28	4395	0	0	47
4.779	1	1	478	10	1	28	4395	0	0	47
4.78	1	1	479	1	1	28	4395	0	0	47
4.781	1	1	479	2	1	28	4395	0	0	47
4.782	1	1	479	3	1	28	4395	0	0	47
4.783	1	1	479	4	1	28	4395	0	0	47
4.784	1	1	479	5	1	28	4395	0	0	47
4.785	1	1	479	6	1	28	4395	0	0	47
4.786	1	1	479	7	1	28	4395	0	0	47
4.787	1	1	479	8	1	28	4395	0	0	47
4.788	1	1	479	9	1	28	4395	0	0	47
4.789	1	1	479	10	1	28	4395	0	0	47
4.79	1	1	480	1	1	28	4395	0	0	47
4.791	1	1	480	2	1	28	4395	0	0	47
4.792	1	1	480	3	1	28	4395	0	0	47
4.793	1	1	480	4	1	28	4395	0	0	47
4.794	1	1	480	5	1	28	4395	0	0	47
4.795	1	1	480	6	1	28	4395	0	0	47
4.796	1	1	480	7	1	28	4395	0	0	47
4.797	1	1	480	8	1	28	4395	0	0	47
4.798	1	1	480	9	1	28	4395	0	0	47
4.799	1	1	480	10	1	28	4395	0	0	47
4.8	1	1	481	1	1	28	4395	0	0	47
4.801	1	1	481	2	1	28	4395	0	0	47
4.802	1	1	481	3	1	28	4395	0	0	47
4.803	1	1	481	4	1	28	4395	0	0	47
4.804	1	1	481	5	1	28	4395	0	0	47
4.805	1	1	481	6	1	28	4395	0	0	47
4.806	1	1	481	7	1	28	4395	0	0	47
4.807	1	1	481	8	1	28	4395	0	0	47
4.808	1	1	481	9	1	28	4395	0	0	47
4.809	1	1	481	10	1	28	4395	0	0	47
4.81	1	1	482	1	1	28	4395	0	0	47
4.811	1	1	482	2	1	28	4395	0	0	47
4.812	1	1	482	3	1	28	4395	0	0	47
4.813	1	1	482	4	1	28	4395	0	0	47
4.814	1	1	482	5	1	28	4395	0	0	47
4.815	1	1	482	6	1	28	4395	0	0	47
4.816	1	1	482	7	1	28	4395	0	0	47
4.817	1	1	482	8	1	28	4395	0	0	47
4.818	1	1	482	9	1	28	4395	0	0	47
4.819	1	1	482	10	1	28	4395	0	0	47
4.82	1	1	483	1	1	28	4395	0	0	47
4.821	1	1	483	2	1	28	4395	0	0	47
4.822	1	1	483	3	1	28	4395	0	0	47
4.823	1	1	483	4	1	28	4395	0	0	47
4.824	1	1	483	5	1	28	4395	0	0	47
4.825	1	1	483	6	1	28	4395	0	0	47
4.826	1	1	483	7	1	28	4395	0	0	47
4.827	1	1	483	8	1	28	4395	0	0	47
4.828	1	1	483	9	1	28	4395	0	0	47
4.829	1	1	483	10	1	28	4395	0	0	47
4.83	1	1	484	1	1	28	4395	0	0	47
4.831	1	1	484	2	1	28	4395	0	0	47
4.832	1	1	484	3	1	28	4395	0	0	47
4.833	1	1	484	4	1	28	4395	0	0	47
4.834	1	1	484	5	1	28	4395	0	0	47
4.835	1	1	484	6	1	28	4395	0	0	47
4.836	1	1	484	7	1	28	4395	0	0	47
4.837	1	1	484	8	1	28	4395	0	0	47
4.838	1	1	484	9	1	28	4395	0	0	47
4.839	1	1	484	10	1	28	4395	0	0	47
4.84	1	1	485	1	1	28	4395	0	0	47
4.841	1	1	485	2	1	28	4395	0	0	47
4.842	1	1	485	3	1	28	4395	0	0	47
4.843	1	1	485	4	1	28	4395	0	0	47
4.844	1	1	485	5	1	28	4395	0	0	47
4.845	1	1	485	6	1	28	4395	0	0	47
4.846	1	1	485	7	1	28	4395	0	0	47
4.847	1	1	485	8	1	28	4395	0	0	47
4.848	1	1	485	9	1	28	4395	0	0	47
4.849	1	1	485	10	1	28	4395	0	0	47
4.85	1	1	486	1	1	28	4395	0	0	47
4.851	1	1	486	2	1	28	4395	0	0	47
4.852	1	1	486	3	1	28	4395	0	0	47
4.853	1	1	486	4	1	28	4395	0	0	47
4.854	1	1	486	5	1	28	4395	0	0	47
4.855	1	1	486	6	1	28	4395	0	0	47
4.856	1	1	486	7	1	28	4395	0	0	47
4.857	1	1	486	8	1	28	4395	0	0	47
4.858	1	1	486	9	1	28	4395	0	0	47
4.859	1	1	486	10	1	28	4395	0	0	47
4.86	1	1	487	1	1	28	4395	0	0	47
4.861	1	1	487	2	1	28	4395	0	0	47
4.862	1	1	487	3	1	28	4395	0	0	47
4.863	1	1	487	4	1	28	4395	0	0	47
4.864	1	1	487	5	1	28	4395	0	0	47
4.865	1	1	487	6	1	28	4395	0	0	47
4.866	1	1	487	7	1	28	4395	0	0	47
4.867	1	1	487	8	1	28	4395	0	0	47
4.868	1	1	487	9	1	28	4395	0	0	47
4.869	1	1	487	10	1	28	4395	0	0	47
4.87	1	1	488	1	1	28	4395	0	0	47
4.871	1	1	488	2	1	28	4395	0	0	47
4.872	1	1	488	3	1	28	4395	0	0	47
4.873	1	1	488	4	1	28	4395	0	0	47
4.874	1	1	488	5	1	28	4395	0	0	47
4.875	1	1	488	6	1	28	4395	0	0	47
4.876	1	1	488	7	1	28	4395	0	0	47
4.877	1	1	488	8	1	28	4395	0	0	47
4.878	1	1	488	9	1	28	4395	0	0	47
4.879	1	1	488	10	1	28	4395	0	0	47
4.88	1	1	489	1	1	28	4395	0	0	47
4.881	1	1	489	2	1	28	4395	0	0	47
4.882	1	1	489	3	1	28	4395	0	0	47
4.883	1	1	489	4	1	28	4395	0	0	47
4.884	1	1	489	5	1	28	4395	0	0	47
4.885	1	1	489	6	1	28	4395	0	0	47
4.886	1	1	489	7	1	28	4395	0	0	47
4.887	1	1	489	8	1	28	4395	0	0	47
4.888	1	1	489	9	1	28	4395	0	0	47
4.889	1	1	489	10	1	28	4395	0	0	47
4.89	1	1	490	1	1	28	4395	0	0	47
4.891	1	1	490	2	1	28	4395	0	0	47
4.892	1	1	490	3	1	28	4395	0	0	47
4.893	1	1	490	4	1	28	4395	0	0	47
4.894	1	1	490	5	1	28	4395	0	0	47
4.895	1	1	490	6	1	28	4395	0	0	47
4.896	1	1	490	7	1	28	4395	0	0	47
4.897	1	1	490	8	1	28	4395	0	0	47
4.898	1	1	490	9	1	28	4395	0	0	47
4.899	1	1	490	10	1	28	4395	0	0	47
4.9	1	1	491	1	1	28	4395	0	0	47
4.901	1	1	491	2	1	28	4395	0	0	47
4.902	1	1	491	3	1	28	4395	0	0	47
4.903	1	1	491	4	1	28	4395	0	0	47
4.904	1	1	491	5	1	28	4395	0	0	47
4.905	1	1	491	6	1	28	4395	0	0	47
4.906	1	1	491	7	1	28	4395	0	0	47
4.907	1	1	491	8	1	28	4395	0	0	47
4.908	1	1	491	9	1	28	4395	0	0	47
4.909	1	1	491	10	1	28	4395	0	0	47
4.91	1	1	492	1	1	28	4395	0	0	47
4.911	1	1	492	2	1	28	4395	0	0	47
4.912	1	1	492	3	1	28	4395	0	0	47
4.913	1	1	492	4	1	28	4395	0	0	47
4.914	1	1	492	5	1	28	4395	0	0	47
4.915	1	1	492	6	1	28	4395	0	0	47
4.916	1	1	492	7	1	28	4395	0	0	47
4.917	1	1	492	8	1	28	4395	0	0	47
4.918	1	1	492	9	1	28	4395	0	0	47
4.919	1	1	492	10	1	28	4395	0	0	47
4.92	1	1	493	1	1	28	4395	0	0	47
4.921	1	1	493	2	1	28	4395	0	0	47
4.922	1	1	493	3	1	28	4395	0	0	47
4.923	1	1	493	4	1	28	4395	0	0	47
4.924	1	1	493	5	1	28	4395	0	0	47
4.925	1	1	493	6	1	28	4395	0	0	47
4.926	1	1	493	7	1	28	4395	0	0	47
4.927	1	1	493	8	1	28	4395	0	0	47
4.928	1	1	493	9	1	28	4395	0	0	47
4.929	1	1	493	10	1	28	4395	0	0	47
4.93	1	1	494	1	1	28	4395	0	0	47
4.931	1	1	494	2	1	28	4395	0	0	47
4.932	1	1	494	3	1	28	4395	0	0	47
4.933	1	1	494	4	1	28	4395	0	0	47
4.934	1	1	494	5	1	28	4395	0	0	47
4.935	1	1	494	6	1	28	4395	0	0	47
4.936	1	1	494	7	1	28	4395	0	0	47
4.937	1	1	494	8	1	28	4395	0	0	47
4.938	1	1	494	9	1	28	4395	0	0	47
4.939	1	1	494	10	1	28	4395	0	0	47
4.94	1	1	495	1	1	28	4395	0	0	47
4.941	1	1	495	2	1	28	4395	0	0	47
4.942	1	1	495	3	1	28	4395	0	0	47
4.943	1	1	495	4	1	28	4395	0	0	47
4.944	1	1	495	5	1	28	4395	0	0	47
4.945	1	1	495	6	1	28	4395	0	0	47
4.946	1	1	495	7	1	28	4395	0	0	47
4.947	1	1	495	8	1	28	4395	0	0	47
4.948	1	1	495	9	1	28	4395	0	0	47
4.949	1	1	495	10	1	28	4395	0	0	47
4.95	1	1	496	1	1	28	4395	0	0	47
4.951	1	1	496	2	1	28	4395	0	0	47
4.952	1	1	496	3	1	28	4395	0	0	47
4.953	1	1	496	4	1	28	4395	0	0	47
4.954	1	1	496	5	1	28	4395	0	0	47
4.955	1	1	496	6	1	28	4395	0	0	47
4.956	1	1	496	7	1	28	4395	0	0	47
4.957	1	1	496	8	1	28	4395	0	0	47
4.958	1	1	496	9	1	28	4395	0	0	47
4.959	1	1	496	10	1	28	4395	0	0	47
4.96	1	1	497	1	1	28	4395	0	0	47
4.961	1	1	497	2	1	28	4395	0	0	47
4.962	1	1	497	3	1	28	4395	0	0	47
4.963	1	1	497	4	1	28	4395	0	0	47
4.964	1	1	497	5	1	28	4395	0	0	47
4.965	1	1	497	6	1	28	4395	0	0	47
4.966	1	1	497	7	1	28	4395	0	0	47
4.967	1	1	497	8	1	28	4395	0	0	47
4.968	1	1	497	9	1	28	4395	0	0	47
4.969	1	1	497	10	1	28	4395	0	0	47
4.97	1	1	498	1	1	28	4395	0	0	47
4.971	1	1	498	2	1	28	4395	0	0	47
4.972	1	1	498	3	1	28	4395	0	0	47
4.973	1	1	498	4	1	28	4395	0	0	47
4.974	1	1	498	5	1	28	4395	0	0	47
4.975	1	1	498	6	1	28	4395	0	0	47
4.976	1	1	498	7	1	28	4395	0	0	47
4.977	1	1	498	8	1	28	4395	0	0	47
4.978	1	1	498	9	1	28	4395	0	0	47
4.979	1	1	498	10	1	28	4395	0	0	47
4.98	1	1	499	1	1	28	4395	0	0	47
4.981	1	1	499	2	1	28	4395	0	0	47
4.982	1	1	499	3	1	28	4395	0	0	47
4.983	1	1	499	4	1	28	4395	0	0	47
4.984	1	1	499	5	1	28	4395	0	0	47
4.985	1	1	499	6	1	28	4395	0	0	47
4.986	1	1	499	7	1	28	4395	0	0	47
4.987	1	1	499	8	1	28	4395	0	0	47
4.988	1	1	499	9	1	28	4395	0	0	47
4.989	1	1	499	10	1	28	4395	0	0	47
4.99	1	1	500	1	1	28	4395	0	0	47
4.991	1	1	500	2	1	28	4395	0	0	47
4.992	1	1	500	3	1	28	4395	0	0	47
4.993	1	1	500	4	1	28	4395	0	0	47
4.994	1	1	500	5	1	28	4395	0	0	47
4.995	1	1	500	6	1	28	4395	0	0	47
4.996	1	1	500	7	1	28	4395	0	0	47
4.997	1	1	500	8	1	28	4395	0	0	47
4.998	1	1	500	9	1	28	4395	0	0	47
4.999	1	1	500	10	1	28	4395	0	0	47
5	1	1	501	1	1	28	4395	0	0	47
5.001	1	1	501	2	1	28	4395	0	0	47
5.002	1	1	501	3	1	28	4395	0	0	47
5.003	1	1	501	4	1	28	4395	0	0	47
5.004	1	1	501	5	1	28	4395	0	0	47
5.005	1	1	501	6	1	28	4395	0	0	47
5.006	1	1	501	7	1	28	4395	0	0	47
5.007	1	1	501	8	1	28	4395	0	0	47
5.008	1	1	501	9	1	28	4395	0	0	47
5.009	1	1	501	10	1	28	4395	0	0	47
5.01	1	1	502	1	1	28	4395	0	0	47
5.011	1	1	502	2	1	28	4395	0	0	47
5.012	1	1	502	3	1	28	4395	0	0	47
5.013	1	1	502	4	1	28	4395	0	0	47
5.014	1	1	502	5	1	28	4395	0	0	47
5.015	1	1	502	6	1	28	4395	0	0	47
5.016	1	1	502	7	1	28	4395	0	0	47
5.017	1	1	502	8	1	28	4395	0	0	47
5.018	1	1	502	9	1	28	4395	0	0	47
5.019	1	1	502	10	1	28	4395	0	0	47
5.02	1	1	503	1	1	28	4395	0	0	47
5.021	1	1	503	2	1	28	4395	0	0	47
5.022	1	1	503	3	1	28	4395	0	0	47
5.023	1	1	503	4	1	28	4395	0	0	47
5.024	1	1	503	5	1	28	4395	0	0	47
5.025	1	1	503	6	1	28	4395	0	0	47
5.026	1	1	503	7	1	28	4395	0	0	47
5.027	1	1	503	8	1	28	4395	0	0	47
5.028	1	1	503	9	1	28	4395	0	0	47
5.029	1	1	503	10	1	28	4395	0	0	47
5.03	1	1	504	1	1	28	4395	0	0	47
5.031	1	1	504	2	1	28	4395	0	0	47
5.032	1	1	504	3	1	28	4395	0	0	47
5.033	1	1	504	4	1	28	4395	0	0	47
5.034	1	1	504	5	1	28	4395	0	0	47
5.035	1	1	504	6	1	28	4395	0	0	47
5.036	1	1	504	7	1	28	4395	0	0	47
5.037	1	1	504	8	1	28	4395	0	0	47
5.038	1	1	504	9	1	28	4395	0	0	47
5.039	1	1	504	10	1	28	4395	0	0	47
5.04	1	1	505	1	1	28	4395	0	0	47
5.041	1	1	505	2	1	28	4395	0	0	47
5.042	1	1	505	3	1	28	4395	0	0	47
5.043	1	1	505	4	1	28	4395	0	0	47
5.044	1	1	505	5	1	28	4395	0	0	47
5.045	1	1	505	6	1	28	4395	0	0	47
5.046	1	1	505	7	1	28	4395	0	0	47
5.047	1	1	505	8	1	28	4395	0	0	47
5.048	1	1	505	9	1	28	4395	0	0	47
5.049	1	1	505	10	1	28	4395	0	0	47
5.05	1	1	506	1	1	28	4395	0	0	47
5.051	1	1	506	2	1	28	4395	0	0	47
5.052	1	1	506	3	1	28	4395	0	0	47
5.053	1	1	506	4	1	28	4395	0	0	47
5.054	1	1	506	5	1	28	4395	0	0	47
5.055	1	1	506	6	1	28	4395	0	0	47
5.056	1	1	506	7	1	28	4395	0	0	47
5.057	1	1	506	8	1	28	4395	0	0	47
5.058	1	1	506	9	1	28	4395	0	0	47
5.059	1	1	506	10	1	28	4395	0	0	47
5.06	1	1	507	1	1	28	4395	0	0	47
5.061	1	1	507	2	1	28	4395	0	0	47
5.062	1	1	507	3	1	28	4395	0	0	47
5.063	1	1	507	4	1	28	4395	0	0	47
5.064	1	1	507	5	1	28	4395	0	0	47
5.065	1	1	507	6	1	28	4395	0	0	47
5.066	1	1	507	7	1	28	4395	0	0	47
5.067	1	1	507	8	1	28	4395	0	0	47
5.068	1	1	507	9	1	28	4395	0	0	47
5.069	1	1	507	10	1	28	4395	0	0	47
5.07	1	1	508	1	1	28	4395	0	0	47
5.071	1	1	508	2	1	28	4395	0	0	47
5.072	1	1	508	3	1	28	4395	0	0	47
5.073	1	1	508	4	1	28	4395	0	0	47
5.074	1	1	508	5	1	28	4395	0	0	47
5.075	1	1	508	6	1	28	4395	0	0	47
5.076	1	1	508	7	1	28	4395	0	0	47
5.077	1	1	508	8	1	28	4395	0	0	47
5.078	1	1	508	9	1	28	4395	0	0	47
5.079	1	1	508	10	1	28	4395	0	0	47
5.08	1	1	509	1	1	28	4395	0	0	47
5.081	1	1	509	2	1	28	4395	0	0	47
5.082	1	1	509	3	1	28	4395	0	0	47
5.083	1	1	509	4	1	28	4395	0	0	47
5.084	1	1	509	5	1	28	4395	0	0	47
5.085	1	1	509	6	1	28	4395	0	0	47
5.086	1	1	509	7	1	28	4395	0	0	47
5.087	1	1	509	8	1	28	4395	0	0	47
5.088	1	1	509	9	1	28	4395	0	0	47
5.089	1	1	509	10	1	28	4395	0	0	47
5.09	1	1	510	1	1	28	4395	0	0	47
5.091	1	1	510	2	1	28	4395	0	0	47
5.092	1	1	510	3	1	28	4395	0	0	47
5.093	1	1	510	4	1	28	4395	0	0	47
5.094	1	1	510	5	1	28	4395	0	0	47
5.095	1	1	510	6	1	28	4395	0	0	47
5.096	1	1	510	7	1	28	4395	0	0	47
5.097	1	1	510	8	1	28	4395	0	0	47
5.098	1	1	510	9	1	28	4395	0	0	47
5.099	1	1	510	10	1	28	4395	0	0	47
5.1	1	1	511	1	1	28	4395	0	0	47
5.101	1	1	511	2	1	28	4395	0	0	47
5.102	1	1	511	3	1	28	4395	0	0	47
5.103	1	1	511	4	1	28	4395	0	0	47
5.104	1	1	511	5	1	28	4395	0	0	47
5.105	1	1	511	6	1	28	4395	0	0	47
5.106	1	1	511	7	1	28	4395	0	0	47
5.107	1	1	511	8	1	28	4395	0	0	47
5.108	1	1	511	9	1	28	4395	0	0	47
5.109	1	1	511	10	1	28	4395	0	0	47
5.11	1	1	512	1	1	28	4395	0	0	47
5.111	1	1	512	2	1	28	4395	0	0	47
5.112	1	1	512	3	1	28	4395	0	0	47
5.113	1	1	512	4	1	28	4395	0	0	47
5.114	1	1	512	5	1	28	4395	0	0	47
5.115	1	1	512	6	1	28	4395	0	0	47
5.116	1	1	512	7	1	28	4395	0	0	47
5.117	1	1	512	8	1	28	4395	0	0	47
5.118	1	1	512	9	1	28	4395	0	0	47
5.119	1	1	512	10	1	28	4395	0	0	47
5.12	1	1	513	1	1	28	4395	0	0	47
5.121	1	1	513	2	1	28	4395	0	0	47
5.122	1	1	513	3	1	28	4395	0	0	47
5.123	1	1	513	4	1	28	4395	0	0	47
5.124	1	1	513	5	1	28	4395	0	0	47
5.125	1	1	513	6	1	28	4395	0	0	47
5.126	1	1	513	7	1	28	4395	0	0	47
5.127	1	1	513	8	1	28	4395	0	0	47
5.128	1	1	513	9	1	28	4395	0	0	47
5.129	1	1	513	10	1	28	4395	0	0	47
5.13	1	1	514	1	1	28	4395	0	0	47
5.131	1	1	514	2	1	28	4395	0	0	47
5.132	1	1	514	3	1	28	4395	0	0	47
5.133	1	1	514	4	1	28	4395	0	0	47
5.134	1	1	514	5	1	28	4395	0	0	47
5.135	1	1	514	6	1	28	4395	0	0	47
5.136	1	1	514	7	1	28	4395	0	0	47
5.137	1	1	514	8	1	28	4395	0	0	47
5.138	1	1	514	9	1	28	4395	0	0	47
5.139	1	1	514	10	1	28	4395	0	0	47
5.14	1	1	515	1	1	28	4395	0	0	47
5.141	1	1	515	2	1	28	4395	0	0	47
5.142	1	1	515	3	1	28	4395	0	0	47
5.143	1	1	515	4	1	28	4395	0	0	47
5.144	1	1	515	5	1	28	4395	0	0	47
5.145	1	1	515	6	1	28	4395	0	0	47
5.146	1	1	515	7	1	28	4395	0	0	47
5.147	1	1	515	8	1	28	4395	0	0	47
5.148	1	1	515	9	1	28	4395	0	0	47
5.149	1	1	515	10	1	28	4395	0	0	47
5.15	1	1	516	1	1	28	4395	0	0	47
5.151	1	1	516	2	1	28	4395	0	0	47
5.152	1	1	516	3	1	28	4395	0	0	47
5.153	1	1	516	4	1	28	4395	0	0	47
5.154	1	1	516	5	1	28	4395	0	0	47
5.155	1	1	516	6	1	28	4395	0	0	47
5.156	1	1	516	7	1	28	4395	0	0	47
5.157	1	1	516	8	1	28	4395	0	0	47
5.158	1	1	516	9	1	28	4395	0	0	47
5.159	1	1	516	10	1	28	4395	0	0	47
5.16	1	1	517	1	1	28	4395	0	0	47
5.161	1	1	517	2	1	28	4395	0	0	47
5.162	1	1	517	3	1	28	4395	0	0	47
5.163	1	1	517	4	1	28	4395	0	0	47
5.164	1	1	517	5	1	28	4395	0	0	47
5.165	1	1	517	6	1	28	4395	0	0	47
5.166	1	1	517	7	1	28	4395	0	0	47
5.167	1	1	517	8	1	28	4395	0	0	47
5.168	1	1	517	9	1	28	4395	0	0	47
5.169	1	1	517	10	1	28	4395	0	0	47
5.17	1	1	518	1	1	28	4395	0	0	47
5.171	1	1	518	2	1	28	4395	0	0	47
5.172	1	1	518	3	1	28	4395	0	0	47
5.173	1	1	518	4	1	28	4395	0	0	47
5.174	1	1	518	5	1	28	4395	0	0	47
5.175	1	1	518	6	1	28	4395	0	0	47
5.176	1	1	518	7	1	28	4395	0	0	47
5.177	1	1	518	8	1	28	4395	0	0	47
5.178	1	1	518	9	1	28	4395	0	0	47
5.179	1	1	518	10	1	28	4395	0	0	47
5.18	1	1	519	1	1	28	4395	0	0	47
5.181	1	1	519	2	1	28	4395	0	0	47
5.182	1	1	519	3	1	28	4395	0	0	47
5.183	1	1	519	4	1	28	4395	0	0	47
5.184	1	1	519	5	1	28	4395	0	0	47
5.185	1	1	519	6	1	28	4395	0	0	47
5.186	1	1	519	7	1	28	4395	0	0	47
5.187	1	1	519	8	1	28	4395	0	0	47
5.188	1	1	519	9	1	28	4395	0	0	47
5.189	1	1	519	10	1	28	4395	0	0	47
5.19	1	1	520	1	1	28	4395	0	0	47
5.191	1	1	520	2	1	28	4395	0	0	47
5.192	1	1	520	3	1	28	4395	0	0	47
5.193	1	1	520	4	1	28	4395	0	0	47
5.194	1	1	520	5	1	28	4395	0	0	47
5.195	1	1	520	6	1	28	4395	0	0	47
5.196	1	1	520	7	1	28	4395	0	0	47
5.197	1	1	520	8	1	28	4395	0	0	47
5.198	1	1	520	9	1	28	4395	0	0	47
5.199	1	1	520	10	1	28	4395	0	0	47
5.2	1	1	521	1	1	28	4395	0	0	47
5.201	1	1	521	2	1	28	4395	0	0	47
5.202	1	1	521	3	1	28	4395	0	0	47
5.203	1	1	521	4	1	28	4395	0	0	47
5.204	1	1	521	5	1	28	4395	0	0	47
5.205	1	1	521	6	1	28	4395	0	0	47
5.206	1	1	521	7	1	28	4395	0	0	47
5.207	1	1	521	8	1	28	4395	0	0	47
5.208	1	1	521	9	1	28	4395	0	0	47
5.209	1	1	521	10	1	28	4395	0	0	47
5.21	1	1	522	1	1	28	4395	0	0	47
5.211	1	1	522	2	1	28	4395	0	0	47
5.212	1	1	522	3	1	28	4395	0	0	47
5.213	1	1	522	4	1	28	4395	0	0	47
5.214	1	1	522	5	1	28	4395	0	0	47
5.215	1	1	522	6	1	28	4395	0	0	47
5.216	1	1	522	7	1	28	4395	0	0	47
5.217	1	1	522	8	1	28	4395	0	0	47
5.218	1	1	522	9	1	28	4395	0	0	47
5.219	1	1	522	10	1	28	4395	0	0	47
5.22	1	1	523	1	1	28	4395	0	0	47
5.221	1	1	523	2	1	28	4395	0	0	47
5.222	1	1	523	3	1	28	4395	0	0	47
5.223	1	1	523	4	1	28	4395	0	0	47
5.224	1	1	523	5	1	28	4395	0	0	47
5.225	1	1	523	6	1	28	4395	0	0	47
5.226	1	1	523	7	1	28	4395	0	0	47
5.227	1	1	523	8	1	28	4395	0	0	47
5.228	1	1	523	9	1	28	4395	0	0	47
5.229	1	1	523	10	1	28	4395	0	0	47
5.23	1	1	524	1	1	28	4395	0	0	47
5.231	1	1	524	2	1	28	4395	0	0	47
5.232	1	1	524	3	1	28	4395	0	0	47
5.233	1	1	524	4	1	28	4395	0	0	47
5.234	1	1	524	5	1	28	4395	0	0	47
5.235	1	1	524	6	1	28	4395	0	0	47
5.236	1	1	524	7	1	28	4395	0	0	47
5.237	1	1	524	8	1	28	4395	0	0	47
5.238	1	1	524	9	1	28	4395	0	0	47
5.239	1	1	524	10	1	28	4395	0	0	47
5.24	1	1	525	1	1	28	4395	0	0	47
5.241	1	1	525	2	1	28	4395	0	0	47
5.242	1	1	525	3	1	28	4395	0	0	47
5.243	1	1	525	4	1	28	4395	0	0	47
5.244	1	1	525	5	1	28	4395	0	0	47
5.245	1	1	525	6	1	28	4395	0	0	47
5.246	1	1	525	7	1	28	4395	0	0	47
5.247	1	1	525	8	1	28	4395	0	0	47
5.248	1	1	525	9	1	28	4395	0	0	47
5.249	1	1	525	10	1	28	4395	0	0	47
5.25	1	1	526	1	1	28	4395	0	0	47
5.251	1	1	526	2	1	28	4395	0	0	47
5.252	1	1	526	3	1	28	4395	0	0	47
5.253	1	1	526	4	1	28	4395	0	0	47
5.254	1	1	526	5	1	28	4395	0	0	47
5.255	1	1	526	6	1	28	4395	0	0	47
5.256	1	1	526	7	1	28	4395	0	0	47
5.257	1	1	526	8	1	28	4395	0	0	47
5.258	1	1	526	9	1	28	4395	0	0	47
5.259	1	1	526	10	1	28	4395	0	0	47
5.26	1	1	527	1	1	28	4395	0	0	47
5.261	1	1	527	2	1	28	4395	0	0	47
5.262	1	1	527	3	1	28	4395	0	0	47
5.263	1	1	527	4	1	28	4395	0	0	47
5.264	1	1	527	5	1	28	4395	0	0	47
5.265	1	1	527	6	1	28	4395	0	0	47
5.266	1	1	527	7	1	28	4395	0	0	47
5.267	1	1	527	8	1	28	4395	0	0	47
5.268	1	1	527	9	1	28	4395	0	0	47
5.269	1	1	527	10	1	28	4395	0	0	47
5.27	1	1	528	1	1	28	4395	0	0	47
5.271	1	1	528	2	1	28	4395	0	0	47
5.272	1	1	528	3	1	28	4395	0	0	47
5.273	1	1	528	4	1	28	4395	0	0	47
5.274	1	1	528	5	1	28	4395	0	0	47
5.275	1	1	528	6	1	28	4395	0	0	47
5.276	1	1	528	7	1	28	4395	0	0	47
5.277	1	1	528	8	1	28	4395	0	0	47
5.278	1	1	528	9	1	28	4395	0	0	47
5.279	1	1	528	10	1	28	4395	0	0	47
5.28	1	1	529	1	1	28	4395	0	0	47
5.281	1	1	529	2	1	28	4395	0	0	47
5.282	1	1	529	3	1	28	4395	0	0	47
5.283	1	1	529	4	1	28	4395	0	0	47
5.284	1	1	529	5	1	28	4395	0	0	47
5.285	1	1	529	6	1	28	4395	0	0	47
5.286	1	1	529	7	1	28	4395	0	0	47
5.287	1	1	529	8	1	28	4395	0	0	47
5.288	1	1	529	9	1	28	4395	0	0	47
5.289	1	1	529	10	1	28	4395	0	0	47
5.29	1	1	530	1	1	28	4395	0	0	47
5.291	1	1	530	2	1	28	4395	0	0	47
5.292	1	1	530	3	1	28	4395	0	0	47
5.293	1	1	530	4	1	28	4395	0	0	47
5.294	1	1	530	5	1	28	4395	0	0	47
5.295	1	1	530	6	1	28	4395	0	0	47
5.296	1	1	530	7	1	28	4395	0	0	47
5.297	1	1	530	8	1	28	4395	0	0	47
5.298	1	1	530	9	1	28	4395	0	0	47
5.299	1	1	530	10	1	28	4395	0	0	47
5.3	1	1	531	1	1	28	4395	0	0	47
5.301	1	1	531	2	1	28	4395	0	0	47
5.302	1	1	531	3	1	28	4395	0	0	47
5.303	1	1	531	4	1	28	4395	0	0	47
5.304	1	1	531	5	1	28	4395	0	0	47
5.305	1	1	531	6	1	28	4395	0	0	47
5.306	1	1	531	7	1	28	4395	0	0	47
5.307	1	1	531	8	1	28	4395	0	0	47
5.308	1	1	531	9	1	28	4395	0	0	47
5.309	1	1	531	10	1	28	4395	0	0	47
5.31	1	1	532	1	1	28	4395	0	0	47
5.311	1	1	532	2	1	28	4395	0	0	47
5.312	1	1	532	3	1	28	4395	0	0	47
5.313	1	1	532	4	1	28	4395	0	0	47
5.314	1	1	532	5	1	28	4395	0	0	47
5.315	1	1	532	6	1	28	4395	0	0	47
5.316	1	1	532	7	1	28	4395	0	0	47
5.317	1	1	532	8	1	28	4395	0	0	47
5.318	1	1	532	9	1	28	4395	0	0	47
5.319	1	1	532	10	1	28	4395	0	0	47
5.32	1	1	533	1	1	28	4395	0	0	47
5.321	1	1	533	2	1	28	4395	0	0	47
5.322	1	1	533	3	1	28	4395	0	0	47
5.323	1	1	533	4	1	28	4395	0	0	47
5.324	1	1	533	5	1	28	4395	0	0	47
5.325	1	1	533	6	1	28	4395	0	0	47
5.326	1	1	533	7	1	28	4395	0	0	47
5.327	1	1	533	8	1	28	4395	0	0	47
5.328	1	1	533	9	1	28	4395	0	0	47
5.329	1	1	533	10	1	28	4395	0	0	47
5.33	1	1	534	1	1	28	4395	0	0	47
5.331	1	1	534	2	1	28	4395	0	0	47
5.332	1	1	534	3	1	28	4395	0	0	47
5.333	1	1	534	4	1	28	4395	0	0	47
5.334	1	1	534	5	1	28	4395	0	0	47
5.335	1	1	534	6	1	28	4395	0	0	47
5.336	1	1	534	7	1	28	4395	0	0	47
5.337	1	1	534	8	1	28	4395	0	0	47
5.338	1	1	534	9	1	28	4395	0	0	47
5.339	1	1	534	10	1	28	4395	0	0	47
5.34	1	1	535	1	1	28	4395	0	0	47
5.341	1	1	535	2	1	28	4395	0	0	47
5.342	1	1	535	3	1	28	4395	0	0	47
5.343	1	1	535	4	1	28	4395	0	0	47
5.344	1	1	535	5	1	28	4395	0	0	47
5.345	1	1	535	6	1	28	4395	0	0	47
5.346	1	1	535	7	1	28	4395	0	0	47
5.347	1	1	535	8	1	28	4395	0	0	47
5.348	1	1	535	9	1	28	4395	0	0	47
5.349	1	1	535	10	1	28	4395	0	0	47
5.35	1	1	536	1	1	28	4395	0	0	47
5.351	1	1	536	2	1	28	4395	0	0	47
5.352	1	1	536	3	1	28	4395	0	0	47
5.353	1	1	536	4	1	28	4395	0	0	47
5.354	1	1	536	5	1	28	4395	0	0	47
5.355	1	1	536	6	1	28	4395	0	0	47
5.356	1	1	536	7	1	28	4395	0	0	47
5.357	1	1	536	8	1	28	4395	0	0	47
5.358	1	1	536	9	1	28	4395	0	0	47
5.359	1	1	536	10	1	28	4395	0	0	47
5.36	1	1	537	1	1	28	4395	0	0	47
5.361	1	1	537	2	1	28	4395	0	0	47
5.362	1	1	537	3	1	28	4395	0	0	47
5.363	1	1	537	4	1	28	4395	0	0	47
5.364	1	1	537	5	1	28	4395	0	0	47
5.365	1	1	537	6	1	28	4395	0	0	47
5.366	1	1	537	7	1	28	4395	0	0	47
5.367	1	1	537	8	1	28	4395	0	0	47
5.368	1	1	537	9	1	28	4395	0	0	47
5.369	1	1	537	10	1	28	4395	0	0	47
5.37	1	1	538	1	1	28	4395	0	0	47
5.371	1	1	538	2	1	28	4395	0	0	47
5.372	1	1	538	3	1	28	4395	0	0	47
5.373	1	1	538	4	1	28	4395	0	0	47
5.374	1	1	538	5	1	28	4395	0	0	47
5.375	1	1	538	6	1	28	4395	0	0	47
5.376	1	1	538	7	1	28	4395	0	0	47
5.377	1	1	538	8	1	28	4395	0	0	47
5.378	1	1	538	9	1	28	4395	0	0	47
5.379	1	1	538	10	1	28	4395	0	0	47
5.38	1	1	539	1	1	28	4395	0	0	47
5.381	1	1	539	2	1	28	4395	0	0	47
5.382	1	1	539	3	1	28	4395	0	0	47
5.383	1	1	539	4	1	28	4395	0	0	47
5.384	1	1	539	5	1	28	4395	0	0	47
5.385	1	1	539	6	1	28	4395	0	0	47
5.386	1	1	539	7	1	28	4395	0	0	47
5.387	1	1	539	8	1	28	4395	0	0	47
5.388	1	1	539	9	1	28	4395	0	0	47
5.389	1	1	539	10	1	28	4395	0	0	47
5.39	1	1	540	1	1	28	4395	0	0	47
5.391	1	1	540	2	1	28	4395	0	0	47
5.392	1	1	540	3	1	28	4395	0	0	47
5.393	1	1	540	4	1	28	4395	0	0	47
5.394	1	1	540	5	1	28	4395	0	0	47
5.395	1	1	540	6	1	28	4395	0	0	47
5.396	1	1	540	7	1	28	4395	0	0	47
5.397	1	1	540	8	1	28	4395	0	0	47
5.398	1	1	540	9	1	28	4395	0	0	47
5.399	1	1	540	10	1	28	4395	0	0	47
5.4	1	1	541	1	1	28	4395	0	0	47
5.401	1	1	541	2	1	28	4395	0	0	47
5.402	1	1	541	3	1	28	4395	0	0	47
5.403	1	1	541	4	1	28	4395	0	0	47
5.404	1	1	541	5	1	28	4395	0	0	47
5.405	1	1	541	6	1	28	4395	0	0	47
5.406	1	1	541	7	1	28	4395	0	0	47
5.407	1	1	541	8	1	28	4395	0	0	47
5.408	1	1	541	9	1	28	4395	0	0	47
5.409	1	1	541	10	1	28	4395	0	0	47
5.41	1	1	542	1	1	28	4395	0	0	47
5.411	1	1	542	2	1	28	4395	0	0	47
5.412	1	1	542	3	1	28	4395	0	0	47
5.413	1	1	542	4	1	28	4395	0	0	47
5.414	1	1	542	5	1	28	4395	0	0	47
5.415	1	1	542	6	1	28	4395	0	0	47
5.416	1	1	542	7	1	28	4395	0	0	47
5.417	1	1	542	8	1	28	4395	0	0	47
5.418	1	1	542	9	1	28	4395	0	0	47
5.419	1	1	542	10	1	28	4395	0	0	47
5.42	1	1	543	1	1	28	4395	0	0	47
5.421	1	1	543	2	1	28	4395	0	0	47
5.422	1	1	543	3	1	28	4395	0	0	47
5.423	1	1	543	4	1	28	4395	0	0	47
5.424	1	1	543	5	1	28	4395	0	0	47
5.425	1	1	543	6	1	28	4395	0	0	47
5.426	1	1	543	7	1	28	4395	0	0	47
5.427	1	1	543	8	1	28	4395	0	0	47
5.428	1	1	543	9	1	28	4395	0	0	47
5.429	1	1	543	10	1	28	4395	0	0	47
5.43	1	1	544	1	1	28	4395	0	0	47
5.431	1	1	544	2	1	28	4395	0	0	47
5.432	1	1	544	3	1	28	4395	0	0	47
5.433	1	1	544	4	1	28	4395	0	0	47
5.434	1	1	544	5	1	28	4395	0	0	47
5.435	1	1	544	6	1	28	4395	0	0	47
5.436	1	1	544	7	1	28	4395	0	0	47
5.437	1	1	544	8	1	28	4395	0	0	47
5.438	1	1	544	9	1	28	4395	0	0	47
5.439	1	1	544	10	1	28	4395	0	0	47
5.44	1	1	545	1	1	28	4395	0	0	47
5.441	1	1	545	2	1	28	4395	0	0	47
5.442	1	1	545	3	1	28	4395	0	0	47
5.443	1	1	545	4	1	28	4395	0	0	47
5.444	1	1	545	5	1	28	4395	0	0	47
5.445	1	1	545	6	1	28	4395	0	0	47
5.446	1	1	545	7	1	28	4395	0	0	47
5.447	1	1	545	8	1	28	4395	0	0	47
5.448	1	1	545	9	1	28	4395	0	0	47
5.449	1	1	545	10	1	28	4395	0	0	47
5.45	1	1	546	1	1	28	4395	0	0	47
5.451	1	1	546	2	1	28	4395	0	0	47
5.452	1	1	546	3	1	28	4395	0	0	47
5.453	1	1	546	4	1	28	4395	0	0	47
5.454	1	1	546	5	1	28	4395	0	0	47
5.455	1	1	546	6	1	28	4395	0	0	47
5.456	1	1	546	7	1	28	4395	0	0	47
5.457	1	1	546	8	1	28	4395	0	0	47
5.458	1	1	546	9	1	28	4395	0	0	47
5.459	1	1	546	10	1	28	4395	0	0	47
5.46	1	1	547	1	1	28	4395	0	0	47
5.461	1	1	547	2	1	28	4395	0	0	47
5.462	1	1	547	3	1	28	4395	0	0	47
5.463	1	1	547	4	1	28	4395	0	0	47
5.464	1	1	547	5	1	28	4395	0	0	47
5.465	1	1	547	6	1	28	4395	0	0	47
5.466	1	1	547	7	1	28	4395	0	0	47
5.467	1	1	547	8	1	28	4395	0	0	47
5.468	1	1	547	9	1	28	4395	0	0	47
5.469	1	1	547	10	1	28	4395	0	0	47
5.47	1	1	548	1	1	28	4395	0	0	47
5.471	1	1	548	2	1	28	4395	0	0	47
5.472	1	1	548	3	1	28	4395	0	0	47
5.473	1	1	548	4	1	28	4395	0	0	47
5.474	1	1	548	5	1	28	4395	0	0	47
5.475	1	1	548	6	1	28	4395	0	0	47
5.476	1	1	548	7	1	28	4395	0	0	47
5.477	1	1	548	8	1	28	4395	0	0	47
5.478	1	1	548	9	1	28	4395	0	0	47
5.479	1	1	548	10	1	28	4395	0	0	47
5.48	1	1	549	1	1	28	4395	0	0	47
5.481	1	1	549	2	1	28	4395	0	0	47
5.482	1	1	549	3	1	28	4395	0	0	47
5.483	1	1	549	4	1	28	4395	0	0	47
5.484	1	1	549	5	1	28	4395	0	0	47
5.485	1	1	549	6	1	28	4395	0	0	47
5.486	1	1	549	7	1	28	4395	0	0	47
5.487	1	1	549	8	1	28	4395	0	0	47
5.488	1	1	549	9	1	28	4395	0	0	47
5.489	1	1	549	10	1	28	4395	0	0	47
5.49	1	1	550	1	1	28	4395	0	0	47
5.491	1	1	550	2	1	28	4395	0	0	47
5.492	1	1	550	3	1	28	4395	0	0	47
5.493	1	1	550	4	1	28	4395	0	0	47
5.494	1	1	550	5	1	28	4395	0	0	47
5.495	1	1	550	6	1	28	4395	0	0	47
5.496	1	1	550	7	1	28	4395	0	0	47
5.497	1	1	550	8	1	28	4395	0	0	47
5.498	1	1	550	9	1	28	4395	0	0	47
5.499	1	1	550	10	1	28	4395	0	0	47
5.5	1	1	551	1	1	28	4395	0	0	47
5.501	1	1	551	2	1	28	4395	0	0	47
5.502	1	1	551	3	1	28	4395	0	0	47
5.503	1	1	551	4	1	28	4395	0	0	47
5.504	1	1	551	5	1	28	4395	0	0	47
5.505	1	1	551	6	1	28	4395	0	0	47
5.506	1	1	551	7	1	28	4395	0	0	47
5.507	1	1	551	8	1	28	4395	0	0	47
5.508	1	1	551	9	1	28	4395	0	0	47
5.509	1	1	551	10	1	28	4395	0	0	47
5.51	1	1	552	1	1	28	4395	0	0	47
5.511	1	1	552	2	1	28	4395	0	0	47
5.512	1	1	552	3	1	28	4395	0	0	47
5.513	1	1	552	4	1	28	4395	0	0	47
5.514	1	1	552	5	1	28	4395	0	0	47
5.515	1	1	552	6	1	28	4395	0	0	47
5.516	1	1	552	7	1	28	4395	0	0	47
5.517	1	1	552	8	1	28	4395	0	0	47
5.518	1	1	552	9	1	28	4395	0	0	47
5.519	1	1	552	10	1	28	4395	0	0	47
5.52	1	1	553	1	1	28	4395	0	0	47
5.521	1	1	553	2	1	28	4395	0	0	47
5.522	1	1	553	3	1	28	4395	0	0	47
5.523	1	1	553	4	1	28	4395	0	0	47
5.524	1	1	553	5	1	28	4395	0	0	47
5.525	1	1	553	6	1	28	4395	0	0	47
5.526	1	1	553	7	1	28	4395	0	0	47
5.527	1	1	553	8	1	28	4395	0	0	47
5.528	1	1	553	9	1	28	4395	0	0	47
5.529	1	1	553	10	1	28	4395	0	0	47
5.53	1	1	554	1	1	28	4395	0	0	47
5.531	1	1	554	2	1	28	4395	0	0	47
5.532	1	1	554	3	1	28	4395	0	0	47
5.533	1	1	554	4	1	28	4395	0	0	47
5.534	1	1	554	5	1	28	4395	0	0	47
5.535	1	1	554	6	1	28	4395	0	0	47
5.536	1	1	554	7	1	28	4395	0	0	47
5.537	1	1	554	8	1	28	4395	0	0	47
5.538	1	1	554	9	1	28	4395	0	0	47
5.539	1	1	554	10	1	28	4395	0	0	47
5.54	1	1	555	1	1	28	4395	0	0	47
5.541	1	1	555	2	1	28	4395	0	0	47
5.542	1	1	555	3	1	28	4395	0	0	47
5.543	1	1	555	4	1	28	4395	0	0	47
5.544	1	1	555	5	1	28	4395	0	0	47
5.545	1	1	555	6	1	28	4395	0	0	47
5.546	1	1	555	7	1	28	4395	0	0	47
5.547	1	1	555	8	1	28	4395	0	0	47
5.548	1	1	555	9	1	28	4395	0	0	47
5.549	1	1	555	10	1	28	4395	0	0	47
5.55	1	1	556	1	1	28	4395	0	0	47
5.551	1	1	556	2	1	28	4395	0	0	47
5.552	1	1	556	3	1	28	4395	0	0	47
5.553	1	1	556	4	1	28	4395	0	0	47
5.554	1	1	556	5	1	28	4395	0	0	47
5.555	1	1	556	6	1	28	4395	0	0	47
5.556	1	1	556	7	1	28	4395	0	0	47
5.557	1	1	556	8	1	28	4395	0	0	47
5.558	1	1	556	9	1	28	4395	0	0	47
5.559	1	1	556	10	1	28	4395	0	0	47
5.56	1	1	557	1	1	28	4395	0	0	47
5.561	1	1	557	2	1	28	4395	0	0	47
5.562	1	1	557	3	1	28	4395	0	0	47
5.563	1	1	557	4	1	28	4395	0	0	47
5.564	1	1	557	5	1	28	4395	0	0	47
5.565	1	1	557	6	1	28	4395	0	0	47
5.566	1	1	557	7	1	28	4395	0	0	47
5.567	1	1	557	8	1	28	4395	0	0	47
5.568	1	1	557	9	1	28	4395	0	0	47
5.569	1	1	557	10	1	28	4395	0	0	47
5.57	1	1	558	1	1	28	4395	0	0	47
5.571	1	1	558	2	1	28	4395	0	0	47
5.572	1	1	558	3	1	28	4395	0	0	47
5.573	1	1	558	4	1	28	4395	0	0	47
5.574	1	1	558	5	1	28	4395	0	0	47
5.575	1	1	558	6	1	28	4395	0	0	47
5.576	1	1	558	7	1	28	4395	0	0	47
5.577	1	1	558	8	1	28	4395	0	0	47
5.578	1	1	558	9	1	28	4395	0	0	47
5.579	1	1	558	10	1	28	4395	0	0	47
5.58	1	1	559	1	1	28	4395	0	0	47
5.581	1	1	559	2	1	28	4395	0	0	47
5.582	1	1	559	3	1	28	4395	0	0	47
5.583	1	1	559	4	1	28	4395	0	0	47
5.584	1	1	559	5	1	28	4395	0	0	47
5.585	1	1	559	6	1	28	4395	0	0	47
5.586	1	1	559	7	1	28	4395	0	0	47
5.587	1	1	559	8	1	28	4395	0	0	47
5.588	1	1	559	9	1	28	4395	0	0	47
5.589	1	1	559	10	1	28	4395	0	0	47
5.59	1	1	560	1	1	28	4395	0	0	47
5.591	1	1	560	2	1	28	4395	0	0	47
5.592	1	1	560	3	1	28	4395	0	0	47
5.593	1	1	560	4	1	28	4395	0	0	47
5.594	1	1	560	5	1	28	4395	0	0	47
5.595	1	1	560	6	1	28	4395	0	0	47
5.596	1	1	560	7	1	28	4395	0	0	47
5.597	1	1	560	8	1	28	4395	0	0	47
5.598	1	1	560	9	1	28	4395	0	0	47
5.599	1	1	560	10	1	28	4395	0	0	47
5.6	1	1	561	1	1	28	4395	0	0	47
5.601	1	1	561	2	1	28	4395	0	0	47
5.602	1	1	561	3	1	28	4395	0	0	47
5.603	1	1	561	4	1	28	4395	0	0	47
5.604	1	1	561	5	1	28	4395	0	0	47
5.605	1	1	561	6	1	28	4395	0	0	47
5.606	1	1	561	7	1	28	4395	0	0	47
5.607	1	1	561	8	1	28	4395	0	0	47
5.608	1	1	561	9	1	28	4395	0	0	47
5.609	1	1	561	10	1	28	4395	0	0	47
5.61	1	1	562	1	1	28	4395	0	0	47
5.611	1	1	562	2	1	28	4395	0	0	47
5.612	1	1	562	3	1	28	4395	0	0	47
5.613	1	1	562	4	1	28	4395	0	0	47
5.614	1	1	562	5	1	28	4395	0	0	47
5.615	1	1	562	6	1	28	4395	0	0	47
5.616	1	1	562	7	1	28	4395	0	0	47
5.617	1	1	562	8	1	28	4395	0	0	47
5.618	1	1	562	9	1	28	4395	0	0	47
5.619	1	1	562	10	1	28	4395	0	0	47
5.62	1	1	563	1	1	28	4395	0	0	47
5.621	1	1	563	2	1	28	4395	0	0	47
5.622	1	1	563	3	1	28	4395	0	0	47
5.623	1	1	563	4	1	28	4395	0	0	47
5.624	1	1	563	5	1	28	4395	0	0	47
5.625	1	1	563	6	1	28	4395	0	0	47
5.626	1	1	563	7	1	28	4395	0	0	47
5.627	1	1	563	8	1	28	4395	0	0	47
5.628	1	1	563	9	1	28	4395	0	0	47
5.629	1	1	563	10	1	28	4395	0	0	47
5.63	1	1	564	1	1	28	4395	0	0	47
5.631	1	1	564	2	1	28	4395	0	0	47
5.632	1	1	564	3	1	28	4395	0	0	47
5.633	1	1	564	4	1	28	4395	0	0	47
5.634	1	1	564	5	1	28	4395	0	0	47
5.635	1	1	564	6	1	28	4395	0	0	47
5.636	1	1	564	7	1	28	4395	0	0	47
5.637	1	1	564	8	1	28	4395	0	0	47
5.638	1	1	564	9	1	28	4395	0	0	47
5.639	1	1	564	10	1	28	4395	0	0	47
5.64	1	1	565	1	1	28	4395	0	0	47
5.641	1	1	565	2	1	28	4395	0	0	47
5.642	1	1	565	3	1	28	4395	0	0	47
5.643	1	1	565	4	1	28	4395	0	0	47
5.644	1	1	565	5	1	28	4395	0	0	47
5.645	1	1	565	6	1	28	4395	0	0	47
5.646	1	1	565	7	1	28	4395	0	0	47
5.647	1	1	565	8	1	28	4395	0	0	47
5.648	1	1	565	9	1	28	4395	0	0	47
5.649	1	1	565	10	1	28	4395	0	0	47
5.65	1	1	566	1	1	28	4395	0	0	47
5.651	1	1	566	2	1	28	4395	0	0	47
5.652	1	1	566	3	1	28	4395	0	0	47
5.653	1	1	566	4	1	28	4395	0	0	47
5.654	1	1	566	5	1	28	4395	0	0	47
5.655	1	1	566	6	1	28	4395	0	0	47
5.656	1	1	566	7	1	28	4395	0	0	47
5.657	1	1	566	8	1	28	4395	0	0	47
5.658	1	1	566	9	1	28	4395	0	0	47
5.659	1	1	566	10	1	28	4395	0	0	47
5.66	1	1	567	1	1	28	4395	0	0	47
5.661	1	1	567	2	1	28	4395	0	0	47
5.662	1	1	567	3	1	28	4395	0	0	47
5.663	1	1	567	4	1	28	4395	0	0	47
5.664	1	1	567	5	1	28	4395	0	0	47
5.665	1	1	567	6	1	28	4395	0	0	47
5.666	1	1	567	7	1	28	4395	0	0	47
5.667	1	1	567	8	1	28	4395	0	0	47
5.668	1	1	567	9	1	28	4395	0	0	47
5.669	1	1	567	10	1	28	4395	0	0	47
5.67	1	1	568	1	1	28	4395	0	0	47
5.671	1	1	568	2	1	28	4395	0	0	47
5.672	1	1	568	3	1	28	4395	0	0	47
5.673	1	1	568	4	1	28	4395	0	0	47
5.674	1	1	568	5	1	28	4395	0	0	47
5.675	1	1	568	6	1	28	4395	0	0	47
5.676	1	1	568	7	1	28	4395	0	0	47
5.677	1	1	568	8	1	28	4395	0	0	47
5.678	1	1	568	9	1	28	4395	0	0	47
5.679	1	1	568	10	1	28	4395	0	0	47
5.68	1	1	569	1	1	28	4395	0	0	47
5.681	1	1	569	2	1	28	4395	0	0	47
5.682	1	1	569	3	1	28	4395	0	0	47
5.683	1	1	569	4	1	28	4395	0	0	47
5.684	1	1	569	5	1	28	4395	0	0	47
5.685	1	1	569	6	1	28	4395	0	0	47
5.686	1	1	569	7	1	28	4395	0	0	47
5.687	1	1	569	8	1	28	4395	0	0	47
5.688	1	1	569	9	1	28	4395	0	0	47
5.689	1	1	569	10	1	28	4395	0	0	47
5.69	1	1	570	1	1	28	4395	0	0	47
5.691	1	1	570	2	1	28	4395	0	0	47
5.692	1	1	570	3	1	28	4395	0	0	47
5.693	1	1	570	4	1	28	4395	0	0	47
5.694	1	1	570	5	1	28	4395	0	0	47
5.695	1	1	570	6	1	28	4395	0	0	47
5.696	1	1	570	7	1	28	4395	0	0	47
5.697	1	1	570	8	1	28	4395	0	0	47
5.698	1	1	570	9	1	28	4395	0	0	47
5.699	1	1	570	10	1	28	4395	0	0	47
5.7	1	1	571	1	1	28	4395	0	0	47
5.701	1	1	571	2	1	28	4395	0	0	47
5.702	1	1	571	3	1	28	4395	0	0	47
5.703	1	1	571	4	1	28	4395	0	0	47
5.704	1	1	571	5	1	28	4395	0	0	47
5.705	1	1	571	6	1	28	4395	0	0	47
5.706	1	1	571	7	1	28	4395	0	0	47
5.707	1	1	571	8	1	28	4395	0	0	47
5.708	1	1	571	9	1	28	4395	0	0	47
5.709	1	1	571	10	1	28	4395	0	0	47
5.71	1	1	572	1	1	28	4395	0	0	47
5.711	1	1	572	2	1	28	4395	0	0	47
5.712	1	1	572	3	1	28	4395	0	0	47
5.713	1	1	572	4	1	28	4395	0	0	47
5.714	1	1	572	5	1	28	4395	0	0	47
5.715	1	1	572	6	1	28	4395	0	0	47
5.716	1	1	572	7	1	28	4395	0	0	47
5.717	1	1	572	8	1	28	4395	0	0	47
5.718	1	1	572	9	1	28	4395	0	0	47
5.719	1	1	572	10	1	28	4395	0	0	47
5.72	1	1	573	1	1	28	4395	0	0	47
5.721	1	1	573	2	1	28	4395	0	0	47
5.722	1	1	573	3	1	28	4395	0	0	47
5.723	1	1	573	4	1	28	4395	0	0	47
5.724	1	1	573	5	1	28	4395	0	0	47
5.725	1	1	573	6	1	28	4395	0	0	47
5.726	1	1	573	7	1	28	4395	0	0	47
5.727	1	1	573	8	1	28	4395	0	0	47
5.728	1	1	573	9	1	28	4395	0	0	47
5.729	1	1	573	10	1	28	4395	0	0	47
5.73	1	1	574	1	1	28	4395	0	0	47
5.731	1	1	574	2	1	28	4395	0	0	47
5.732	1	1	574	3	1	28	4395	0	0	47
5.733	1	1	574	4	1	28	4395	0	0	47
5.734	1	1	574	5	1	28	4395	0	0	47
5.735	1	1	574	6	1	28	4395	0	0	47
5.736	1	1	574	7	1	28	4395	0	0	47
5.737	1	1	574	8	1	28	4395	0	0	47
5.738	1	1	574	9	1	28	4395	0	0	47
5.739	1	1	574	10	1	28	4395	0	0	47
5.74	1	1	575	1	1	28	4395	0	0	47
5.741	1	1	575	2	1	28	4395	0	0	47
5.742	1	1	575	3	1	28	4395	0	0	47
5.743	1	1	575	4	1	28	4395	0	0	47
5.744	1	1	575	5	1	28	4395	0	0	47
5.745	1	1	575	6	1	28	4395	0	0	47
5.746	1	1	575	7	1	28	4395	0	0	47
5.747	1	1	575	8	1	28	4395	0	0	47
5.748	1	1	575	9	1	28	4395	0	0	47
5.749	1	1	575	10	1	28	4395	0	0	47
5.75	1	1	576	1	1	28	4395	0	0	47
5.751	1	1	576	2	1	28	4395	0	0	47
5.752	1	1	576	3	1	28	4395	0	0	47
5.753	1	1	576	4	1	28	4395	0	0	47
5.754	1	1	576	5	1	28	4395	0	0	47
5.755	1	1	576	6	1	28	4395	0	0	47
5.756	1	1	576	7	1	28	4395	0	0	47
5.757	1	1	576	8	1	28	4395	0	0	47
5.758	1	1	576	9	1	28	4395	0	0	47
5.759	1	1	576	10	1	28	4395	0	0	47
5.76	1	1	577	1	1	28	4395	0	0	47
5.761	1	1	577	2	1	28	4395	0	0	47
5.762	1	1	577	3	1	28	4395	0	0	47
5.763	1	1	577	4	1	28	4395	0	0	47
5.764	1	1	577	5	1	28	4395	0	0	47
5.765	1	1	577	6	1	28	4395	0	0	47
5.766	1	1	577	7	1	28	4395	0	0	47
5.767	1	1	577	8	1	28	4395	0	0	47
5.768	1	1	577	9	1	28	4395	0	0	47
5.769	1	1	577	10	1	28	4395	0	0	47
5.77	1	1	578	1	1	28	4395	0	0	47
5.771	1	1	578	2	1	28	4395	0	0	47
5.772	1	1	578	3	1	28	4395	0	0	47
5.773	1	1	578	4	1	28	4395	0	0	47
5.774	1	1	578	5	1	28	4395	0	0	47
5.775	1	1	578	6	1	28	4395	0	0	47
5.776	1	1	578	7	1	28	4395	0	0	47
5.777	1	1	578	8	1	28	4395	0	0	47
5.778	1	1	578	9	1	28	4395	0	0	47
5.779	1	1	578	10	1	28	4395	0	0	47
5.78	1	1	579	1	1	28	4395	0	0	47
5.781	1	1	579	2	1	28	4395	0	0	47
5.782	1	1	579	3	1	28	4395	0	0	47
5.783	1	1	579	4	1	28	4395	0	0	47
5.784	1	1	579	5	1	28	4395	0	0	47
5.785	1	1	579	6	1	28	4395	0	0	47
5.786	1	1	579	7	1	28	4395	0	0	47
5.787	1	1	579	8	1	28	4395	0	0	47
5.788	1	1	579	9	1	28	4395	0	0	47
5.789	1	1	579	10	1	28	4395	0	0	47
5.79	1	1	580	1	1	28	4395	0	0	47
5.791	1	1	580	2	1	28	4395	0	0	47
5.792	1	1	580	3	1	28	4395	0	0	47
5.793	1	1	580	4	1	28	4395	0	0	47
5.794	1	1	580	5	1	28	4395	0	0	47
5.795	1	1	580	6	1	28	4395	0	0	47
5.796	1	1	580	7	1	28	4395	0	0	47
5.797	1	1	580	8	1	28	4395	0	0	47
5.798	1	1	580	9	1	28	4395	0	0	47
5.799	1	1	580	10	1	28	4395	0	0	47
5.8	1	1	581	1	1	28	4395	0	0	47
5.801	1	1	581	2	1	28	4395	0	0	47
5.802	1	1	581	3	1	28	4395	0	0	47
5.803	1	1	581	4	1	28	4395	0	0	47
5.804	1	1	581	5	1	28	4395	0	0	47
5.805	1	1	581	6	1	28	4395	0	0	47
5.806	1	1	581	7	1	28	4395	0	0	47
5.807	1	1	581	8	1	28	4395	0	0	47
5.808	1	1	581	9	1	28	4395	0	0	47
5.809	1	1	581	10	1	28	4395	0	0	47
5.81	1	1	582	1	1	28	4395	0	0	47
5.811	1	1	582	2	1	28	4395	0	0	47
5.812	1	1	582	3	1	28	4395	0	0	47
5.813	1	1	582	4	1	28	4395	0	0	47
5.814	1	1	582	5	1	28	4395	0	0	47
5.815	1	1	582	6	1	28	4395	0	0	47
5.816	1	1	582	7	1	28	4395	0	0	47
5.817	1	1	582	8	1	28	4395	0	0	47
5.818	1	1	582	9	1	28	4395	0	0	47
5.819	1	1	582	10	1	28	4395	0	0	47
5.82	1	1	583	1	1	28	4395	0	0	47
5.821	1	1	583	2	1	28	4395	0	0	47
5.822	1	1	583	3	1	28	4395	0	0	47
5.823	1	1	583	4	1	28	4395	0	0	47
5.824	1	1	583	5	1	28	4395	0	0	47
5.825	1	1	583	6	1	28	4395	0	0	47
5.826	1	1	583	7	1	28	4395	0	0	47
5.827	1	1	583	8	1	28	4395	0	0	47
5.828	1	1	583	9	1	28	4395	0	0	47
5.829	1	1	583	10	1	28	4395	0	0	47
5.83	1	1	584	1	1	28	4395	0	0	47
5.831	1	1	584	2	1	28	4395	0	0	47
5.832	1	1	584	3	1	28	4395	0	0	47
5.833	1	1	584	4	1	28	4395	0	0	47
5.834	1	1	584	5	1	28	4395	0	0	47
5.835	1	1	584	6	1	28	4395	0	0	47
5.836	1	1	584	7	1	28	4395	0	0	47
5.837	1	1	584	8	1	28	4395	0	0	47
5.838	1	1	584	9	1	28	4395	0	0	47
5.839	1	1	584	10	1	28	4395	0	0	47
5.84	1	1	585	1	1	28	4395	0	0	47
5.841	1	1	585	2	1	28	4395	0	0	47
5.842	1	1	585	3	1	28	4395	0	0	47
5.843	1	1	585	4	1	28	4395	0	0	47
5.844	1	1	585	5	1	28	4395	0	0	47
5.845	1	1	585	6	1	28	4395	0	0	47
5.846	1	1	585	7	1	28	4395	0	0	47
5.847	1	1	585	8	1	28	4395	0	0	47
5.848	1	1	585	9	1	28	4395	0	0	47
5.849	1	1	585	10	1	28	4395	0	0	47
5.85	1	1	586	1	1	28	4395	0	0	47
5.851	1	1	586	2	1	28	4395	0	0	47
5.852	1	1	586	3	1	28	4395	0	0	47
5.853	1	1	586	4	1	28	4395	0	0	47
5.854	1	1	586	5	1	28	4395	0	0	47
5.855	1	1	586	6	1	28	4395	0	0	47
5.856	1	1	586	7	1	28	4395	0	0	47
5.857	1	1	586	8	1	28	4395	0	0	47
5.858	1	1	586	9	1	28	4395	0	0	47
5.859	1	1	586	10	1	28	4395	0	0	47
5.86	1	1	587	1	1	28	4395	0	0	47
5.861	1	1	587	2	1	28	4395	0	0	47
5.862	1	1	587	3	1	28	4395	0	0	47
5.863	1	1	587	4	1	28	4395	0	0	47
5.864	1	1	587	5	1	28	4395	0	0	47
5.865	1	1	587	6	1	28	4395	0	0	47
5.866	1	1	587	7	1	28	4395	0	0	47
5.867	1	1	587	8	1	28	4395	0	0	47
5.868	1	1	587	9	1	28	4395	0	0	47
5.869	1	1	587	10	1	28	4395	0	0	47
5.87	1	1	588	1	1	28	4395	0	0	47
5.871	1	1	588	2	1	28	4395	0	0	47
5.872	1	1	588	3	1	28	4395	0	0	47
5.873	1	1	588	4	1	28	4395	0	0	47
5.874	1	1	588	5	1	28	4395	0	0	47
5.875	1	1	588	6	1	28	4395	0	0	47
5.876	1	1	588	7	1	28	4395	0	0	47
5.877	1	1	588	8	1	28	4395	0	0	47
5.878	1	1	588	9	1	28	4395	0	0	47
5.879	1	1	588	10	1	28	4395	0	0	47
5.88	1	1	589	1	1	28	4395	0	0	47
5.881	1	1	589	2	1	28	4395	0	0	47
5.882	1	1	589	3	1	28	4395	0	0	47
5.883	1	1	589	4	1	28	4395	0	0	47
5.884	1	1	589	5	1	28	4395	0	0	47
5.885	1	1	589	6	1	28	4395	0	0	47
5.886	1	1	589	7	1	28	4395	0	0	47
5.887	1	1	589	8	1	28	4395	0	0	47
5.888	1	1	589	9	1	28	4395	0	0	47
5.889	1	1	589	10	1	28	4395	0	0	47
5.89	1	1	590	1	1	28	4395	0	0	47
5.891	1	1	590	2	1	28	4395	0	0	47
5.892	1	1	590	3	1	28	4395	0	0	47
5.893	1	1	590	4	1	28	4395	0	0	47
5.894	1	1	590	5	1	28	4395	0	0	47
5.895	1	1	590	6	1	28	4395	0	0	47
5.896	1	1	590	7	1	28	4395	0	0	47
5.897	1	1	590	8	1	28	4395	0	0	47
5.898	1	1	590	9	1	28	4395	0	0	47
5.899	1	1	590	10	1	28	4395	0	0	47
5.9	1	1	591	1	1	28	4395	0	0	47
5.901	1	1	591	2	1	28	4395	0	0	47
5.902	1	1	591	3	1	28	4395	0	0	47
5.903	1	1	591	4	1	28	4395	0	0	47
5.904	1	1	591	5	1	28	4395	0	0	47
5.905	1	1	591	6	1	28	4395	0	0	47
5.906	1	1	591	7	1	28	4395	0	0	47
5.907	1	1	591	8	1	28	4395	0	0	47
5.908	1	1	591	9	1	28	4395	0	0	47
5.909	1	1	591	10	1	28	4395	0	0	47
5.91	1	1	592	1	1	28	4395	0	0	47
5.911	1	1	592	2	1	28	4395	0	0	47
5.912	1	1	592	3	1	28	4395	0	0	47
5.913	1	1	592	4	1	28	4395	0	0	47
5.914	1	1	592	5	1	28	4395	0	0	47
5.915	1	1	592	6	1	28	4395	0	0	47
5.916	1	1	592	7	1	28	4395	0	0	47
5.917	1	1	592	8	1	28	4395	0	0	47
5.918	1	1	592	9	1	28	4395	0	0	47
5.919	1	1	592	10	1	28	4395	0	0	47
5.92	1	1	593	1	1	28	4395	0	0	47
5.921	1	1	593	2	1	28	4395	0	0	47
5.922	1	1	593	3	1	28	4395	0	0	47
5.923	1	1	593	4	1	28	4395	0	0	47
5.924	1	1	593	5	1	28	4395	0	0	47
5.925	1	1	593	6	1	28	4395	0	0	47
5.926	1	1	593	7	1	28	4395	0	0	47
5.927	1	1	593	8	1	28	4395	0	0	47
5.928	1	1	593	9	1	28	4395	0	0	47
5.929	1	1	593	10	1	28	4395	0	0	47
5.93	1	1	594	1	1	28	4395	0	0	47
5.931	1	1	594	2	1	28	4395	0	0	47
5.932	1	1	594	3	1	28	4395	0	0	47
5.933	1	1	594	4	1	28	4395	0	0	47
5.934	1	1	594	5	1	28	4395	0	0	47
5.935	1	1	594	6	1	28	4395	0	0	47
5.936	1	1	594	7	1	28	4395	0	0	47
5.937	1	1	594	8	1	28	4395	0	0	47
5.938	1	1	594	9	1	28	4395	0	0	47
5.939	1	1	594	10	1	28	4395	0	0	47
5.94	1	1	595	1	1	28	4395	0	0	47
5.941	1	1	595	2	1	28	4395	0	0	47
5.942	1	1	595	3	1	28	4395	0	0	47
5.943	1	1	595	4	1	28	4395	0	0	47
5.944	1	1	595	5	1	28	4395	0	0	47
5.945	1	1	595	6	1	28	4395	0	0	47
5.946	1	1	595	7	1	28	4395	0	0	47
5.947	1	1	595	8	1	28	4395	0	0	47
5.948	1	1	595	9	1	28	4395	0	0	47
5.949	1	1	595	10	1	28	4395	0	0	47
5.95	1	1	596	1	1	28	4395	0	0	47
5.951	1	1	596	2	1	28	4395	0	0	47
5.952	1	1	596	3	1	28	4395	0	0	47
5.953	1	1	596	4	1	28	4395	0	0	47
5.954	1	1	596	5	1	28	4395	0	0	47
5.955	1	1	596	6	1	28	4395	0	0	47
5.956	1	1	596	7	1	28	4395	0	0	47
5.957	1	1	596	8	1	28	4395	0	0	47
5.958	1	1	596	9	1	28	4395	0	0	47
5.959	1	1	596	10	1	28	4395	0	0	47
5.96	1	1	597	1	1	28	4395	0	0	47
5.961	1	1	597	2	1	28	4395	0	0	47
5.962	1	1	597	3	1	28	4395	0	0	47
5.963	1	1	597	4	1	28	4395	0	0	47
5.964	1	1	597	5	1	28	4395	0	0	47
5.965	1	1	597	6	1	28	4395	0	0	47
5.966	1	1	597	7	1	28	4395	0	0	47
5.967	1	1	597	8	1	28	4395	0	0	47
5.968	1	1	597	9	1	28	4395	0	0	47
5.969	1	1	597	10	1	28	4395	0	0	47
5.97	1	1	598	1	1	28	4395	0	0	47
5.971	1	1	598	2	1	28	4395	0	0	47
5.972	1	1	598	3	1	28	4395	0	0	47
5.973	1	1	598	4	1	28	4395	0	0	47
5.974	1	1	598	5	1	28	4395	0	0	47
5.975	1	1	598	6	1	28	4395	0	0	47
5.976	1	1	598	7	1	28	4395	0	0	47
5.977	1	1	598	8	1	28	4395	0	0	47
5.978	1	1	598	9	1	28	4395	0	0	47
5.979	1	1	598	10	1	28	4395	0	0	47
5.98	1	1	599	1	1	28	4395	0	0	47
5.981	1	1	599	2	1	28	4395	0	0	47
5.982	1	1	599	3	1	28	4395	0	0	47
5.983	1	1	599	4	1	28	4395	0	0	47
5.984	1	1	599	5	1	28	4395	0	0	47
5.985	1	1	599	6	1	28	4395	0	0	47
5.986	1	1	599	7	1	28	4395	0	0	47
5.987	1	1	599	8	1	28	4395	0	0	47
5.988	1	1	599	9	1	28	4395	0	0	47
5.989	1	1	599	10	1	28	4395	0	0	47
5.99	1	1	600	1	1	28	4395	0	0	47
5.991	1	1	600	2	1	28	4395	0	0	47
5.992	1	1	600	3	1	28	4395	0	0	47
5.993	1	1	600	4	1	28	4395	0	0	47
5.994	1	1	600	5	1	28	4395	0	0	47
5.995	1	1	600	6	1	28	4395	0	0	47
5.996	1	1	600	7	1	28	4395	0	0	47
5.997	1	1	600	8	1	28	4395	0	0	47
5.998	1	1	600	9	1	28	4395	0	0	47
5.999	1	1	600	10	1	28	4395	0	0	47
6	1	1	601	1	1	28	4395	0	0	47
6.001	1	1	601	2	1	28	4395	0	0	47
6.002	1	1	601	3	1	28	4395	0	0	47
6.003	1	1	601	4	1	28	4395	0	0	47
6.004	1	1	601	5	1	28	4395	0	0	47
6.005	1	1	601	6	1	28	4395	0	0	47
6.006	1	1	601	7	1	28	4395	0	0	47
6.007	1	1	601	8	1	28	4395	0	0	47
6.008	1	1	601	9	1	28	4395	0	0	47
6.009	1	1	601	10	1	28	4395	0	0	47
6.01	1	1	602	1	1	28	4395	0	0	47
6.011	1	1	602	2	1	28	4395	0	0	47
6.012	1	1	602	3	1	28	4395	0	0	47
6.013	1	1	602	4	1	28	4395	0	0	47
6.014	1	1	602	5	1	28	4395	0	0	47
6.015	1	1	602	6	1	28	4395	0	0	47
6.016	1	1	602	7	1	28	4395	0	0	47
6.017	1	1	602	8	1	28	4395	0	0	47
6.018	1	1	602	9	1	28	4395	0	0	47
6.019	1	1	602	10	1	28	4395	0	0	47
6.02	1	1	603	1	1	28	4395	0	0	47
6.021	1	1	603	2	1	28	4395	0	0	47
6.022	1	1	603	3	1	28	4395	0	0	47
6.023	1	1	603	4	1	28	4395	0	0	47
6.024	1	1	603	5	1	28	4395	0	0	47
6.025	1	1	603	6	1	28	4395	0	0	47
6.026	1	1	603	7	1	28	4395	0	0	47
6.027	1	1	603	8	1	28	4395	0	0	47
6.028	1	1	603	9	1	28	4395	0	0	47
6.029	1	1	603	10	1	28	4395	0	0	47
6.03	1	1	604	1	1	28	4395	0	0	47
6.031	1	1	604	2	1	28	4395	0	0	47
6.032	1	1	604	3	1	28	4395	0	0	47
6.033	1	1	604	4	1	28	4395	0	0	47
6.034	1	1	604	5	1	28	4395	0	0	47
6.035	1	1	604	6	1	28	4395	0	0	47
6.036	1	1	604	7	1	28	4395	0	0	47
6.037	1	1	604	8	1	28	4395	0	0	47
6.038	1	1	604	9	1	28	4395	0	0	47
6.039	1	1	604	10	1	28	4395	0	0	47
6.04	1	1	605	1	1	28	4395	0	0	47
6.041	1	1	605	2	1	28	4395	0	0	47
6.042	1	1	605	3	1	28	4395	0	0	47
6.043	1	1	605	4	1	28	4395	0	0	47
6.044	1	1	605	5	1	28	4395	0	0	47
6.045	1	1	605	6	1	28	4395	0	0	47
6.046	1	1	605	7	1	28	4395	0	0	47
6.047	1	1	605	8	1	28	4395	0	0	47
6.048	1	1	605	9	1	28	4395	0	0	47
6.049	1	1	605	10	1	28	4395	0	0	47
6.05	1	1	606	1	1	28	4395	0	0	47
6.051	1	1	606	2	1	28	4395	0	0	47
6.052	1	1	606	3	1	28	4395	0	0	47
6.053	1	1	606	4	1	28	4395	0	0	47
6.054	1	1	606	5	1	28	4395	0	0	47
6.055	1	1	606	6	1	28	4395	0	0	47
6.056	1	1	606	7	1	28	4395	0	0	47
6.057	1	1	606	8	1	28	4395	0	0	47
6.058	1	1	606	9	1	28	4395	0	0	47
6.059	1	1	606	10	1	28	4395	0	0	47
6.06	1	1	607	1	1	28	4395	0	0	47
6.061	1	1	607	2	1	28	4395	0	0	47
6.062	1	1	607	3	1	28	4395	0	0	47
6.063	1	1	607	4	1	28	4395	0	0	47
6.064	1	1	607	5	1	28	4395	0	0	47
6.065	1	1	607	6	1	28	4395	0	0	47
6.066	1	1	607	7	1	28	4395	0	0	47
6.067	1	1	607	8	1	28	4395	0	0	47
6.068	1	1	607	9	1	28	4395	0	0	47
6.069	1	1	607	10	1	28	4395	0	0	47
6.07	1	1	608	1	1	28	4395	0	0	47
6.071	1	1	608	2	1	28	4395	0	0	47
6.072	1	1	608	3	1	28	4395	0	0	47
6.073	1	1	608	4	1	28	4395	0	0	47
6.074	1	1	608	5	1	28	4395	0	0	47
6.075	1	1	608	6	1	28	4395	0	0	47
6.076	1	1	608	7	1	28	4395	0	0	47
6.077	1	1	608	8	1	28	4395	0	0	47
6.078	1	1	608	9	1	28	4395	0	0	47
6.079	1	1	608	10	1	28	4395	0	0	47
6.08	1	1	609	1	1	28	4395	0	0	47
6.081	1	1	609	2	1	28	4395	0	0	47
6.082	1	1	609	3	1	28	4395	0	0	47
6.083	1	1	609	4	1	28	4395	0	0	47
6.084	1	1	609	5	1	28	4395	0	0	47
6.085	1	1	609	6	1	28	4395	0	0	47
6.086	1	1	609	7	1	28	4395	0	0	47
6.087	1	1	609	8	1	28	4395	0	0	47
6.088	1	1	609	9	1	28	4395	0	0	47
6.089	1	1	609	10	1	28	4395	0	0	47
6.09	1	1	610	1	1	28	4395	0	0	47
6.091	1	1	610	2	1	28	4395	0	0	47
6.092	1	1	610	3	1	28	4395	0	0	47
6.093	1	1	610	4	1	28	4395	0	0	47
6.094	1	1	610	5	1	28	4395	0	0	47
6.095	1	1	610	6	1	28	4395	0	0	47
6.096	1	1	610	7	1	28	4395	0	0	47
6.097	1	1	610	8	1	28	4395	0	0	47
6.098	1	1	610	9	1	28	4395	0	0	47
6.099	1	1	610	10	1	28	4395	0	0	47
6.1	1	1	611	1	1	28	4395	0	0	47
6.101	1	1	611	2	1	28	4395	0	0	47
6.102	1	1	611	3	1	28	4395	0	0	47
6.103	1	1	611	4	1	28	4395	0	0	47
6.104	1	1	611	5	1	28	4395	0	0	47
6.105	1	1	611	6	1	28	4395	0	0	47
6.106	1	1	611	7	1	28	4395	0	0	47
6.107	1	1	611	8	1	28	4395	0	0	47
6.108	1	1	611	9	1	28	4395	0	0	47
6.109	1	1	611	10	1	28	4395	0	0	47
6.11	1	1	612	1	1	28	4395	0	0	47
6.111	1	1	612	2	1	28	4395	0	0	47
6.112	1	1	612	3	1	28	4395	0	0	47
6.113	1	1	612	4	1	28	4395	0	0	47
6.114	1	1	612	5	1	28	4395	0	0	47
6.115	1	1	612	6	1	28	4395	0	0	47
6.116	1	1	612	7	1	28	4395	0	0	47
6.117	1	1	612	8	1	28	4395	0	0	47
6.118	1	1	612	9	1	28	4395	0	0	47
6.119	1	1	612	10	1	28	4395	0	0	47
6.12	1	1	613	1	1	28	4395	0	0	47
6.121	1	1	613	2	1	28	4395	0	0	47
6.122	1	1	613	3	1	28	4395	0	0	47
6.123	1	1	613	4	1	28	4395	0	0	47
6.124	1	1	613	5	1	28	4395	0	0	47
6.125	1	1	613	6	1	28	4395	0	0	47
6.126	1	1	613	7	1	28	4395	0	0	47
6.127	1	1	613	8	1	28	4395	0	0	47
6.128	1	1	613	9	1	28	4395	0	0	47
6.129	1	1	613	10	1	28	4395	0	0	47
6.13	1	1	614	1	1	28	4395	0	0	47
6.131	1	1	614	2	1	28	4395	0	0	47
6.132	1	1	614	3	1	28	4395	0	0	47
6.133	1	1	614	4	1	28	4395	0	0	47
6.134	1	1	614	5	1	28	4395	0	0	47
6.135	1	1	614	6	1	28	4395	0	0	47
6.136	1	1	614	7	1	28	4395	0	0	47
6.137	1	1	614	8	1	28	4395	0	0	47
6.138	1	1	614	9	1	28	4395	0	0	47
6.139	1	1	614	10	1	28	4395	0	0	47
6.14	1	1	615	1	1	28	4395	0	0	47
6.141	1	1	615	2	1	28	4395	0	0	47
6.142	1	1	615	3	1	28	4395	0	0	47
6.143	1	1	615	4	1	28	4395	0	0	47
6.144	1	1	615	5	1	28	4395	0	0	47
6.145	1	1	615	6	1	28	4395	0	0	47
6.146	1	1	615	7	1	28	4395	0	0	47
6.147	1	1	615	8	1	28	4395	0	0	47
6.148	1	1	615	9	1	28	4395	0	0	47
6.149	1	1	615	10	1	28	4395	0	0	47
6.15	1	1	616	1	1	28	4395	0	0	47
6.151	1	1	616	2	1	28	4395	0	0	47
6.152	1	1	616	3	1	28	4395	0	0	47
6.153	1	1	616	4	1	28	4395	0	0	47
6.154	1	1	616	5	1	28	4395	0	0	47
6.155	1	1	616	6	1	28	4395	0	0	47
6.156	1	1	616	7	1	28	4395	0	0	47
6.157	1	1	616	8	1	28	4395	0	0	47
6.158	1	1	616	9	1	28	4395	0	0	47
6.159	1	1	616	10	1	28	4395	0	0	47
6.16	1	1	617	1	1	28	4395	0	0	47
6.161	1	1	617	2	1	28	4395	0	0	47
6.162	1	1	617	3	1	28	4395	0	0	47
6.163	1	1	617	4	1	28	4395	0	0	47
6.164	1	1	617	5	1	28	4395	0	0	47
6.165	1	1	617	6	1	28	4395	0	0	47
6.166	1	1	617	7	1	28	4395	0	0	47
6.167	1	1	617	8	1	28	4395	0	0	47
6.168	1	1	617	9	1	28	4395	0	0	47
6.169	1	1	617	10	1	28	4395	0	0	47
6.17	1	1	618	1	1	28	4395	0	0	47
6.171	1	1	618	2	1	28	4395	0	0	47
6.172	1	1	618	3	1	28	4395	0	0	47
6.173	1	1	618	4	1	28	4395	0	0	47
6.174	1	1	618	5	1	28	4395	0	0	47
6.175	1	1	618	6	1	28	4395	0	0	47
6.176	1	1	618	7	1	28	4395	0	0	47
6.177	1	1	618	8	1	28	4395	0	0	47
6.178	1	1	618	9	1	28	4395	0	0	47
6.179	1	1	618	10	1	28	4395	0	0	47
6.18	1	1	619	1	1	28	4395	0	0	47
6.181	1	1	619	2	1	28	4395	0	0	47
6.182	1	1	619	3	1	28	4395	0	0	47
6.183	1	1	619	4	1	28	4395	0	0	47
6.184	1	1	619	5	1	28	4395	0	0	47
6.185	1	1	619	6	1	28	4395	0	0	47
6.186	1	1	619	7	1	28	4395	0	0	47
6.187	1	1	619	8	1	28	4395	0	0	47
6.188	1	1	619	9	1	28	4395	0	0	47
6.189	1	1	619	10	1	28	4395	0	0	47
6.19	1	1	620	1	1	28	4395	0	0	47
6.191	1	1	620	2	1	28	4395	0	0	47
6.192	1	1	620	3	1	28	4395	0	0	47
6.193	1	1	620	4	1	28	4395	0	0	47
6.194	1	1	620	5	1	28	4395	0	0	47
6.195	1	1	620	6	1	28	4395	0	0	47
6.196	1	1	620	7	1	28	4395	0	0	47
6.197	1	1	620	8	1	28	4395	0	0	47
6.198	1	1	620	9	1	28	4395	0	0	47
6.199	1	1	620	10	1	28	4395	0	0	47
6.2	1	1	621	1	1	28	4395	0	0	47
6.201	1	1	621	2	1	28	4395	0	0	47
6.202	1	1	621	3	1	28	4395	0	0	47
6.203	1	1	621	4	1	28	4395	0	0	47
6.204	1	1	621	5	1	28	4395	0	0	47
6.205	1	1	621	6	1	28	4395	0	0	47
6.206	1	1	621	7	1	28	4395	0	0	47
6.207	1	1	621	8	1	28	4395	0	0	47
6.208	1	1	621	9	1	28	4395	0	0	47
6.209	1	1	621	10	1	28	4395	0	0	47
6.21	1	1	622	1	1	28	4395	0	0	47
6.211	1	1	622	2	1	28	4395	0	0	47
6.212	1	1	622	3	1	28	4395	0	0	47
6.213	1	1	622	4	1	28	4395	0	0	47
6.214	1	1	622	5	1	28	4395	0	0	47
6.215	1	1	622	6	1	28	4395	0	0	47
6.216	1	1	622	7	1	28	4395	0	0	47
6.217	1	1	622	8	1	28	4395	0	0	47
6.218	1	1	622	9	1	28	4395	0	0	47
6.219	1	1	622	10	1	28	4395	0	0	47
6.22	1	1	623	1	1	28	4395	0	0	47
6.221	1	1	623	2	1	28	4395	0	0	47
6.222	1	1	623	3	1	28	4395	0	0	47
6.223	1	1	623	4	1	28	4395	0	0	47
6.224	1	1	623	5	1	28	4395	0	0	47
6.225	1	1	623	6	1	28	4395	0	0	47
6.226	1	1	623	7	1	28	4395	0	0	47
6.227	1	1	623	8	1	28	4395	0	0	47
6.228	1	1	623	9	1	28	4395	0	0	47
6.229	1	1	623	10	1	28	4395	0	0	47
6.23	1	1	624	1	1	28	4395	0	0	47
6.231	1	1	624	2	1	28	4395	0	0	47
6.232	1	1	624	3	1	28	4395	0	0	47
6.233	1	1	624	4	1	28	4395	0	0	47
6.234	1	1	624	5	1	28	4395	0	0	47
6.235	1	1	624	6	1	28	4395	0	0	47
6.236	1	1	624	7	1	28	4395	0	0	47
6.237	1	1	624	8	1	28	4395	0	0	47
6.238	1	1	624	9	1	28	4395	0	0	47
6.239	1	1	624	10	1	28	4395	0	0	47
6.24	1	1	625	1	1	28	4395	0	0	47
6.241	1	1	625	2	1	28	4395	0	0	47
6.242	1	1	625	3	1	28	4395	0	0	47
6.243	1	1	625	4	1	28	4395	0	0	47
6.244	1	1	625	5	1	28	4395	0	0	47
6.245	1	1	625	6	1	28	4395	0	0	47
6.246	1	1	625	7	1	28	4395	0	0	47
6.247	1	1	625	8	1	28	4395	0	0	47
6.248	1	1	625	9	1	28	4395	0	0	47
6.249	1	1	625	10	1	28	4395	0	0	47
6.25	1	1	626	1	1	28	4395	0	0	47
6.251	1	1	626	2	1	28	4395	0	0	47
6.252	1	1	626	3	1	28	4395	0	0	47
6.253	1	1	626	4	1	28	4395	0	0	47
6.254	1	1	626	5	1	28	4395	0	0	47
6.255	1	1	626	6	1	28	4395	0	0	47
6.256	1	1	626	7	1	28	4395	0	0	47
6.257	1	1	626	8	1	28	4395	0	0	47
6.258	1	1	626	9	1	28	4395	0	0	47
6.259	1	1	626	10	1	28	4395	0	0	47
6.26	1	1	627	1	1	28	4395	0	0	47
6.261	1	1	627	2	1	28	4395	0	0	47
6.262	1	1	627	3	1	28	4395	0	0	47
6.263	1	1	627	4	1	28	4395	0	0	47
6.264	1	1	627	5	1	28	4395	0	0	47
6.265	1	1	627	6	1	28	4395	0	0	47
6.266	1	1	627	7	1	28	4395	0	0	47
6.267	1	1	627	8	1	28	4395	0	0	47
6.268	1	1	627	9	1	28	4395	0	0	47
6.269	1	1	627	10	1	28	4395	0	0	47
6.27	1	1	628	1	1	28	4395	0	0	47
6.271	1	1	628	2	1	28	4395	0	0	47
6.272	1	1	628	3	1	28	4395	0	0	47
6.273	1	1	628	4	1	28	4395	0	0	47
6.274	1	1	628	5	1	28	4395	0	0	47
6.275	1	1	628	6	1	28	4395	0	0	47
6.276	1	1	628	7	1	28	4395	0	0	47
6.277	1	1	628	8	1	28	4395	0	0	47
6.278	1	1	628	9	1	28	4395	0	0	47
6.279	1	1	628	10	1	28	4395	0	0	47
6.28	1	1	629	1	1	28	4395	0	0	47
6.281	1	1	629	2	1	28	4395	0	0	47
6.282	1	1	629	3	1	28	4395	0	0	47
6.283	1	1	629	4	1	28	4395	0	0	47
6.284	1	1	629	5	1	28	4395	0	0	47
6.285	1	1	629	6	1	28	4395	0	0	47
6.286	1	1	629	7	1	28	4395	0	0	47
6.287	1	1	629	8	1	28	4395	0	0	47
6.288	1	1	629	9	1	28	4395	0	0	47
6.289	1	1	629	10	1	28	4395	0	0	47
6.29	1	1	630	1	1	28	4395	0	0	47
6.291	1	1	630	2	1	28	4395	0	0	47
6.292	1	1	630	3	1	28	4395	0	0	47
6.293	1	1	630	4	1	28	4395	0	0	47
6.294	1	1	630	5	1	28	4395	0	0	47
6.295	1	1	630	6	1	28	4395	0	0	47
6.296	1	1	630	7	1	28	4395	0	0	47
6.297	1	1	630	8	1	28	4395	0	0	47
6.298	1	1	630	9	1	28	4395	0	0	47
6.299	1	1	630	10	1	28	4395	0	0	47
6.3	1	1	631	1	1	28	4395	0	0	47
6.301	1	1	631	2	1	28	4395	0	0	47
6.302	1	1	631	3	1	28	4395	0	0	47
6.303	1	1	631	4	1	28	4395	0	0	47
6.304	1	1	631	5	1	28	4395	0	0	47
6.305	1	1	631	6	1	28	4395	0	0	47
6.306	1	1	631	7	1	28	4395	0	0	47
6.307	1	1	631	8	1	28	4395	0	0	47
6.308	1	1	631	9	1	28	4395	0	0	47
6.309	1	1	631	10	1	28	4395	0	0	47
6.31	1	1	632	1	1	28	4395	0	0	47
6.311	1	1	632	2	1	28	4395	0	0	47
6.312	1	1	632	3	1	28	4395	0	0	47
6.313	1	1	632	4	1	28	4395	0	0	47
6.314	1	1	632	5	1	28	4395	0	0	47
6.315	1	1	632	6	1	28	4395	0	0	47
6.316	1	1	632	7	1	28	4395	0	0	47
6.317	1	1	632	8	1	28	4395	0	0	47
6.318	1	1	632	9	1	28	4395	0	0	47
6.319	1	1	632	10	1	28	4395	0	0	47
6.32	1	1	633	1	1	28	4395	0	0	47
6.321	1	1	633	2	1	28	4395	0	0	47
6.322	1	1	633	3	1	28	4395	0	0	47
6.323	1	1	633	4	1	28	4395	0	0	47
6.324	1	1	633	5	1	28	4395	0	0	47
6.325	1	1	633	6	1	28	4395	0	0	47
6.326	1	1	633	7	1	28	4395	0	0	47
6.327	1	1	633	8	1	28	4395	0	0	47
6.328	1	1	633	9	1	28	4395	0	0	47
6.329	1	1	633	10	1	28	4395	0	0	47
6.33	1	1	634	1	1	28	4395	0	0	47
6.331	1	1	634	2	1	28	4395	0	0	47
6.332	1	1	634	3	1	28	4395	0	0	47
6.333	1	1	634	4	1	28	4395	0	0	47
6.334	1	1	634	5	1	28	4395	0	0	47
6.335	1	1	634	6	1	28	4395	0	0	47
6.336	1	1	634	7	1	28	4395	0	0	47
6.337	1	1	634	8	1	28	4395	0	0	47
6.338	1	1	634	9	1	28	4395	0	0	47
6.339	1	1	634	10	1	28	4395	0	0	47
6.34	1	1	635	1	1	28	4395	0	0	47
6.341	1	1	635	2	1	28	4395	0	0	47
6.342	1	1	635	3	1	28	4395	0	0	47
6.343	1	1	635	4	1	28	4395	0	0	47
6.344	1	1	635	5	1	28	4395	0	0	47
6.345	1	1	635	6	1	28	4395	0	0	47
6.346	1	1	635	7	1	28	4395	0	0	47
6.347	1	1	635	8	1	28	4395	0	0	47
6.348	1	1	635	9	1	28	4395	0	0	47
6.349	1	1	635	10	1	28	4395	0	0	47
6.35	1	1	636	1	1	28	4395	0	0	47
6.351	1	1	636	2	1	28	4395	0	0	47
6.352	1	1	636	3	1	28	4395	0	0	47
6.353	1	1	636	4	1	28	4395	0	0	47
6.354	1	1	636	5	1	28	4395	0	0	47
6.355	1	1	636	6	1	28	4395	0	0	47
6.356	1	1	636	7	1	28	4395	0	0	47
6.357	1	1	636	8	1	28	4395	0	0	47
6.358	1	1	636	9	1	28	4395	0	0	47
6.359	1	1	636	10	1	28	4395	0	0	47
6.36	1	1	637	1	1	28	4395	0	0	47
6.361	1	1	637	2	1	28	4395	0	0	47
6.362	1	1	637	3	1	28	4395	0	0	47
6.363	1	1	637	4	1	28	4395	0	0	47
6.364	1	1	637	5	1	28	4395	0	0	47
6.365	1	1	637	6	1	28	4395	0	0	47
6.366	1	1	637	7	1	28	4395	0	0	47
6.367	1	1	637	8	1	28	4395	0	0	47
6.368	1	1	637	9	1	28	4395	0	0	47
6.369	1	1	637	10	1	28	4395	0	0	47
6.37	1	1	638	1	1	28	4395	0	0	47
6.371	1	1	638	2	1	28	4395	0	0	47
6.372	1	1	638	3	1	28	4395	0	0	47
6.373	1	1	638	4	1	28	4395	0	0	47
6.374	1	1	638	5	1	28	4395	0	0	47
6.375	1	1	638	6	1	28	4395	0	0	47
6.376	1	1	638	7	1	28	4395	0	0	47
6.377	1	1	638	8	1	28	4395	0	0	47
6.378	1	1	638	9	1	28	4395	0	0	47
6.379	1	1	638	10	1	28	4395	0	0	47
6.38	1	1	639	1	1	28	4395	0	0	47
6.381	1	1	639	2	1	28	4395	0	0	47
6.382	1	1	639	3	1	28	4395	0	0	47
6.383	1	1	639	4	1	28	4395	0	0	47
6.384	1	1	639	5	1	28	4395	0	0	47
6.385	1	1	639	6	1	28	4395	0	0	47
6.386	1	1	639	7	1	28	4395	0	0	47
6.387	1	1	639	8	1	28	4395	0	0	47
6.388	1	1	639	9	1	28	4395	0	0	47
6.389	1	1	639	10	1	28	4395	0	0	47
6.39	1	1	640	1	1	28	4395	0	0	47
6.391	1	1	640	2	1	28	4395	0	0	47
6.392	1	1	640	3	1	28	4395	0	0	47
6.393	1	1	640	4	1	28	4395	0	0	47
6.394	1	1	640	5	1	28	4395	0	0	47
6.395	1	1	640	6	1	28	4395	0	0	47
6.396	1	1	640	7	1	28	4395	0	0	47
6.397	1	1	640	8	1	28	4395	0	0	47
6.398	1	1	640	9	1	28	4395	0	0	47
6.399	1	1	640	10	1	28	4395	0	0	47
6.4	1	1	641	1	1	28	4395	0	0	47
6.401	1	1	641	2	1	28	4395	0	0	47
6.402	1	1	641	3	1	28	4395	0	0	47
6.403	1	1	641	4	1	28	4395	0	0	47
6.404	1	1	641	5	1	28	4395	0	0	47
6.405	1	1	641	6	1	28	4395	0	0	47
6.406	1	1	641	7	1	28	4395	0	0	47
6.407	1	1	641	8	1	28	4395	0	0	47
6.408	1	1	641	9	1	28	4395	0	0	47
6.409	1	1	641	10	1	28	4395	0	0	47
6.41	1	1	642	1	1	28	4395	0	0	47
6.411	1	1	642	2	1	28	4395	0	0	47
6.412	1	1	642	3	1	28	4395	0	0	47
6.413	1	1	642	4	1	28	4395	0	0	47
6.414	1	1	642	5	1	28	4395	0	0	47
6.415	1	1	642	6	1	28	4395	0	0	47
6.416	1	1	642	7	1	28	4395	0	0	47
6.417	1	1	642	8	1	28	4395	0	0	47
6.418	1	1	642	9	1	28	4395	0	0	47
6.419	1	1	642	10	1	28	4395	0	0	47
6.42	1	1	643	1	1	28	4395	0	0	47
6.421	1	1	643	2	1	28	4395	0	0	47
6.422	1	1	643	3	1	28	4395	0	0	47
6.423	1	1	643	4	1	28	4395	0	0	47
6.424	1	1	643	5	1	28	4395	0	0	47
6.425	1	1	643	6	1	28	4395	0	0	47
6.426	1	1	643	7	1	28	4395	0	0	47
6.427	1	1	643	8	1	28	4395	0	0	47
6.428	1	1	643	9	1	28	4395	0	0	47
6.429	1	1	643	10	1	28	4395	0	0	47
6.43	1	1	644	1	1	28	4395	0	0	47
6.431	1	1	644	2	1	28	4395	0	0	47
6.432	1	1	644	3	1	28	4395	0	0	47
6.433	1	1	644	4	1	28	4395	0	0	47
6.434	1	1	644	5	1	28	4395	0	0	47
6.435	1	1	644	6	1	28	4395	0	0	47
6.436	1	1	644	7	1	28	4395	0	0	47
6.437	1	1	644	8	1	28	4395	0	0	47
6.438	1	1	644	9	1	28	4395	0	0	47
6.439	1	1	644	10	1	28	4395	0	0	47
6.44	1	1	645	1	1	28	4395	0	0	47
6.441	1	1	645	2	1	28	4395	0	0	47
6.442	1	1	645	3	1	28	4395	0	0	47
6.443	1	1	645	4	1	28	4395	0	0	47
6.444	1	1	645	5	1	28	4395	0	0	47
6.445	1	1	645	6	1	28	4395	0	0	47
6.446	1	1	645	7	1	28	4395	0	0	47
6.447	1	1	645	8	1	28	4395	0	0	47
6.448	1	1	645	9	1	28	4395	0	0	47
6.449	1	1	645	10	1	28	4395	0	0	47
6.45	1	1	646	1	1	28	4395	0	0	47
6.451	1	1	646	2	1	28	4395	0	0	47
6.452	1	1	646	3	1	28	4395	0	0	47
6.453	1	1	646	4	1	28	4395	0	0	47
6.454	1	1	646	5	1	28	4395	0	0	47
6.455	1	1	646	6	1	28	4395	0	0	47
6.456	1	1	646	7	1	28	4395	0	0	47
6.457	1	1	646	8	1	28	4395	0	0	47
6.458	1	1	646	9	1	28	4395	0	0	47
6.459	1	1	646	10	1	28	4395	0	0	47
6.46	1	1	647	1	1	28	4395	0	0	47
6.461	1	1	647	2	1	28	4395	0	0	47
6.462	1	1	647	3	1	28	4395	0	0	47
6.463	1	1	647	4	1	28	4395	0	0	47
6.464	1	1	647	5	1	28	4395	0	0	47
6.465	1	1	647	6	1	28	4395	0	0	47
6.466	1	1	647	7	1	28	4395	0	0	47
6.467	1	1	647	8	1	28	4395	0	0	47
6.468	1	1	647	9	1	28	4395	0	0	47
6.469	1	1	647	10	1	28	4395	0	0	47
6.47	1	1	648	1	1	28	4395	0	0	47
6.471	1	1	648	2	1	28	4395	0	0	47
6.472	1	1	648	3	1	28	4395	0	0	47
6.473	1	1	648	4	1	28	4395	0	0	47
6.474	1	1	648	5	1	28	4395	0	0	47
6.475	1	1	648	6	1	28	4395	0	0	47
6.476	1	1	648	7	1	28	4395	0	0	47
6.477	1	1	648	8	1	28	4395	0	0	47
6.478	1	1	648	9	1	28	4395	0	0	47
6.479	1	1	648	10	1	28	4395	0	0	47
6.48	1	1	649	1	1	28	4395	0	0	47
6.481	1	1	649	2	1	28	4395	0	0	47
6.482	1	1	649	3	1	28	4395	0	0	47
6.483	1	1	649	4	1	28	4395	0	0	47
6.484	1	1	649	5	1	28	4395	0	0	47
6.485	1	1	649	6	1	28	4395	0	0	47
6.486	1	1	649	7	1	28	4395	0	0	47
6.487	1	1	649	8	1	28	4395	0	0	47
6.488	1	1	649	9	1	28	4395	0	0	47
6.489	1	1	649	10	1	28	4395	0	0	47
6.49	1	1	650	1	1	28	4395	0	0	47
6.491	1	1	650	2	1	28	4395	0	0	47
6.492	1	1	650	3	1	28	4395	0	0	47
6.493	1	1	650	4	1	28	4395	0	0	47
6.494	1	1	650	5	1	28	4395	0	0	47
6.495	1	1	650	6	1	28	4395	0	0	47
6.496	1	1	650	7	1	28	4395	0	0	47
6.497	1	1	650	8	1	28	4395	0	0	47
6.498	1	1	650	9	1	28	4395	0	0	47
6.499	1	1	650	10	1	28	4395	0	0	47
6.5	1	1	651	1	1	28	4395	0	0	47
6.501	1	1	651	2	1	28	4395	0	0	47
6.502	1	1	651	3	1	28	4395	0	0	47
6.503	1	1	651	4	1	28	4395	0	0	47
6.504	1	1	651	5	1	28	4395	0	0	47
6.505	1	1	651	6	1	28	4395	0	0	47
6.506	1	1	651	7	1	28	4395	0	0	47
6.507	1	1	651	8	1	28	4395	0	0	47
6.508	1	1	651	9	1	28	4395	0	0	47
6.509	1	1	651	10	1	28	4395	0	0	47
6.51	1	1	652	1	1	28	4395	0	0	47
6.511	1	1	652	2	1	28	4395	0	0	47
6.512	1	1	652	3	1	28	4395	0	0	47
6.513	1	1	652	4	1	28	4395	0	0	47
6.514	1	1	652	5	1	28	4395	0	0	47
6.515	1	1	652	6	1	28	4395	0	0	47
6.516	1	1	652	7	1	28	4395	0	0	47
6.517	1	1	652	8	1	28	4395	0	0	47
6.518	1	1	652	9	1	28	4395	0	0	47
6.519	1	1	652	10	1	28	4395	0	0	47
6.52	1	1	653	1	1	28	4395	0	0	47
6.521	1	1	653	2	1	28	4395	0	0	47
6.522	1	1	653	3	1	28	4395	0	0	47
6.523	1	1	653	4	1	28	4395	0	0	47
6.524	1	1	653	5	1	28	4395	0	0	47
6.525	1	1	653	6	1	28	4395	0	0	47
6.526	1	1	653	7	1	28	4395	0	0	47
6.527	1	1	653	8	1	28	4395	0	0	47
6.528	1	1	653	9	1	28	4395	0	0	47
6.529	1	1	653	10	1	28	4395	0	0	47
6.53	1	1	654	1	1	28	4395	0	0	47
6.531	1	1	654	2	1	28	4395	0	0	47
6.532	1	1	654	3	1	28	4395	0	0	47
6.533	1	1	654	4	1	28	4395	0	0	47
6.534	1	1	654	5	1	28	4395	0	0	47
6.535	1	1	654	6	1	28	4395	0	0	47
6.536	1	1	654	7	1	28	4395	0	0	47
6.537	1	1	654	8	1	28	4395	0	0	47
6.538	1	1	654	9	1	28	4395	0	0	47
6.539	1	1	654	10	1	28	4395	0	0	47
6.54	1	1	655	1	1	28	4395	0	0	47
6.541	1	1	655	2	1	28	4395	0	0	47
6.542	1	1	655	3	1	28	4395	0	0	47
6.543	1	1	655	4	1	28	4395	0	0	47
6.544	1	1	655	5	1	28	4395	0	0	47
6.545	1	1	655	6	1	28	4395	0	0	47
6.546	1	1	655	7	1	28	4395	0	0	47
6.547	1	1	655	8	1	28	4395	0	0	47
6.548	1	1	655	9	1	28	4395	0	0	47
6.549	1	1	655	10	1	28	4395	0	0	47
6.55	1	1	656	1	1	28	4395	0	0	47
6.551	1	1	656	2	1	28	4395	0	0	47
6.552	1	1	656	3	1	28	4395	0	0	47
6.553	1	1	656	4	1	28	4395	0	0	47
6.554	1	1	656	5	1	28	4395	0	0	47
6.555	1	1	656	6	1	28	4395	0	0	47
6.556	1	1	656	7	1	28	4395	0	0	47
6.557	1	1	656	8	1	28	4395	0	0	47
6.558	1	1	656	9	1	28	4395	0	0	47
6.559	1	1	656	10	1	28	4395	0	0	47
6.56	1	1	657	1	1	28	4395	0	0	47
6.561	1	1	657	2	1	28	4395	0	0	47
6.562	1	1	657	3	1	28	4395	0	0	47
6.563	1	1	657	4	1	28	4395	0	0	47
6.564	1	1	657	5	1	28	4395	0	0	47
6.565	1	1	657	6	1	28	4395	0	0	47
6.566	1	1	657	7	1	28	4395	0	0	47
6.567	1	1	657	8	1	28	4395	0	0	47
6.568	1	1	657	9	1	28	4395	0	0	47
6.569	1	1	657	10	1	28	4395	0	0	47
6.57	1	1	658	1	1	28	4395	0	0	47
6.571	1	1	658	2	1	28	4395	0	0	47
6.572	1	1	658	3	1	28	4395	0	0	47
6.573	1	1	658	4	1	28	4395	0	0	47
6.574	1	1	658	5	1	28	4395	0	0	47
6.575	1	1	658	6	1	28	4395	0	0	47
6.576	1	1	658	7	1	28	4395	0	0	47
6.577	1	1	658	8	1	28	4395	0	0	47
6.578	1	1	658	9	1	28	4395	0	0	47
6.579	1	1	658	10	1	28	4395	0	0	47
6.58	1	1	659	1	1	28	4395	0	0	47
6.581	1	1	659	2	1	28	4395	0	0	47
6.582	1	1	659	3	1	28	4395	0	0	47
6.583	1	1	659	4	1	28	4395	0	0	47
6.584	1	1	659	5	1	28	4395	0	0	47
6.585	1	1	659	6	1	28	4395	0	0	47
6.586	1	1	659	7	1	28	4395	0	0	47
6.587	1	1	659	8	1	28	4395	0	0	47
6.588	1	1	659	9	1	28	4395	0	0	47
6.589	1	1	659	10	1	28	4395	0	0	47
6.59	1	1	660	1	1	28	4395	0	0	47
6.591	1	1	660	2	1	28	4395	0	0	47
6.592	1	1	660	3	1	28	4395	0	0	47
6.593	1	1	660	4	1	28	4395	0	0	47
6.594	1	1	660	5	1	28	4395	0	0	47
6.595	1	1	660	6	1	28	4395	0	0	47
6.596	1	1	660	7	1	28	4395	0	0	47
6.597	1	1	660	8	1	28	4395	0	0	47
6.598	1	1	660	9	1	28	4395	0	0	47
6.599	1	1	660	10	1	28	4395	0	0	47
6.6	1	1	661	1	1	28	4395	0	0	47
6.601	1	1	661	2	1	28	4395	0	0	47
6.602	1	1	661	3	1	28	4395	0	0	47
6.603	1	1	661	4	1	28	4395	0	0	47
6.604	1	1	661	5	1	28	4395	0	0	47
6.605	1	1	661	6	1	28	4395	0	0	47
6.606	1	1	661	7	1	28	4395	0	0	47
6.607	1	1	661	8	1	28	4395	0	0	47
6.608	1	1	661	9	1	28	4395	0	0	47
6.609	1	1	661	10	1	28	4395	0	0	47
6.61	1	1	662	1	1	28	4395	0	0	47
6.611	1	1	662	2	1	28	4395	0	0	47
6.612	1	1	662	3	1	28	4395	0	0	47
6.613	1	1	662	4	1	28	4395	0	0	47
6.614	1	1	662	5	1	28	4395	0	0	47
6.615	1	1	662	6	1	28	4395	0	0	47
6.616	1	1	662	7	1	28	4395	0	0	47
6.617	1	1	662	8	1	28	4395	0	0	47
6.618	1	1	662	9	1	28	4395	0	0	47
6.619	1	1	662	10	1	28	4395	0	0	47
6.62	1	1	663	1	1	28	4395	0	0	47
6.621	1	1	663	2	1	28	4395	0	0	47
6.622	1	1	663	3	1	28	4395	0	0	47
6.623	1	1	663	4	1	28	4395	0	0	47
6.624	1	1	663	5	1	28	4395	0	0	47
6.625	1	1	663	6	1	28	4395	0	0	47
6.626	1	1	663	7	1	28	4395	0	0	47
6.836	1	1	684	7	1	28	4395	0	0	47
