0.1 0
0.2 0
0.3 0
0.4 0
0.5 0
0.6 0
0.7 0
0.8 0
0.9 0
1 0
1.1 0
1.2 0
1.3 0
1.4 0
1.5 0
1.6 0.224
1.7 0
1.8 0.336
1.9 0
2 0.336
2.1 0
2.2 0.56
2.3 0
2.4 1.008
2.5 0
2.6 1.344
2.7 0
2.8 2.016
2.9 0
3 3.024
3.1 0
3.2 4.704
3.3 0
3.4 5.04
3.5 0
3.6 4.928
3.7 0
3.8 5.04
3.9 0
4 4.928
4.1 0
4.2 4.928
4.3 0
4.4 4.928
4.5 0
4.6 4.928
4.7 0
4.8 4.928
4.9 0
5 4.928
5.1 0
5.2 4.928
5.3 0
5.4 5.04
5.5 0
5.6 4.928
5.7 0
5.8 4.928
5.9 0
6 5.04
6.1 0
6.2 0
6.3 4.928
6.4 0
6.5 5.04
6.6 0
6.7 4.928
6.8 0
6.9 4.928
7 0
7.1 4.928
7.2 0
7.3 4.928
7.4 0
7.5 4.928
7.6 0
7.7 4.928
7.8 0
7.9 4.928
8 0
8.1 4.928
8.2 0
8.3 4.928
8.4 0
8.5 4.928
8.6 0
8.7 4.928
8.8 0
8.9 4.928
9 0
9.1 4.928
9.2 0
9.3 4.928
9.4 0
9.5 4.928
9.6 0
9.7 4.928
9.8 0
9.9 4.928
10 0
10.1 4.928
10.2 0
10.3 4.928
10.4 0
10.5 4.928
10.6 0
10.7 4.928
10.8 0
10.9 4.928
11 0
11.1 4.928
11.2 0
11.3 4.928
11.4 0
11.5 4.928
11.6 0
11.7 2.912
11.8 2.016
11.9 2.912
12 2.016
12.1 2.912
12.2 2.016
12.3 2.912
12.4 2.016
12.5 2.912
12.6 2.016
12.7 2.912
12.8 2.016
12.9 2.912
13 2.016
13.1 2.688
13.2 2.24
13.3 2.688
13.4 2.24
13.5 2.688
13.6 2.24
13.7 2.688
13.8 2.24
13.9 2.688
14 2.24
14.1 2.688
14.2 2.24
14.3 2.688
14.4 2.24
14.5 2.688
14.6 2.24
14.7 2.576
14.8 2.352
14.9 2.464
15 2.464
15.1 2.464
15.2 2.464
15.3 2.464
15.4 2.464
15.5 2.464
15.6 2.464
15.7 2.464
15.8 2.464
15.9 2.464
16 2.464
16.1 2.464
16.2 2.464
16.3 2.352
16.4 2.576
16.5 2.24
16.6 2.688
16.7 2.24
16.8 2.688
16.9 2.24
17 2.688
17.1 2.24
17.2 2.688
17.3 2.24
17.4 2.688
17.5 2.24
17.6 2.688
17.7 2.24
17.8 2.688
17.9 2.24
18 2.688
18.1 2.24
18.2 2.688
18.3 2.24
18.4 2.688
18.5 2.24
18.6 2.688
18.7 2.24
18.8 2.688
18.9 2.24
19 2.688
19.1 2.24
19.2 2.688
19.3 2.128
19.4 2.8
19.5 2.016
19.6 2.912
19.7 2.016
19.8 2.912
19.9 2.016
20 2.912
20.1 2.016
20.2 2.912
20.3 2.016
20.4 2.912
20.5 1.792
20.6 3.136
20.7 1.792
20.8 3.136
20.9 1.792
21 3.136
21.1 1.792
21.2 3.136
21.3 1.792
21.4 3.136
21.5 1.792
21.6 3.136
21.7 1.792
21.8 3.136
21.9 1.792
22 3.136
22.1 1.568
22.2 3.36
22.3 1.568
22.4 3.36
22.5 1.568
22.6 3.36
22.7 1.568
22.8 3.36
22.9 1.568
23 3.36
23.1 1.456
23.2 3.472
23.3 1.344
23.4 3.584
23.5 1.344
23.6 3.584
23.7 1.344
23.8 3.584
23.9 1.344
24 3.584
24.1 1.344
24.2 3.584
24.3 1.344
24.4 3.584
24.5 1.344
24.6 3.584
24.7 1.344
24.8 3.584
24.9 1.344
25 3.584
25.1 1.344
25.2 3.584
25.3 1.344
25.4 3.584
25.5 1.344
25.6 3.584
25.7 1.344
25.8 3.584
25.9 1.344
26 3.584
26.1 1.344
26.2 3.584
26.3 1.344
26.4 3.584
26.5 1.12
26.6 3.808
26.7 1.12
26.8 3.808
26.9 1.12
27 3.808
27.1 1.12
27.2 3.808
27.3 1.12
27.4 3.808
27.5 1.12
27.6 3.808
27.7 1.12
27.8 3.808
27.9 1.12
28 3.808
28.1 1.12
28.2 3.808
28.3 1.12
28.4 3.808
28.5 1.12
28.6 3.808
28.7 1.12
28.8 3.808
28.9 1.12
29 3.808
29.1 1.12
29.2 3.808
29.3 1.12
29.4 3.808
29.5 1.12
29.6 3.808
29.7 1.12
29.8 3.808
29.9 1.12
30 3.808
30.1 1.008
30.2 3.92
30.3 1.008
30.4 3.92
30.5 0.896
30.6 4.032
30.7 0.896
30.8 4.032
30.9 0.896
31 4.032
31.1 0.896
31.2 4.032
31.3 0.896
31.4 4.032
31.5 0.896
31.6 4.032
31.7 0.896
31.8 4.032
31.9 0.896
32 4.032
32.1 0.896
32.2 4.032
32.3 0.896
32.4 4.032
32.5 0.896
32.6 4.032
32.7 0.896
32.8 4.032
32.9 0.896
33 4.032
33.1 0.896
33.2 4.032
33.3 0.896
33.4 4.032
33.5 0.896
33.6 4.032
33.7 0.896
33.8 4.032
33.9 0.896
34 4.032
34.1 0.896
34.2 4.032
34.3 0.896
34.4 4.032
34.5 0.896
34.6 4.032
34.7 0.896
34.8 4.032
34.9 0.896
35 4.032
35.1 0.896
35.2 4.032
35.3 0.896
35.4 1.328
35.5 0
35.6 0
35.7 0
35.8 0
35.9 0
36 0
36.1 0
36.2 0
36.3 0
36.4 0
36.5 0
36.6 0
36.7 0
36.8 0
36.9 0
37 0
37.1 0
37.2 0
37.3 0
37.4 0
37.5 0
37.6 0
37.7 0
37.8 0
37.9 0
38 0
38.1 0
38.2 0
38.3 0
38.4 0
38.5 0
38.6 0
38.7 0
38.8 0
38.9 0
39 0
39.1 0
39.2 0
39.3 0
39.4 0
39.5 0
39.6 0
39.7 0
39.8 0
39.9 0
40 0
40.1 0
40.2 0
40.3 0
40.4 0
40.5 0
40.6 0
40.7 0
40.8 0
40.9 0
41 0
41.1 0
41.2 0
41.3 0
41.4 0
41.5 0
41.6 0
41.7 0
41.8 0
41.9 0
42 0
42.1 0
42.2 0
42.3 0
42.4 0
42.5 0
42.6 0
42.7 0
42.8 0
42.9 0
43 0
43.1 0
43.2 0
43.3 0
43.4 0
43.5 0
43.6 0
43.7 0
43.8 0
43.9 0
44 0
44.1 0
44.2 0
44.3 0
44.4 0
44.5 0
44.6 0
44.7 0
44.8 0
44.9 0
45 0
45.1 0
45.2 0
45.3 0
45.4 0
45.5 0
45.6 0
45.7 0
45.8 0
45.9 0
46 0
46.1 0
46.2 0
46.3 0
46.4 0
46.5 0
46.6 0
46.7 0
46.8 0
46.9 0
47 0
47.1 0
47.2 0
47.3 0
47.4 0
47.5 0
47.6 0
47.7 0
47.8 0
47.9 0
48 0
48.1 0
48.2 0
48.3 0
48.4 0
48.5 0
48.6 0
48.7 0
48.8 0
48.9 0
49 0
49.1 0
49.2 0
49.3 0
49.4 0
49.5 0
49.6 0
49.7 0
49.8 0
49.9 0
50 0
50.1 0
50.2 0
50.3 0
50.4 0
50.5 0
50.6 0
50.7 0
50.8 0
50.9 0
51 0
51.1 0
51.2 0
51.3 0
51.4 0
51.5 0
51.6 0
51.7 0
51.8 0
51.9 0
52 0
52.1 0
52.2 0
52.3 0
52.4 0
52.5 0
52.6 0
52.7 0
52.8 0
52.9 0
53 0
53.1 0
53.2 0
53.3 0
53.4 0
53.5 0
53.6 0
53.7 0
53.8 0
53.9 0
54 0
54.1 0
54.2 0
54.3 0
54.4 0
54.5 0
54.6 0
54.7 0
54.8 0
54.9 0
55 0
55.1 0
55.2 0
55.3 0
55.4 0
55.5 0
55.6 0
55.7 0
55.8 0
55.9 0
56 0
56.1 0
56.2 0
56.3 0
56.4 0
56.5 0
56.6 0
56.7 0
56.8 0
56.9 0
57 0
57.1 0
57.2 0
57.3 0
57.4 0
57.5 0
57.6 0
57.7 0
57.8 0
57.9 0
58 0
58.1 0
58.2 0
58.3 0
58.4 0
58.5 0
58.6 0
58.7 0
58.8 0
58.9 0
59 0
59.1 0
59.2 0
59.3 0
59.4 0
59.5 0
59.6 0
59.7 0
59.8 0
59.9 0
